alpha	beta	x	y
-27090.116982954205	-48333.808477699924	9.99999999999999e-16	-27090.116982954227
-46699.71875226378	-25344.899007878856	0.9999999999999991	-25344.899007878874
-46699.71875226378	-25344.899007878856	0.9999999999999991	-25344.899007878874
-46386.82301690137	-25353.403077270857	0.9994997498749365	-25363.92504822617
-46076.72585889006	-25358.30836392926	0.998999499749874	-25379.037145815182
-45771.74069927467	-25362.04643117055	0.9984992496248114	-25392.676287500894
-45472.26106552244	-25365.126942898994	0.9979989994997489	-25405.36132833698
-45178.40984703139	-25367.787355371594	0.9974987493746864	-25417.33868726671
-44890.2110580657	-25370.164064160053	0.9969984992496238	-25428.75349985964
-44607.641193251366	-25372.344447966123	0.9964982491245613	-25439.70166518325
-44330.65115915197	-25374.388358510874	0.9959979989994988	-25450.251341204803
-44059.176526325486	-25376.338660552396	0.9954977488744362	-25460.4534883623
-43793.143436019745	-25378.227018572514	0.9949974987493737	-25470.347660980973
-43532.47203136759	-25380.07734193318	0.9944972486243112	-25479.965456782513
-43277.07843538309	-25381.907965870774	0.9939969984992487	-25489.332701055457
-43026.8763990573	-25383.73309719143	0.9934967483741861	-25498.470897553758
-42781.77821301187	-25385.563812282042	0.9929964982491236	-25507.398230296174
-42541.69517879328	-25387.408768857742	0.9924962481240611	-25516.130277686687
-42306.53849734203	-25389.274722266862	0.9919959979989985	-25524.680535374035
-42076.21928561453	-25391.166915813	0.991495747873936	-25533.060807902373
-41850.649071510634	-25393.08937456426	0.9909954977488735	-25541.281507903463
-41629.73988052221	-25395.04513514926	0.9904952476238109	-25549.35188860705
-41413.40441544903	-25397.03642547334	0.9899949974987484	-25557.280227274012
-41201.55628250646	-25399.064806779435	0.9894947473736859	-25565.073971857124
-40994.109867264924	-25401.13129104485	0.9889944972486233	-25572.7398596676
-40790.98063328366	-25403.236432322614	0.9884942471235608	-25580.28401442473
-40592.08517999883	-25405.380403265564	0.9879939969984983	-25587.712026397945
-40397.34088792109	-25407.563063386086	0.9874937468734357	-25595.02901917068
-40206.66663130004	-25409.78400369659	0.9869934967483732	-25602.239705706455
-40019.982182563996	-25412.04259847389	0.9864932466233107	-25609.34843577777
-39837.20855292512	-25414.338038559774	0.9859929964982481	-25616.359236359804
-39658.26791048772	-25416.66936408301	0.9854927463731856	-25623.275846246972
-39483.08364152042	-25419.03549049653	0.9849924962481231	-25630.1017458896
-39311.580236836	-25421.435233217362	0.9844922461230605	-25636.84018324848
-39143.68356388899	-25423.86732301968	0.983991995997998	-25643.494196310246
-38979.32044011319	-25426.33042950919	0.9834917458729355	-25650.06663278581
-38818.41908151941	-25428.823168396564	0.9829914957478729	-25656.56016741918
-38660.9086569684	-25431.344121285998	0.9824912456228104	-25662.97731725844
-38506.71969280818	-25433.891839512966	0.9819909954977479	-25669.320455180125
-38355.78384686993	-25436.464857117055	0.9814907453726854	-25675.59182190989
-38208.03391186352	-25439.061698775127	0.9809904952476228	-25681.793536742804
-38063.40377971859	-25441.68088737392	0.9804902451225603	-25687.927607134534
-37921.82856698234	-25444.320947422024	0.9799899949974978	-25693.995937308184
-37783.24440992561	-25446.98041412513	0.9794897448724352	-25700.00033599999
-37647.58867634584	-25449.657833402147	0.9789894947473727	-25705.942523449
-37514.79976422643	-25452.351769653305	0.9784892446223102	-25711.824137720672
-37384.817145389534	-25455.060808054346	0.9779889944972476	-25717.646740441927
-37257.58141052043	-25457.783556158643	0.9774887443721851	-25723.411822014725
-37133.034203629206	-25460.518647495304	0.9769884942471226	-25729.12080636583
-37011.1181986961	-25463.264743941098	0.97648824412206	-25734.775055283524
-36891.777124759734	-25466.020536601336	0.9759879939969975	-25740.37587238504
-36774.95570997191	-25468.784748313352	0.975487743871935	-25745.924506753217
-36660.59969303846	-25471.556134296683	0.9749874937468724	-25751.42215627623
-36548.655851985226	-25474.333482042122	0.9744872436218099	-25756.86997072002
-36439.071930918915	-25477.115613588583	0.9739869934967474	-25762.269054559667
-36331.796589855316	-25479.9013871808	0.9734867433716851	-25767.620469592886
-36226.779488433865	-25482.689695166933	0.9729864932466223	-25772.925237356245
-36123.971226197085	-25485.47946550537	0.9724862431215598	-25778.184341362332
-36023.323338250055	-25488.2696616969	0.9719859929964975	-25783.398729174136
-35924.78825028013	-25491.059283770468	0.9714857428714347	-25788.569314331286
-35828.31928584358	-25493.847367709943	0.9709854927463722	-25793.696978141044
-35733.870710295196	-25496.63298361476	0.9704852426213098	-25798.782571345706
-35641.397575705545	-25499.41523976068	0.9699849924962471	-25803.826915676997
-35550.85585034032	-25502.193278089533	0.9694847423711846	-25808.8308053068
-35462.202369162784	-25504.96627491434	0.9689844922461222	-25813.795008202695
-35375.394714245296	-25507.733443970665	0.9684842421210595	-25818.72026739604
-35290.39145980747	-25510.494027705034	0.967983991995997	-25823.607302169552
-35207.15177621624	-25513.247309244052	0.9674837418709346	-25828.45680917062
-35125.63580022671	-25515.992599396646	0.9669834917458722	-25833.269463456076
-35045.804351966464	-25518.729245054907	0.9664832416208095	-25838.04591947366
-34967.619089092106	-25521.456623044807	0.965982991495747	-25842.786811984894
-34891.042356442274	-25524.174144308658	0.9654827413706846	-25847.49275693359
-34816.037361809285	-25526.88124668182	0.9649824912456219	-25852.16435226408
-34742.56791435818	-25529.57740315724	0.9644822411205594	-25856.80217869265
-34670.59863005271	-25532.262113495948	0.963981990995497	-25861.406800435467
-34600.09483982829	-25534.934906396084	0.9634817408704343	-25865.978765896118
-34531.022558033495	-25537.59533959901	0.9629814907453718	-25870.518608315455
-34463.348453511935	-25540.242999954633	0.9624812406203094	-25875.026846386256
-34397.039946181794	-25542.877498583297	0.9619809904952467	-25879.503984835173
-34332.065033599836	-25545.498476506695	0.9614807403701842	-25883.95051497402
-34268.39245391663	-25548.105597149413	0.9609804902451218	-25888.366915222377
-34205.99157874967	-25550.69854939272	0.9604802401200591	-25892.753651603434
-34144.832344951035	-25553.27704932525	0.9599799899949966	-25897.111178214735
-34084.88535030476	-25555.84083526502	0.9594797398699342	-25901.43993767534
-34026.12188347998	-25558.389665255578	0.9589794897448717	-25905.740361550932
-33968.51367362218	-25560.923326583983	0.958479239619809	-25910.012870758164
-33912.03326208753	-25563.441618803023	0.9579789894947465	-25914.25787594955
-33856.65352449124	-25565.94437324992	0.9574787393696841	-25918.475777879998
-33802.348076968075	-25568.43143435708	0.9569784892446214	-25922.66696775606
-33749.0910945865	-25570.902666360606	0.9564782391195589	-25926.831827569044
-33696.85718807383	-25573.3579578987	0.9559779889944965	-25930.97073041267
-33645.62163780914	-25575.797210349203	0.9554777388694338	-25935.084040786398
-33595.360194808076	-25578.220345794925	0.9549774887443713	-25939.17211488507
-33546.04917324111	-25580.62730172196	0.9544772386193089	-25943.235300875665
-33497.66531356407	-25583.018036463975	0.9539769884942462	-25947.273939161936
-33450.18600712979	-25585.392517444543	0.9534767383691837	-25951.28836263751
-33403.58902869609	-25587.75073294581	0.9529764882441213	-25955.27889692807
-33357.85265410694	-25590.092685528267	0.9524762381190588	-25959.24586062331
-33312.955686820605	-25592.41838964677	0.9519759879939961	-25963.189565499048
-33268.877389109824	-25594.727874027263	0.9514757378689337	-25967.110316730126
-33225.59744676719	-25597.02118253168	0.9509754877438712	-25971.008413094507
-33183.09603080242	-25599.29837007447	0.9504752376188085	-25974.884147169058
-33141.35374592445	-25601.55950428481	0.949974987493746	-25978.737805517416
-33100.35168885151	-25603.804661484603	0.9494747373686835	-25982.569668870332
-33060.07124928542	-25606.033936298543	0.948974487243621	-25986.38001229888
-33020.494435631146	-25608.247423410507	0.9484742371185584	-25990.16910538086
-32981.60352832481	-25610.44523512582	0.9479739869934959	-25993.93721236079
-32943.3812111816	-25612.627493580218	0.9474737368684334	-25997.684592303656
-32905.81067827611	-25614.794323871753	0.9469734867433709	-26001.411499242873
-32868.87535716704	-25616.9458685233	0.9464732366183083	-26005.118182322647
-32832.55926026056	-25619.082266988866	0.9459729864932458	-26008.804885935017
-32796.84655316697	-25621.203679131486	0.9454727363681833	-26012.471849851787
-32761.721977081215	-25623.310260410286	0.9449724862431207	-26016.119309351663
-32727.170494019745	-25625.40218133156	0.9444722361180583	-26019.747495342763
-32693.17750765873	-25627.479613921067	0.9439719859929956	-26023.35663448066
-32659.72871285642	-25629.542739693807	0.9434717358679332	-26026.946949282294
-32626.81014667899	-25631.591745937327	0.9429714857428707	-26030.518658235756
-32594.408225916948	-25633.62682264131	0.942471235617808	-26034.071975906296
-32562.509704320808	-25635.64816423951	0.9419709854927456	-26037.60711303863
-32531.101623286835	-25637.655971896977	0.9414707353676831	-26041.124276655668
-32500.171337682572	-25639.650451244637	0.9409704852426204	-26044.623670153935
-32469.70647882083	-25641.631813999134	0.940470235117558	-26048.105493395728
-32439.69508880837	-25643.600268758113	0.9399699849924955	-26051.569942798153
-32410.125462498214	-25645.556030172935	0.939469734867433	-26055.017211419243
-32380.986143749782	-25647.499318623242	0.9389694847423704	-26058.447489041177
-32352.26599205213	-25649.430355286233	0.9384692346173079	-26061.860962250823
-32323.954148768986	-25651.349363612466	0.9379689844922454	-26065.257814517627
-32296.040064160497	-25653.256566857854	0.9374687343671828	-26068.63822626898
-32268.51332850168	-25655.15219869743	0.9369684842421203	-26072.002374963235
-32241.364036092047	-25657.036478259495	0.9364682341170578	-26075.35043516032
-32214.58231388759	-25658.909641060476	0.9359679839919952	-26078.682578590182
-32188.158630429	-25660.77191772122	0.9354677338669327	-26081.998974219125
-32162.083689522067	-25662.62354050389	0.9349674837418702	-26085.29978831398
-32136.348496914565	-25664.464738077357	0.9344672336168075	-26088.585184504413
-32110.944191791397	-25666.29574667717	0.9339669834917451	-26091.855323843298
-32085.86225488895	-25668.116794997477	0.9334667333666826	-26095.1103648652
-32061.09431116507	-25669.928117494157	0.9329664832416199	-26098.35046364319
-32036.632247096728	-25671.729945577234	0.9324662331165575	-26101.57577384394
-32012.46818442399	-25673.52250887481	0.931965982991495	-26104.78644678111
-31988.594388159076	-25675.30604142067	0.9314657328664323	-26107.98263146728
-31965.0034361155	-25677.0807687641	0.9309654827413699	-26111.1644746643
-31941.68801426256	-25678.846922452103	0.9304652326163074	-26114.332120932173
-31918.641064556774	-25680.60472867268	0.9299649824912449	-26117.48571267657
-31895.855718082224	-25682.354412675	0.9294647323661823	-26120.62539019497
-31873.325322657773	-25684.09619619486	0.9289644822411198	-26123.751291721495
-31851.043349654952	-25685.83030408771	0.9284642321160573	-26126.863553470463
-31829.00349072201	-25687.556956541142	0.9279639819909947	-26129.96230967874
-31807.19959034055	-25689.276373787412	0.9274637318659322	-26133.04769264695
-31785.625770229213	-25690.98876593237	0.9269634817408697	-26136.119832779466
-31764.27615864771	-25692.694353707848	0.9264632316158071	-26139.17885862339
-31743.145220624505	-25694.393342119663	0.9259629814907446	-26142.22489690642
-31722.227446317265	-25696.08594463437	0.9254627313656821	-26145.25807257372
-31701.51758040151	-25697.772364563814	0.9249624812406195	-26148.278508823776
-31681.01046000291	-25699.45280762938	0.924462231115557	-26151.28632714334
-31660.701157253126	-25701.12747002327	0.9239619809904945	-26154.281647341402
-31640.584753143514	-25702.79655652546	0.9234617308654319	-26157.264587582275
-31620.65662913689	-25704.460256197417	0.9229614807403694	-26160.23526441787
-31600.91223790843	-25706.118760829446	0.9224612306153069	-26163.193792819067
-31581.347175089264	-25707.77225871536	0.9219609804902444	-26166.14028620627
-31561.957134435022	-25709.42093810845	0.9214607303651818	-26169.074856479278
-31542.738041887897	-25711.064975480836	0.9209604802401193	-26171.997614046282
-31523.68584332816	-25712.70455323224	0.9204602301150568	-26174.90866785218
-31504.79667262095	-25714.33984506124	0.9199599799899942	-26177.808125406194
-31486.066795958683	-25715.971020334793	0.9194597298649317	-26180.696092808757
-31467.492544309454	-25717.598249702034	0.9189594797398692	-26183.572674777777
-31449.070428216626	-25719.221694757292	0.9184592296148066	-26186.43797467419
-31430.797032791015	-25720.841516938268	0.9179589794897441	-26189.29209452699
-31412.669063614463	-25722.457873218973	0.9174587293646816	-26192.135135057524
-31394.683355402933	-25724.070915010358	0.916958479239619	-26194.96719570329
-31376.836805605184	-25725.68079387094	0.9164582291145565	-26197.78837464114
-31359.126442962828	-25727.287655070028	0.915957978989494	-26200.598768809898
-31341.549433528453	-25728.891636680153	0.9154577288644314	-26203.398473932466
-31324.102943330676	-25730.492881970535	0.914957478739369	-26206.187584537434
-31306.78432717004	-25732.09152178346	0.9144572286143064	-26208.966193980115
-31289.59101580701	-25733.687684626708	0.9139569784892438	-26211.734394463136
-31272.52049074298	-25735.28149887049	0.9134567283641813	-26214.492277056557
-31255.57033684494	-25736.873087612184	0.9129564782391189	-26217.23993171749
-31238.738263892195	-25738.462566332295	0.9124562281140562	-26219.97744730928
-31222.0220073833	-25740.050052128077	0.9119559779889937	-26222.704911620287
-31205.41940938909	-25741.635655812897	0.9114557278639313	-26225.42241138218
-31188.92842077177	-25743.219481409134	0.9109554777388688	-26228.130032287852
-31172.546992404365	-25744.801636548607	0.9104552276138062	-26230.827859008932
-31156.273263491283	-25746.382213865963	0.9099549774887437	-26233.51597521292
-31140.10531885534	-25747.96131462231	0.9094547273636812	-26236.194463579883
-31124.041435156105	-25749.53902423417	0.9089544772386186	-26238.86340581886
-31108.079830964845	-25751.11543690445	0.9084542271135561	-26241.52288268387
-31092.218909012194	-25752.690631265476	0.9079539769884936	-26244.172973989538
-31076.45707976024	-25754.264687838273	0.907453726863431	-26246.813758626453
-31060.792802830863	-25755.837684782775	0.9069534767383685	-26249.445314576147
-31045.22463343543	-25757.40969298021	0.906453226613306	-26252.06771892575
-31029.75117880484	-25758.980780287966	0.9059529764882434	-26254.681047882354
-31014.37108829684	-25760.551012436044	0.9054527263631809	-26257.28537678707
-30999.083068958767	-25762.120451285355	0.9049524762381184	-26259.880780128755
-30983.885896374286	-25763.689153526524	0.9044522261130558	-26262.467331557506
-30968.77838271202	-25765.257173885482	0.9039519759879933	-26265.04510389784
-30953.759419869373	-25766.824560420362	0.9034517258629308	-26267.614169161567
-30938.82787053771	-25768.39136600446	0.9029514757378682	-26270.17459856047
-30923.982752857944	-25769.957628474236	0.9024512256128057	-26272.726462518673
-30909.22309029448	-25771.52338648983	0.9019509754877432	-26275.269830684785
-30894.54788753455	-25773.08868217047	0.9014507253626806	-26277.804771943724
-30879.956283158528	-25774.653544384808	0.9009504752376181	-26280.331354428432
-30865.44740818991	-25776.218003992868	0.9004502251125556	-26282.849645531245
-30851.020428091488	-25777.78208921617	0.899949974987493	-26285.359711915055
-30836.67456732004	-25779.34582280185	0.8994497248624305	-26287.861619524294
-30822.409103018283	-25780.909222564278	0.898949474737368	-26290.35543359565
-30808.22332188636	-25782.472306111136	0.8984492246123055	-26292.841218668604
-30794.11654008436	-25784.03508856582	0.8979489744872429	-26295.319038595728
-30780.088127364834	-25785.597579732068	0.8974487243621804	-26297.788956552842
-30766.137482480673	-25787.15978676614	0.8969484742371179	-26300.25103504888
-30752.26400444784	-25788.721717418895	0.8964482241120553	-26302.705335935654
-30738.46716657549	-25790.283371449834	0.8959479739869928	-26305.15192041739
-30724.74646957594	-25791.8447458825	0.8954477238619303	-26307.590849060056
-30711.101389964442	-25793.405840987587	0.8949474737368677	-26310.022181800567
-30697.531500235164	-25794.966646187935	0.8944472236118052	-26312.445977955806
-30684.03633615461	-25796.52715551303	0.8939469734867427	-26314.8622962314
-30670.615501841836	-25798.087355192507	0.8934467233616801	-26317.271194730434
-30657.268612011958	-25799.64723037668	0.8929464732366176	-26319.67273096195
-30643.995272159897	-25801.206767501313	0.8924462231115551	-26322.066961849287
-30630.79517880118	-25802.76594218267	0.8919459729864925	-26324.45394373825
-30617.667981350416	-25804.324735760343	0.89144572286143	-26326.833732405194
-30604.613375103883	-25805.883124073036	0.8909454727363675	-26329.2063830649
-30591.631083811742	-25807.441079467095	0.8904452226113049	-26331.571950378293
-30578.7208524699	-25808.998571606728	0.8899449724862424	-26333.930488460108
-30565.882415562326	-25810.55557136245	0.8894447223611799	-26336.2820508863
-30553.115530119496	-25812.11204672234	0.8889444722361173	-26338.626690701418
-30540.420003706655	-25813.667959214286	0.8884442221110548	-26340.964460425796
-30527.795611549504	-25815.223274211883	0.8879439719859923	-26343.295412062624
-30515.24217824589	-25816.777950680593	0.8874437218609298	-26345.619597104906
-30502.75951935049	-25818.331948474206	0.8869434717358672	-26347.937066542265
-30490.347473977963	-25819.885224193848	0.8864432216108047	-26350.247870867686
-30478.00589393408	-25821.437732518945	0.8859429714857422	-26352.552060084057
-30465.734621890013	-25822.989428997083	0.8854427213606796	-26354.849683710683
-30453.533558603485	-25824.540261339538	0.8849424712356171	-26357.14079078962
-30441.40255290786	-25826.090183615524	0.8844422211105546	-26359.42542989193
-30429.341506961973	-25827.639142605167	0.883941970985492	-26361.703649123818
-30417.350318750352	-25829.187085221074	0.8834417208604295	-26363.975496132694
-30405.428901082363	-25830.73395600836	0.882941470735367	-26366.241018113073
-30393.577143002436	-25832.279702243446	0.8824412206103044	-26368.500261812416
-30381.794978340273	-25833.82426483944	0.8819409704852419	-26370.75327353689
-30370.082340825535	-25835.367584244683	0.8814407203601794	-26373.000099156972
-30358.439158313613	-25836.9096012284	0.8809404702351168	-26375.240784112986
-30346.865372824122	-25838.4502541834	0.8804402201100543	-26377.475373420588
-30335.360888975214	-25839.989486120798	0.8799399699849918	-26379.703911676108
-30323.925718106413	-25841.527225038037	0.8794397198599292	-26381.92644306179
-30312.559744600323	-25843.06341576405	0.8789394697348667	-26384.143011351036
-30301.262971489992	-25844.59798638661	0.8784392196098042	-26386.353659913435
-30290.03532262687	-25846.130875377185	0.8779389694847416	-26388.558431719823
-30278.876786507983	-25847.662011762033	0.8774387193596791	-26390.757369347208
-30267.78729595962	-25849.19133180042	0.8769384692346166	-26392.950514983597
-30256.76683567218	-25850.7187640092	0.876438219109554	-26395.137910432793
-30245.815368718984	-25852.244239405347	0.8759379689844915	-26397.319597119098
-30234.93284169188	-25853.7676908494	0.875437718859429	-26399.495616091914
-30224.119251726068	-25855.289043522578	0.8749374687343665	-26401.66600803027
-30213.37452394399	-25856.80823236358	0.8744372186093039	-26403.830813247365
-30202.69864470427	-25858.325183086796	0.8739369684842414	-26405.990071694905
-30192.091599460506	-25859.839820989953	0.8734367183591789	-26408.14382296747
-30181.553347688063	-25861.352074609997	0.8729364682341163	-26410.292106306762
-30171.08383285655	-25862.861874353574	0.8724362181090538	-26412.43496060583
-30160.68304370363	-25864.369143553537	0.8719359679839913	-26414.57242441318
-30150.35092205819	-25865.87381192239	0.8714357178589287	-26416.70453593685
-30140.08743336549	-25867.37580525875	0.8709354677338662	-26418.83133304842
-30129.8925315494	-25868.875050603056	0.8704352176088037	-26420.95285328695
-30119.766210417823	-25870.371468593028	0.8699349674837411	-26423.06913386289
-30109.708373825117	-25871.864992832965	0.8694347173586786	-26425.18021166186
-30099.71902845363	-25873.35554111618	0.8689344672336161	-26427.286123248454
-30089.798077388874	-25874.843046360424	0.8684342171085535	-26429.386904869923
-30079.945480537026	-25876.327432544942	0.867933966983491	-26431.48259245986
-30070.16117719153	-25877.808626358776	0.8674337168584285	-26433.57322164176
-30060.44512201315	-25879.28655174953	0.8669334667333659	-26435.658827732586
-30050.797236746555	-25880.761137318394	0.8664332166083034	-26437.73944574627
-30041.217453613877	-25882.23230971423	0.8659329664832409	-26439.815110397125
-30031.705735858683	-25883.699990407167	0.8654327163581783	-26441.885856103247
-30022.2619491705	-25885.1641156661	0.8649324662331158	-26443.951716989857
-30012.886052783906	-25886.624606917736	0.8644322161080533	-26446.012726892593
-30003.57795749693	-25888.08139279844	0.8639319659829908	-26448.06891936072
-29994.337568190742	-25889.534402593865	0.8634317158579282	-26450.120327660374
-29985.164795242334	-25890.983564448776	0.8629314657328657	-26452.16698477766
-29976.05955417996	-25892.428805406416	0.8624312156078032	-26454.20892342179
-29967.02172844163	-25893.870057359414	0.8619309654827406	-26456.246176028097
-29958.05121248607	-25895.30725022579	0.8614307153576781	-26458.278774761107
-29949.147902052093	-25896.740313488033	0.8609304652326156	-26460.306751517455
-29940.311677373833	-25898.1691789142	0.8604302151075531	-26462.330137928828
-29931.54241536013	-25899.593778629147	0.8599299649824905	-26464.348965364854
-29922.839995573828	-25901.014044150597	0.859429714857428	-26466.363264935957
-29914.204275811022	-25902.429910393745	0.8589294647323655	-26468.373067496133
-29905.63514533802	-25903.841306968043	0.8584292146073029	-26470.378403645736
-29897.132437977423	-25905.248172465926	0.8579289644822404	-26472.379303734197
-29888.695991703687	-25906.65044474445	0.8574287143571779	-26474.375797862704
-29880.325698619	-25908.048052570222	0.8569284642321153	-26476.367915886858
-29872.02136684488	-25909.440938590356	0.8564282141070528	-26478.3556874193
-29863.782860261344	-25910.82903610018	0.8559279639819903	-26480.339141832254
-29855.60999003356	-25912.21228718843	0.8554277138569277	-26482.31830826009
-29847.50258515061	-25913.590630950515	0.8549274637318652	-26484.293215601858
-29839.46047674198	-25914.964006102415	0.8544272136068027	-26486.263892523686
-29831.4834647263	-25916.33235668132	0.8539269634817401	-26488.23036746128
-29823.57137058898	-25917.69562309112	0.8534267133566776	-26490.192668622323
-29815.723996923458	-25919.053749007708	0.8529264632316151	-26492.150823988817
-29807.941147807996	-25920.406677919134	0.8524262131065525	-26494.104861319443
-29800.222612272417	-25921.754355997047	0.85192596298149	-26496.054808151883
-29792.568179505382	-25923.096729497778	0.8514257128564275	-26498.000691805064
-29784.977628394347	-25924.433746597264	0.8509254627313649	-26499.942539381424
-29777.45074436533	-25925.76535446781	0.8504252126063024	-26501.880377769143
-29769.987300200613	-25927.091502645544	0.84992496248124	-26503.814233644305
-29762.58705551349	-25928.412143170255	0.8494247123561774	-26505.744133473065
-29755.249779933627	-25929.72722650803	0.848924462231115	-26507.6701035138
-29747.97523610501	-25931.036704557024	0.8484242121060525	-26509.592169819178
-29740.763160499446	-25932.340534115876	0.8479239619809898	-26511.510358238243
-29733.61330738704	-25933.638669061096	0.8474237118559274	-26513.424694418485
-29726.525421049846	-25934.93106531046	0.8469234617308649	-26515.335203807837
-29719.499240225527	-25936.21768005463	0.8464232116058023	-26517.241911656667
-29712.534493631352	-25937.49847259494	0.8459229614807398	-26519.144843019763
-29705.630899954955	-25938.773404383268	0.8454227113556773	-26521.044022758284
-29698.788188859296	-25940.04243520505	0.8449224612306147	-26522.93947554163
-29692.006084431996	-25941.305526193482	0.8444222111055522	-26524.8312258494
-29685.284289250387	-25942.56264279926	0.8439219609804897	-26526.719297973224
-29678.62251312363	-25943.81374953349	0.843421710855427	-26528.60371601859
-29672.020461895623	-25945.058812032257	0.8429214607303646	-26530.484503906744
-29665.47783370859	-25946.297797772677	0.8424212106053021	-26532.36168537639
-29658.994319195353	-25947.530676067334	0.8419209604802395	-26534.235283985523
-29652.56959841563	-25948.757418671536	0.841420710355177	-26536.1053231132
-29646.203374222936	-25949.977993511944	0.8409204602301145	-26537.97182596122
-29639.8953358106	-25951.1923715313	0.8404202101050519	-26539.834815555863
-29633.64513893831	-25952.400530508734	0.8399199599799894	-26541.694314749588
-29627.45246575022	-25953.602443738582	0.8394197098549269	-26543.550346222695
-29621.316977121427	-25954.79808909021	0.8389194597298644	-26545.402932484936
-29615.23835296385	-25955.98744131934	0.8384192096048018	-26547.252095877207
-29609.21624123784	-25957.170481866622	0.8379189594797393	-26549.097858573114
-29603.250299185245	-25958.347190969736	0.8374187093546768	-26550.940242580564
-29597.340186553618	-25959.517548954223	0.8369184592296142	-26552.77926974332
-29591.485558858105	-25960.68153754598	0.8364182091045517	-26554.614961742613
-29585.686046882103	-25961.839143913658	0.8359179589794892	-26556.447340098577
-29579.94130850139	-25962.99035055122	0.8354177088544266	-26558.276426171837
-29574.2509629199	-25964.135148187663	0.8349174587293641	-26560.102241164972
-29568.614673732525	-25965.27351944627	0.8344172086043016	-26561.924806123985
-29563.032064605748	-25966.405455482003	0.833916958479239	-26563.744141939776
-29557.502756297734	-25967.530948729083	0.8334167083541766	-26565.560269349575
-29552.02637305927	-25968.649991631206	0.8329164582291139	-26567.37320893835
-29546.602554140794	-25969.762574316213	0.8324162081040515	-26569.182981140246
-29541.230912587198	-25970.868692870925	0.831915957978989	-26570.989606239946
-29535.9110729085	-25971.96834180118	0.8314157078539265	-26572.793104374054
-29530.642644027124	-25973.061519499195	0.8309154577288639	-26574.593495532434
-29525.42524017061	-25974.148224037228	0.8304152076038014	-26576.3907995596
-29520.258480528417	-25975.22845322251	0.8299149574787389	-26578.18503615598
-29515.141963516882	-25976.302209875983	0.8294147073536763	-26579.97622487926
-29510.07529709963	-25977.36949565367	0.8289144572286138	-26581.764385145678
-29505.05809316518	-25978.430312180357	0.8284142071035513	-26583.54953623128
-29500.089946157324	-25979.484665480966	0.8279139569784886	-26585.3316972732
-29495.170463646293	-25980.53255967147	0.8274137068534262	-26587.110887270926
-29490.299233632337	-25981.5740037587	0.8269134567283637	-26588.887125087505
-29485.475864022992	-25982.609003423768	0.826413206603301	-26590.66042945075
-29480.699944244734	-25983.637569044786	0.8259129564782386	-26592.430818954534
-29475.971069011168	-25984.65971074108	0.8254127063531761	-26594.198312059874
-29471.288818979036	-25985.675442463616	0.8249124562281134	-26595.962927096134
-29466.65280062918	-25986.68477355672	0.824412206103051	-26597.72468226229
-29462.062596395033	-25987.68771932557	0.8239119559779885	-26599.48359562795
-29457.517797679808	-25988.684294047966	0.8234117058529258	-26601.239685134533
-29453.017983911905	-25989.674515452614	0.8229114557278634	-26602.99296859648
-29448.562750435303	-25990.65839874467	0.8224112056028009	-26604.743463702238
-29444.151668171795	-25991.635965291374	0.8219109554777382	-26606.491188015454
-29439.784331171508	-25992.607232378097	0.8214107053526758	-26608.236158976022
-29435.460316408095	-25993.572221897826	0.8209104552276133	-26609.97839390117
-29431.17922009168	-25994.530952469606	0.8204102051025506	-26611.717909986528
-29426.940607074197	-25995.48345048404	0.8199099549774882	-26613.454724307183
-29422.744068954282	-25996.42973741825	0.8194097048524257	-26615.188853818705
-29418.589184913675	-25997.369838400904	0.8189094547273632	-26616.920315358195
-29414.475526082497	-25998.303781293995	0.8184092046023006	-26618.649125645286
-29410.402688864757	-25999.23158930783	0.8179089544772381	-26620.37530128318
-29406.370236281065	-26000.153294013373	0.8174087043521756	-26622.0988587596
-29402.377763047076	-26001.06892088544	0.816908454227113	-26623.8198144478
-29398.42484098218	-26001.9785014645	0.8164082041020505	-26625.538184607565
-29394.511052860176	-26002.882065808895	0.815907953976988	-26627.25398538612
-29390.635976791913	-26003.779645993356	0.8154077038519255	-26628.967232819105
-29386.79919988401	-26004.671273028347	0.8149074537268629	-26630.67794283155
-29383.000294457997	-26005.55698224963	0.8144072036018004	-26632.386131238778
-29379.23884797159	-26006.43680653682	0.8139069534767379	-26634.091813747295
-29375.514442555617	-26007.310780954707	0.8134067033516753	-26635.79500595578
-29371.82665069287	-26008.178943771927	0.8129064532266128	-26637.495723355936
-29368.175070939953	-26009.041328253043	0.8124062031015503	-26639.19398133338
-29364.55927585357	-26009.89797462783	0.8119059529764877	-26640.889795168543
-29360.978846522627	-26010.748922167724	0.8114057028514252	-26642.58318003756
-29357.43338980439	-26011.594205138255	0.8109054527263627	-26644.274151013095
-29353.92247176592	-26012.433868276596	0.8104052026013001	-26645.96272306522
-29350.4456808473	-26013.267952125694	0.8099049524762376	-26647.648911062268
-29347.00261722092	-26014.09649545883	0.8094047023511751	-26649.332729771668
-29343.592866304214	-26014.919541496234	0.8089044522261125	-26651.01419386074
-29340.21602027162	-26015.737132867103	0.80840420210105	-26652.693317897585
-29336.871666197258	-26016.54931440714	0.8079039519759875	-26654.370116351816
-29333.55939729263	-26017.356130501594	0.8074037018509249	-26656.044603595416
-29330.278817128197	-26018.157624055588	0.8069034517258624	-26657.716793903528
-29327.02952554372	-26018.953839840906	0.8064032016007999	-26659.38670145521
-29323.811101388623	-26019.74482867122	0.8059029514757373	-26661.05434033423
-29320.623158972598	-26020.53063384773	0.8054027013506748	-26662.71972452986
-29317.46530640299	-26021.311301125006	0.8049024512256123	-26664.38286793762
-29314.337136726932	-26022.086880892653	0.8044022011005497	-26666.04378435999
-29311.23825694926	-26022.85742115922	0.8039019509754872	-26667.702487507242
-29308.16827170829	-26023.6229714968	0.8034017008504247	-26669.35899099811
-29305.126802738487	-26024.38357827649	0.8029014507253622	-26671.013308360547
-29302.11344830991	-26025.139294594406	0.8024012006002996	-26672.665453032438
-29299.1278309277	-26025.89016858326	0.8019009504752371	-26674.31543836235
-29296.16956204519	-26026.636252066673	0.8014007003501746	-26675.963277610183
-29293.238256318135	-26027.377597062638	0.800900450225112	-26677.608983947925
-29290.33354366377	-26028.11425276772	0.8004002001000495	-26679.25257046033
-29287.455031861686	-26028.846274856995	0.799899949974987	-26680.89405014558
-29284.602364521576	-26029.573711028108	0.7993996998499244	-26682.533435915993
-29281.775153743816	-26030.296617815784	0.7988994497248619	-26684.17074059871
-29278.973030481153	-26031.015048002406	0.7983991995997994	-26685.805976936343
-29276.195645059714	-26031.729050415972	0.7978989494747368	-26687.439157587596
-29273.442603814972	-26032.438685957233	0.7973986993496743	-26689.07029512801
-29270.71355564426	-26033.144005717153	0.7968984492246118	-26690.699402050523
-29268.008153036706	-26033.84506077614	0.7963981990995492	-26692.32649076616
-29265.326025571798	-26034.541908989584	0.7958979489744867	-26693.951573604663
-29262.666815340348	-26035.234605970538	0.7953976988494242	-26695.57466281509
-29260.030184387102	-26035.923203123755	0.7948974487243616	-26697.195770566464
-29257.415764603946	-26036.607760538795	0.7943971985992991	-26698.81490894839
-29254.823237037766	-26037.28832652413	0.7938969484742366	-26700.432089971662
-29252.25223225668	-26037.964963360708	0.793396698349174	-26702.04732556883
-29249.702420040943	-26038.63772407897	0.7928964482241115	-26703.660627594858
-29247.17346174196	-26039.306664788273	0.792396198099049	-26705.272007827683
-29244.665023821715	-26039.971841155893	0.7918959479739865	-26706.881477968793
-29242.17677034799	-26040.633310368437	0.7913956978489239	-26708.489049643813
-29239.70838588029	-26041.291125094154	0.7908954477238614	-26710.094734403112
-29237.25953317501	-26041.945344620624	0.790395197598799	-26711.69854372232
-29234.82989284401	-26042.596024396677	0.7898949474737363	-26713.300489002922
-29232.419143099916	-26043.243221368204	0.7893946973486738	-26714.900581572834
-29230.026976543013	-26043.886989499013	0.7888944472236114	-26716.49883268689
-29227.653070783963	-26044.527387601378	0.7883941970985487	-26718.09525352746
-29225.29711911354	-26045.16447114323	0.7878939469734862	-26719.689855204968
-29222.95881595144	-26045.79829611733	0.7873936968484238	-26721.2826487584
-29220.63786219617	-26046.428917591238	0.7868934467233611	-26722.873645155873
-29218.333956003444	-26047.056392189286	0.7863931965982986	-26724.46285529516
-29216.046798399697	-26047.680776577523	0.7858929464732362	-26726.050290004183
-29213.776097565926	-26048.30212628487	0.7853926963481735	-26727.635960041538
-29211.521561595102	-26048.920497662264	0.784892446223111	-26729.219876097042
-29209.28290868099	-26049.535945085518	0.7843921960980486	-26730.802048792197
-29207.059848264096	-26050.148526115263	0.783891945972986	-26732.382488680694
-29204.852113372337	-26050.758292593484	0.7833916958479235	-26733.961206248936
-29202.6594198775	-26051.365301849397	0.782891445722861	-26735.53821191653
-29200.481495366734	-26051.969608742264	0.7823911955977984	-26737.113516036734
-29198.318068138324	-26052.571268686363	0.7818909454727359	-26738.687128896996
-29196.168873991042	-26053.170335751565	0.7813906953476734	-26740.259060719378
-29194.03366009392	-26053.76686154986	0.7808904452226108	-26741.829321661065
-29191.912151781573	-26054.36090453574	0.7803901950975483	-26743.39792181484
-29189.80410294519	-26054.952515876816	0.7798899449724858	-26744.964871209526
-29187.709263406872	-26055.541748574215	0.7793896948474233	-26746.530179810434
-29185.627377348268	-26056.12865792825	0.7788894447223607	-26748.09385751987
-29183.558209224328	-26056.713294186735	0.7783891945972982	-26749.655914177558
-29181.50150500395	-26057.29571353106	0.7778889444722357	-26751.21635956106
-29179.4570440818	-26057.87596329006	0.7773886943471731	-26752.77520338627
-29177.42457621132	-26058.45409991637	0.7768884442221106	-26754.332455307842
-29175.403877603912	-26059.030172954437	0.7763881940970481	-26755.88812491958
-29173.39472041961	-26059.60423374605	0.7758879439719855	-26757.442221754933
-29171.3968820315	-26060.176332766026	0.775387693846923	-26758.994755287385
-29169.41014618673	-26060.746519265864	0.7748874437218605	-26760.545734930893
-29167.434284063067	-26061.314846768786	0.7743871935967979	-26762.095170040284
-29165.469093873777	-26061.88136155304	0.7738869434717354	-26763.643069911708
-29163.514360298817	-26062.44611442879	0.7733866933466729	-26765.18944378303
-29161.56987875075	-26063.00915366651	0.7728864432216103	-26766.734300834218
-29159.635449139354	-26063.57052679207	0.7723861930965478	-26768.277650187778
-29157.710867837195	-26064.13028294469	0.7718859429714853	-26769.819500909165
-29155.795940918295	-26064.688468970537	0.7713856928464227	-26771.35986200712
-29153.890478902256	-26065.245130946532	0.7708854427213602	-26772.89874243414
-29151.99429083903	-26065.800315926896	0.7703851925962977	-26774.43615108681
-29150.107191609204	-26066.354069769575	0.7698849424712351	-26775.97209680621
-29148.229003748405	-26066.906436567126	0.7693846923461726	-26777.506588378317
-29146.359540288893	-26067.457463774022	0.7688844422211101	-26779.03963453434
-29144.498636260432	-26068.007192753732	0.7683841920960475	-26780.571243951134
-29142.6461141513	-26068.555669128127	0.767883941970985	-26782.101425251567
-29140.801806244803	-26069.102936061867	0.7673836918459225	-26783.630187004874
-29138.96555241743	-26069.64903489223	0.76688344172086	-26785.15753772702
-29137.13718660046	-26070.194009225772	0.7663831915957974	-26786.68348588109
-29135.316557367318	-26070.737898672425	0.7658829414707349	-26788.208039877634
-29133.503504058877	-26071.280746103475	0.7653826913456724	-26789.731208075005
-29131.697879965388	-26071.822590567	0.7648824412206098	-26791.252998779728
-29129.89953706642	-26072.363471934037	0.7643821910955473	-26792.77342024687
-29128.108330161933	-26072.903429629063	0.7638819409704848	-26794.292480680346
-29126.324117283977	-26073.44250249214	0.7633816908454222	-26795.81018823328
-29124.54676287294	-26073.98072777964	0.7628814407203597	-26797.326551008366
-29122.776133255076	-26074.51814254799	0.7623811905952972	-26798.841577058178
-29121.012092498422	-26075.05478494245	0.7618809404702347	-26800.355274385496
-29119.254521500876	-26075.590688226344	0.7613806903451721	-26801.86765094368
-29117.503286813004	-26076.125890508003	0.7608804402201096	-26803.378714636965
-29115.75827249283	-26076.66042476591	0.7603801900950471	-26804.888473320785
-29114.019356042005	-26077.194326378703	0.7598799399699845	-26806.39693480211
-29112.28642594402	-26077.72762759791	0.759379689844922	-26807.90410683977
-29110.559370751598	-26078.260360969078	0.7588794397198595	-26809.409997144754
-29108.838079864785	-26078.792559085083	0.7583791895947969	-26810.91461338053
-29107.12244679611	-26079.324253540763	0.7578789394697344	-26812.41796316337
-29105.41237078272	-26079.855474399985	0.7573786893446719	-26813.92005406263
-29103.707751554735	-26080.386251852597	0.7568784392196093	-26815.42089360109
-29102.00849118381	-26080.916615618196	0.7563781890945468	-26816.920489255244
-29100.31449647471	-26081.44659416482	0.7558779389694843	-26818.41884845558
-29098.625679130622	-26081.97621463599	0.7553776888444217	-26819.915978586905
-29096.941949971202	-26082.50550470802	0.7548774387193592	-26821.41188698864
-29095.263219636494	-26083.034492365852	0.7543771885942967	-26822.906580955092
-29093.589416163853	-26083.563200166653	0.7538769384692342	-26824.40006773575
-29091.92044951918	-26084.09165677536	0.7533766883441716	-26825.892354535594
-29090.256248400077	-26084.619884965156	0.7528764382191091	-26827.383448515357
-29088.596743805727	-26085.14790694347	0.7523761880940466	-26828.873356791806
-29086.941858292168	-26085.675747888738	0.751875937968984	-26830.362086438065
-29085.291524169148	-26086.203429967427	0.7513756878439215	-26831.849644483813
-29083.645681651633	-26086.7309729053	0.750875437718859	-26833.336037915644
-29082.004264584124	-26087.258398702248	0.7503751875937964	-26834.821273677266
-29080.36721189464	-26087.785727841037	0.7498749374687339	-26836.305358669855
-29078.734469678457	-26088.312978568607	0.7493746873436713	-26837.788299752217
-29077.105981165278	-26088.840170229552	0.7488744372186088	-26839.270103741175
-29075.4816906422	-26089.367321960555	0.7483741870935463	-26840.750777411715
-29073.86155746364	-26089.894447963532	0.7478739369684837	-26842.230327497327
-29072.2455264572	-26090.42156744239	0.7473736868434212	-26843.708760690257
-29070.633556675784	-26090.948694924195	0.7468734367183587	-26845.186083641707
-29069.025604271505	-26091.47584601588	0.7463731865932961	-26846.662302962155
-29067.421632362573	-26092.003034056183	0.7458729364682336	-26848.13742522159
-29065.821600854193	-26092.530273562243	0.7453726863431711	-26849.61145694974
-29064.225473887414	-26093.057577693355	0.7448724362181085	-26851.084404636313
-29062.633225398375	-26093.584956323473	0.744372186093046	-26852.556274731316
-29061.04481637894	-26094.112423827002	0.7438719359679835	-26854.027073645208
-29059.46022263423	-26094.639989555355	0.743371685842921	-26855.496807749183
-29057.87941678182	-26095.16766400108	0.7428714357178584	-26856.96548337542
-29056.302377421554	-26095.695455630546	0.7423711855927959	-26858.433106817327
-29054.729082759106	-26096.22337307579	0.7418709354677334	-26859.899684329714
-29053.159510294943	-26096.751425245322	0.7413706853426708	-26861.365222129094
-29051.593646433375	-26097.27961796688	0.7408704352176083	-26862.829726393917
-29050.03147211631	-26097.80795898502	0.7403701850925458	-26864.29320326473
-29048.472977604644	-26098.336452789506	0.7398699349674832	-26865.75565884447
-29046.91814586326	-26098.865106429916	0.7393696848424207	-26867.217099198686
-29045.366975221223	-26099.393921540697	0.7388694347173582	-26868.677530355722
-29043.81945203674	-26099.92290395692	0.7383691845922956	-26870.13695830697
-29042.275573337145	-26100.45205572645	0.7378689344672331	-26871.595389007096
-29040.73533387331	-26100.981379672045	0.7373686843421706	-26873.052828374228
-29039.198732757774	-26101.510877031582	0.736868434217108	-26874.5092822902
-29037.66576984768	-26102.040548733166	0.7363681840920455	-26875.964756600777
-29036.136446682467	-26102.570395055165	0.735867933966983	-26877.419257115806
-29034.61076630285	-26103.100415683788	0.7353676838419204	-26878.872789609493
-29033.08873310509	-26103.6306097588	0.7348674337168579	-26880.3253598206
-29031.5703536712	-26104.16097556703	0.7343671835917954	-26881.77697345263
-29030.055635202112	-26104.691511100442	0.7338669334667328	-26883.227636174026
-29028.544590281555	-26105.22221232139	0.7333666833416703	-26884.677353618423
-29027.037229913436	-26105.753075675406	0.7328664332166078	-26886.126131384815
-29025.533561970813	-26106.28409866533	0.7323661830915453	-26887.573975037732
-29024.03360746703	-26106.815273904693	0.7318659329664827	-26889.020890107502
-29022.537378061774	-26107.346597318432	0.7313656828414202	-26890.466882090408
-29021.044888962984	-26107.87806343546	0.7308654327163577	-26891.911956448872
-29019.556164749556	-26108.40966322242	0.7303651825912951	-26893.35611861168
-29018.071220047103	-26108.941391191856	0.7298649324662326	-26894.799373974165
-29016.590079017828	-26109.473238216895	0.7293646823411701	-26896.24172789839
-29015.112759688967	-26110.005197316073	0.7288644322161075	-26897.68318571333
-29013.63929298855	-26110.53725658288	0.728364182091045	-26899.123752715088
-29012.169694315784	-26111.06940975407	0.7278639319659825	-26900.563434167063
-29010.703996560587	-26111.60164390606	0.7273636818409199	-26902.002235300115
-29009.242224819376	-26112.133948873296	0.7268634317158574	-26903.440161312796
-29007.784405251827	-26112.666313948237	0.7263631815907949	-26904.877217371482
-29006.330570557802	-26113.198725807637	0.7258629314657323	-26906.313408610586
-29004.880748656145	-26113.73117276765	0.7253626813406698	-26907.748740132727
-29003.434971385057	-26114.263641503792	0.7248624312156073	-26909.183217008893
-29001.99327124469	-26114.796118271515	0.7243621810905447	-26910.61684427863
-29000.555682207323	-26115.328588593708	0.7238619309654822	-26912.049626950244
-28999.122233381637	-26115.86103967618	0.7233616808404197	-26913.481570000902
-28997.692964394486	-26116.39345453342	0.7228614307153571	-26914.91267837686
-28996.26791195029	-26116.925817103787	0.7223611805902947	-26916.342956993638
-28994.847109823706	-26117.458112265816	0.7218609304652323	-26917.772410736146
-28993.430595042486	-26117.990323463673	0.7213606803401696	-26919.20104445887
-28992.018406543426	-26118.522433211605	0.7208604302151072	-26920.628862986072
-28990.6105853957	-26119.054422997542	0.7203601800900447	-26922.055871111887
-28989.20716672024	-26119.58627641705	0.719859929964982	-26923.482073600535
-28987.80819245397	-26120.117974221896	0.7193596798399196	-26924.907475186475
-28986.41370276698	-26120.649497643364	0.7188594297148571	-26926.332080574568
-28985.023739239972	-26121.180827154476	0.7183591795897944	-26927.755894440186
-28983.638345207688	-26121.711942327784	0.717858929464732	-26929.17892142947
-28982.2575597746	-26122.242824184083	0.7173586793396695	-26930.60116615939
-28980.88143046443	-26122.773450216177	0.716858429214607	-26932.022633217934
-28979.509994232114	-26123.303801865775	0.7163581790895444	-26933.44332716428
-28978.143297518054	-26123.833856614314	0.7158579289644819	-26934.863252528936
-28976.781387412782	-26124.36359145179	0.7153576788394194	-26936.282413813875
-28975.424306140674	-26124.892985073286	0.7148574287143568	-26937.700815492703
-28974.072096398155	-26125.42201576769	0.7143571785892943	-26939.11846201081
-28972.724805222846	-26125.95065986388	0.7138569284642318	-26940.535357785506
-28971.382478907566	-26126.47889375251	0.7133566783391692	-26941.951507206162
-28970.04515965476	-26127.006695236705	0.7128564282141067	-26943.366914634385
-28968.712897969544	-26127.534038547303	0.7123561780890442	-26944.781584404125
-28967.385735678326	-26128.060901175068	0.7118559279639816	-26946.19552082183
-28966.063722485203	-26128.587257194882	0.7113556778389191	-26947.608728166626
-28964.746900603237	-26129.1130834774	0.7108554277138566	-26949.021210690375
-28963.435320526023	-26129.638353294795	0.710355177588794	-26950.4329726179
-28962.129027788138	-26130.163041690532	0.7098549274637315	-26951.84401814707
-28960.82807016673	-26130.68712255261	0.709354677338669	-26953.25435144896
-28959.532489711077	-26131.21057187537	0.7088544272136064	-26954.66397666796
-28958.24233704176	-26131.73336190017	0.7083541770885439	-26956.072897921957
-28956.957658091524	-26132.25546654424	0.7078539269634814	-26957.48111930243
-28955.67849754353	-26132.77686000092	0.7073536768384188	-26958.88864487457
-28954.404904376628	-26133.29751444556	0.7068534267133563	-26960.29547867748
-28953.13692542219	-26133.817402691857	0.7063531765882938	-26961.701624724228
-28951.874605080287	-26134.336498320194	0.7058529264632312	-26963.107087002005
-28950.61799180882	-26134.854772978513	0.7053526763381687	-26964.511869472288
-28949.367128467304	-26135.37220040456	0.7048524262131062	-26965.915976070904
-28948.122063932755	-26135.888751577724	0.7043521760880437	-26967.3194107082
-28946.88284225803	-26136.40439924968	0.7038519259629811	-26968.722177269163
-28945.649509245395	-26136.91911519553	0.7033516758379186	-26970.124279613527
-28944.42210941035	-26137.432871487905	0.7028514257128561	-26971.525721575916
-28943.20068822934	-26137.945639550184	0.7023511755877935	-26972.92650696594
-28941.985292566296	-26138.457389969815	0.701850925462731	-26974.326639568368
-28940.775963790573	-26138.968095420983	0.7013506753376685	-26975.72612314317
-28939.572746368463	-26139.47772702472	0.7008504252126059	-26977.124961425703
-28938.375683303122	-26139.986256283522	0.7003501750875434	-26978.523158126816
-28937.1848200547	-26140.49365340679	0.6998499249624809	-26979.920716932927
-28936.000197123256	-26140.999890486262	0.6993496748374183	-26981.31764150619
-28934.82185924522	-26141.504937557685	0.6988494247123558	-26982.713935484597
-28933.649844714775	-26142.00876719099	0.6983491745872933	-26984.109602482058
-28932.484199163668	-26142.5113485564	0.6978489244622307	-26985.50464608856
-28931.324961617916	-26143.012653437454	0.6973486743371682	-26986.899069870262
-28930.172171678652	-26143.51265314041	0.6968484242121057	-26988.29287736961
-28929.025870063502	-26144.01131825442	0.6963481740870431	-26989.686072105404
-28927.886097774983	-26144.50861900882	0.6958479239619806	-26991.078657573016
-28926.752892100263	-26145.00452702334	0.6953476738369181	-26992.470637244372
-28925.62629160665	-26145.499013132932	0.6948474237118555	-26993.862014568134
-28924.50633286627	-26145.99204882232	0.694347173586793	-26995.252792969823
-28923.39305635009	-26146.48360363488	0.6938469234617305	-26996.642975851842
-28922.28649547173	-26146.973649997537	0.693346673336668	-26998.032566593676
-28921.186684251043	-26147.46215985932	0.6928464232116054	-26999.421568551927
-28920.09366463125	-26147.949101436163	0.6923461730865429	-27000.809985060467
-28919.007466894276	-26148.434447892036	0.6918459229614804	-27002.197819430497
-28917.928123539794	-26148.91817120287	0.6913456728364178	-27003.585074950686
-28916.855671222092	-26149.400241277624	0.6908454227113553	-27004.971754887272
-28915.790140251687	-26149.880630644886	0.6903451725862928	-27006.35786248411
-28914.731563236186	-26150.35931060062	0.6898449224612302	-27007.743400962827
-28913.679970534162	-26150.83625324428	0.6893446723361677	-27009.12837352293
-28912.635392951634	-26151.311430271893	0.6888444222111052	-27010.51278334183
-28911.597860191538	-26151.784813675244	0.6883441720860426	-27011.89663357502
-28910.567400168868	-26152.256376057845	0.6878439219609801	-27013.279927356136
-28909.544042731668	-26152.726088951233	0.6873436718359176	-27014.66266779704
-28908.527812140284	-26153.19392623312	0.686843421710855	-27016.04485798794
-28907.518735423273	-26153.65986033788	0.6863431715857925	-27017.42650099748
-28906.51683999456	-26154.12386333274	0.68584292146073	-27018.807599872824
-28905.522150385485	-26154.585908415585	0.6853426713356674	-27020.18815763973
-28904.534689017415	-26155.04596957424	0.6848424212106049	-27021.568177302706
-28903.55447930369	-26155.50402016636	0.6843421710855424	-27022.947661845028
-28902.58154356083	-26155.96003387935	0.6838419209604799	-27024.326614228874
-28901.615902293393	-26156.413985067116	0.6833416708354173	-27025.705037395397
-28900.65757615927	-26156.865847846453	0.6828414207103548	-27027.082934264825
-28899.706587351928	-26157.31559545225	0.6823411705852923	-27028.460307736543
-28898.76295015397	-26157.763204636616	0.6818409204602297	-27029.837160689163
-28897.82668588648	-26158.208648719276	0.6813406703351672	-27031.21349598066
-28896.89780835025	-26158.65190437391	0.6808404202101047	-27032.5893164484
-28895.97633470892	-26159.09294655486	0.6803401700850421	-27033.964624909262
-28895.06228237732	-26159.531749943933	0.6798399199599796	-27035.339424159727
-28894.155661880533	-26159.96829231916	0.6793396698349171	-27036.71371697591
-28893.2564857632	-26160.402550376828	0.6788394197098545	-27038.087506113723
-28892.364769842367	-26160.83449912599	0.678339169584792	-27039.4607943089
-28891.480521390913	-26161.26411748646	0.6778389194597295	-27040.83358427709
-28890.6037527102	-26161.691381869332	0.6773386693346669	-27042.205878713936
-28889.73447418589	-26162.116269464907	0.6768384192096044	-27043.577680295202
-28888.8726910591	-26162.538759797804	0.6763381690845419	-27044.948991676774
-28888.018413582355	-26162.95882988358	0.6758379189594793	-27046.31981549479
-28887.17164535328	-26163.376459809482	0.6753376688344168	-27047.690154365722
-28886.332393481465	-26163.79162787179	0.6748374187093543	-27049.060010886442
-28885.50066292483	-26164.204313291437	0.6743371685842917	-27050.429387634278
-28884.676456070327	-26164.61449642855	0.6738369184592292	-27051.798287167137
-28883.859774312557	-26165.022158030424	0.6733366683341667	-27053.16671202354
-28883.05062001712	-26165.427278282164	0.6728364182091042	-27054.534664722716
-28882.248994560996	-26165.829837756057	0.6723361680840416	-27055.90214776468
-28881.454895661558	-26166.229818721506	0.6718359179589791	-27057.2691636303
-28880.668321905756	-26166.627202947755	0.6713356678339166	-27058.635714781376
-28879.88927140877	-26167.021972357023	0.670835417708854	-27060.0018036607
-28879.117742064063	-26167.414108904057	0.6703351675837915	-27061.367432692175
-28878.353725143363	-26167.80359773167	0.669834917458729	-27062.7326042808
-28877.597219145333	-26168.19042036604	0.6693346673336664	-27064.097320812823
-28876.848215860322	-26168.574561576224	0.6688344172086039	-27065.4615846558
-28876.10670683235	-26168.9560062045	0.6683341670835414	-27066.82539815861
-28875.372685129616	-26169.334738287213	0.6678339169584788	-27068.188763651575
-28874.646139224657	-26169.710744096887	0.6673336668334163	-27069.551683446545
-28873.927060847203	-26170.08400824434	0.6668334167083538	-27070.91415983689
-28873.215435815142	-26170.454518251892	0.6663331665832912	-27072.27619509766
-28872.511254446053	-26170.822259361186	0.6658329164582287	-27073.637791485595
-28871.814500625533	-26171.18722000651	0.6653326663331662	-27074.99895123919
-28871.125160581174	-26171.54938742787	0.6648324162081036	-27076.359676578802
-28870.4432175913	-26171.90875033127	0.6643321660830411	-27077.719969706697
-28869.7686587595	-26172.26529547473	0.6638319159579786	-27079.079832807078
-28869.101462090563	-26172.6190142062	0.663331665832916	-27080.439268046208
-28868.441612128743	-26172.969894560432	0.6628314157078535	-27081.79827757246
-28867.789088032718	-26173.317927301414	0.662331165582791	-27083.15686351634
-28867.143868398427	-26173.66310348893	0.6618309154577284	-27084.51502799059
-28866.50593466903	-26174.005412735634	0.6613306653326659	-27085.87277309027
-28865.875260697834	-26174.34484854767	0.6608304152076034	-27087.23010089275
-28865.251825652424	-26174.68140173048	0.6603301650825409	-27088.587013457844
-28864.635605154308	-26175.015064926367	0.6598299149574783	-27089.94351282782
-28864.0265720692	-26175.34583222676	0.6593296648324158	-27091.299601027513
-28863.4247023673	-26175.673696153444	0.6588294147073533	-27092.655280064326
-28862.829966823825	-26175.998651948346	0.6583291645822907	-27094.010551928313
-28862.242338546206	-26176.320693688504	0.6578289144572282	-27095.36541859229
-28861.66178773167	-26176.63981700562	0.6573286643321657	-27096.719882011796
-28861.08828412729	-26176.956017817978	0.6568284142071031	-27098.073944125226
-28860.52179730048	-26177.269292191682	0.6563281640820406	-27099.427606853886
-28859.962296859256	-26177.579636226335	0.6558279139569781	-27100.780872101997
-28859.40974740212	-26177.88704871127	0.6553276638319155	-27102.133741756792
-28858.864116846933	-26178.191526764804	0.654827413706853	-27103.4862176886
-28858.32537051234	-26178.493068941803	0.6543271635817905	-27104.838301750828
-28857.79347221336	-26178.791674669264	0.6538269134567279	-27106.189995780078
-28857.26838531094	-26179.087343698568	0.6533266633316654	-27107.541301596204
-28856.750074773656	-26179.380075011995	0.652826413206603	-27108.892221002287
-28856.23850083412	-26179.669870194863	0.6523261630815403	-27110.2427557848
-28855.73362437643	-26179.956730585942	0.6518259129564778	-27111.592907713595
-28855.23540518426	-26180.24065821195	0.6513256628314154	-27112.942678541967
-28854.743804534435	-26180.521654403048	0.6508254127063527	-27114.292070006704
-28854.258780582917	-26180.79972226542	0.6503251625812903	-27115.641083828166
-28853.78028910873	-26181.0748662993	0.6498249124562279	-27116.989721710306
-28853.30828871495	-26181.347089604726	0.6493246623311653	-27118.337985340728
-28852.84273444552	-26181.61639732026	0.6488244122061028	-27119.685876390762
-28852.383582402028	-26181.882794140296	0.6483241620810403	-27121.033396515482
-28851.930787220164	-26182.146285681236	0.6478239119559777	-27122.380547353776
-28851.48430246363	-26182.40687827622	0.6473236618309152	-27123.727330528407
-28851.04408040708	-26182.664579100543	0.6468234117058527	-27125.073747646024
-28850.610074650587	-26182.9193947494	0.6463231615807901	-27126.419800297244
-28850.182234348693	-26183.171334395414	0.6458229114557276	-27127.765490056707
-28849.76051240816	-26183.42040531032	0.6453226613306651	-27129.110818483092
-28849.34485759058	-26183.666617193132	0.6448224112056026	-27130.45578711919
-28848.93521975734	-26183.909979300395	0.64432216108054	-27131.800397491934
-28848.531547948987	-26184.150501502863	0.6438219109554775	-27133.14465111249
-28848.133788454714	-26184.38819536141	0.643321660830415	-27134.48854947623
-28847.741889171597	-26184.623071722257	0.6428214107053524	-27135.832094062844
-28847.35579779313	-26184.855141716747	0.6423211605802899	-27137.175286336365
-28846.975457924218	-26185.084418931343	0.6418209104552274	-27138.5181277452
-28846.600817342092	-26185.310914813086	0.6413206603301648	-27139.86061972219
-28846.231817834083	-26185.534644340958	0.6408204102051023	-27141.20276368466
-28845.86840471936	-26185.755620714564	0.6403201600800398	-27142.54456103445
-28845.51052113083	-26185.973858552454	0.6398199099549772	-27143.88601315797
-28845.158111110428	-26186.189372159963	0.6393196598299147	-27145.22712142624
-28844.811113655658	-26186.402178890603	0.6388194097048522	-27146.567887194942
-28844.469472286197	-26186.612293757145	0.6383191595797896	-27147.908311804422
-28844.133127636353	-26186.819733611243	0.6378189094547271	-27149.248396579816
-28843.80201975215	-26187.02451585469	0.6373186593296646	-27150.58814283101
-28843.476089984142	-26187.226657364572	0.6368184092046021	-27151.92755185272
-28843.155274840796	-26187.42617799912	0.6363181590795395	-27153.266624924534
-28842.83951467221	-26187.623095654777	0.635817908954477	-27154.60536331095
-28842.5287479235	-26187.817429541996	0.6353176588294145	-27155.943768261415
-28842.222911888075	-26188.00919976471	0.6348174087043519	-27157.28184101036
-28841.92194303792	-26188.198427138042	0.6343171585792894	-27158.619582777268
-28841.62577966797	-26188.38513166663	0.6338169084542269	-27159.95699476667
-28841.334357136446	-26188.56933529008	0.6333166583291643	-27161.294078168215
-28841.047610975984	-26188.75106009717	0.6328164082041018	-27162.630834156724
-28840.76547744056	-26188.930328007653	0.6323161580790393	-27163.967263892187
-28840.487890785284	-26189.107162354037	0.6318159079539767	-27165.30336851982
-28840.214786028097	-26189.28158628241	0.6313156578289142	-27166.63914917014
-28839.94609722746	-26189.45362375657	0.6308154077038517	-27167.97460695893
-28839.681757983206	-26189.62329927152	0.6303151575787891	-27169.309742987345
-28839.421701467676	-26189.790637839113	0.6298149074537266	-27170.644558341934
-28839.16586175783	-26189.95566420715	0.6293146573286641	-27171.979054094623
-28838.91417069293	-26190.11840470979	0.6288144072036015	-27173.313231302833
-28838.66656038241	-26190.278885799205	0.628314157078539	-27174.647091009472
-28838.422963669916	-26190.43713376993	0.6278139069534765	-27175.980634242962
-28838.183311581783	-26190.59317627127	0.6273136568284139	-27177.313862017312
-28837.947536054977	-26190.74704069587	0.6268134067033514	-27178.646775332138
-28837.71556760346	-26190.8987555674	0.6263131565782889	-27179.979375172672
-28837.4873374965	-26191.048349248413	0.6258129064532263	-27181.31166250983
-28837.26277662452	-26191.195850616346	0.6253126563281638	-27182.64363830025
-28837.041814992896	-26191.34128937104	0.6248124062031013	-27183.975303486295
-28836.82438251733	-26191.484695563086	0.6243121560780388	-27185.30665899612
-28836.610409764406	-26191.62609914898	0.6238119059529762	-27186.637705743677
-28836.399825648372	-26191.765531380195	0.6233116558279137	-27187.96844462879
-28836.19256059117	-26191.903022901206	0.6228114057028512	-27189.29887653714
-28835.988542788466	-26192.038606007245	0.6223111555777886	-27190.629002340323
-28835.787702649042	-26192.172311959963	0.6218109054527261	-27191.958822895904
-28835.589968781234	-26192.30417342058	0.6213106553276636	-27193.2883390474
-28835.395268996497	-26192.4342238499	0.620810405202601	-27194.61755162435
-28835.203534131226	-26192.562495175545	0.6203101550775385	-27195.94646144236
-28835.014690779048	-26192.68902223143	0.619809904952476	-27197.27506930306
-28834.828669241528	-26192.813837899583	0.6193096548274134	-27198.60337599424
-28834.6453963336	-26192.936977519108	0.6188094047023509	-27199.931382289815
-28834.464801236303	-26193.058475297283	0.6183091545772884	-27201.259088949846
-28834.286812406994	-26193.17836620694	0.6178089044522258	-27202.586496720618
-28834.111358104787	-26193.2966856668	0.6173086543271633	-27203.913606334663
-28833.938366449154	-26193.41346950763	0.6168084042021008	-27205.240418510737
-28833.76776521959	-26193.528754099396	0.6163081540770382	-27206.566933953916
-28833.599483776983	-26193.642575156064	0.6158079039519757	-27207.8931533556
-28833.433449026823	-26193.754970250437	0.6153076538269132	-27209.21907739353
-28833.26959018149	-26193.865975847984	0.6148074037018506	-27210.544706731827
-28833.107834408504	-26193.975630025332	0.6143071535767881	-27211.870042021044
-28832.948111168902	-26194.083969755517	0.6138069034517256	-27213.195083898154
-28832.790348018287	-26194.191033541665	0.6133066533266631	-27214.519832986603
-28832.63447406589	-26194.296859245525	0.6128064032016005	-27215.844289896333
-28832.48041666363	-26194.401486174935	0.612306153076538	-27217.16845522383
-28832.328106020446	-26194.5049521691	0.6118059029514755	-27218.492329552115
-28832.177469226994	-26194.60729738031	0.611305652826413	-27219.81591345078
-28832.02843637932	-26194.708560394378	0.6108054027013505	-27221.139207476062
-28831.880935529127	-26194.808781436266	0.6103051525762879	-27222.4622121708
-28831.73489576805	-26194.90800041173	0.6098049024512254	-27223.784928064524
-28831.590246886804	-26195.006257120353	0.6093046523261629	-27225.10735567343
-28831.446918008707	-26195.103592130305	0.6088044022011004	-27226.429495500444
-28831.304838436146	-26195.200046239235	0.6083041520760378	-27227.751348035225
-28831.16393830713	-26195.295660050953	0.6078039019509753	-27229.072913754226
-28831.02414720483	-26195.3904748702	0.6073036518259128	-27230.39419312067
-28830.88539545402	-26195.484531867885	0.6068034017008502	-27231.715186584595
-28830.74761378205	-26195.577872297687	0.6063031515757877	-27233.035894582925
-28830.610732022735	-26195.670538338054	0.6058029014507252	-27234.35631753942
-28830.474681401538	-26195.762571609754	0.6053026513256626	-27235.67645586474
-28830.3393933231	-26195.85401396013	0.6048024012006001	-27236.9963099565
-28830.20479916528	-26195.944907598085	0.6043021510755376	-27238.31588019921
-28830.070830031	-26196.03529525871	0.603801900950475	-27239.63516696439
-28829.937418197285	-26196.125219253743	0.6033016508254125	-27240.954170610537
-28829.804496140376	-26196.214722107412	0.60280140070035	-27242.272891483186
-28829.67199594363	-26196.3038469474	0.6023011505752874	-27243.591329914885
-28829.539851226345	-26196.392636232893	0.6018009004502249	-27244.909486225282
-28829.40799397243	-26196.481133848123	0.6013006503251624	-27246.227360721095
-28829.276358792293	-26196.56938228337	0.6008004002000998	-27247.54495369614
-28829.14487937029	-26196.65742498378	0.6003001500750373	-27248.862265431417
-28829.013490023524	-26196.74530531699	0.5997998999499748	-27250.17929619504
-28828.88212526834	-26196.83306686013	0.5992996498249122	-27251.49604624231
-28828.750719904307	-26196.92075334375	0.5987993996998497	-27252.81251581577
-28828.6192097071	-26197.00840818591	0.5982991495747872	-27254.128705145147
-28828.487530427974	-26197.0960751601	0.5977988994497248	-27255.44461444743
-28828.355618404814	-26197.18379798489	0.5972986493246621	-27256.76024392688
-28828.223409866063	-26197.27162079152	0.5967983991995996	-27258.07559377505
-28828.09084236998	-26197.359587151743	0.5962981490745372	-27259.390664170813
-28827.957853364107	-26197.44774104721	0.5957978989494745	-27260.705455280353
-28827.82438066195	-26197.53612654765	0.595297648824412	-27262.019967257238
-28827.690362640187	-26197.624787675362	0.5947973986993496	-27263.3342002424
-28827.55573836248	-26197.71376831815	0.594297148574287	-27264.64815436415
-28827.420447635046	-26197.80311218797	0.5937968984492245	-27265.96182973826
-28827.28442960131	-26197.892863780326	0.593296648324162	-27267.2752264679
-28827.147625142617	-26197.983066731365	0.5927963981990994	-27268.5883446437
-28827.00997518299	-26198.073764973928	0.5922961480740369	-27269.901184343806
-28826.871420495976	-26198.165002871752	0.5917958979489744	-27271.213745633817
-28826.731903767075	-26198.2568237965	0.5912956478239118	-27272.526028566866
-28826.591366750024	-26198.349272085165	0.5907953976988493	-27273.83803318364
-28826.449752687608	-26198.44239136785	0.5902951475737868	-27275.149759512366
-28826.307005296658	-26198.53622526448	0.5897948974487242	-27276.461207568827
-28826.163068505884	-26198.630817565525	0.5892946473236617	-27277.77237735644
-28826.017886659873	-26198.726212089317	0.5887943971985992	-27279.083268866205
-28825.87140507228	-26198.822452293338	0.5882941470735366	-27280.393882076765
-28825.723569947193	-26198.919581323735	0.5877938969484741	-27281.704216954415
-28825.57432726976	-26199.0176427898	0.5872936468234116	-27283.014273453115
-28825.423623589046	-26199.116680215615	0.586793396698349	-27284.324051514493
-28825.271406611882	-26199.216736618393	0.5862931465732865	-27285.633551067927
-28825.117624982693	-26199.317854656896	0.585792896448224	-27286.942772030463
-28824.962226823598	-26199.42007766049	0.5852926463231615	-27288.25171430692
-28824.805162004523	-26199.52344802238	0.5847923961980989	-27289.560377789854
-28824.646379898128	-26199.628008785574	0.5842921460730364	-27290.868762359627
-28824.48583156844	-26199.733802087303	0.5837918959479739	-27292.176867884355
-28824.32346766288	-26199.840870653985	0.5832916458229113	-27293.484694219973
-28824.159240256446	-26199.949256485335	0.5827913956978488	-27294.792241210253
-28823.993102264354	-26200.05900126646	0.5822911455727863	-27296.09950868679
-28823.825006194493	-26200.170147259716	0.5817908954477237	-27297.40649646906
-28823.654906079584	-26200.28273591723	0.5812906453226612	-27298.713204364398
-28823.4827565423	-26200.39680854557	0.5807903951975987	-27300.019632168012
-28823.308512046886	-26200.51240684405	0.5802901450725361	-27301.32577966305
-28823.13212902139	-26200.629571368885	0.5797898949474736	-27302.631646620564
-28822.953563517578	-26200.748343219348	0.5792896448224111	-27303.937232799544
-28822.77277277595	-26200.868762902817	0.5787893946973485	-27305.242537946928
-28822.589714518195	-26200.990870843118	0.578289144572286	-27306.54756179764
-28822.404347295105	-26201.1147071238	0.5777888944472235	-27307.852304074568
-28822.21663016355	-26201.240311719695	0.577288644322161	-27309.15676448861
-28822.026523022134	-26201.367724247928	0.5767883941970984	-27310.460942738664
-28821.833986392743	-26201.496984123434	0.5762881440720359	-27311.76483851168
-28821.63898164115	-26201.628130392783	0.5757878939469734	-27313.068451482635
-28821.441470386988	-26201.761202164555	0.5752876438219108	-27314.371781314552
-28821.2414157674	-26201.896237673787	0.5747873936968483	-27315.674827658564
-28821.038780425984	-26202.033275762216	0.5742871435717858	-27316.977590153845
-28820.833529349646	-26202.172353775968	0.5737868934467232	-27318.28006842768
-28820.625626323115	-26202.313510187887	0.5732866433216607	-27319.582262095515
-28820.415037512117	-26202.456781935016	0.5727863931965982	-27320.88417076085
-28820.201729025124	-26202.602206223983	0.5722861430715356	-27322.185794015368
-28819.98566777209	-26202.74981988931	0.5717858929464731	-27323.487131438917
-28819.766821137906	-26202.899659633247	0.5712856428214106	-27324.788182599477
-28819.545157793666	-26203.05176141319	0.570785392696348	-27326.088947053235
-28819.32064684042	-26203.206161077964	0.5702851425712855	-27327.389424344572
-28819.0932580819	-26203.3628941595	0.569784892446223	-27328.689614006056
-28818.862961955965	-26203.521995920328	0.5692846423211604	-27329.98951555849
-28818.629729789733	-26203.68350115619	0.5687843921960979	-27331.289128510925
-28818.393533789163	-26203.847444197912	0.5682841420710354	-27332.58845236062
-28818.15434684599	-26204.013859052597	0.5677838919459728	-27333.887486593114
-28817.91214193682	-26204.182779857503	0.5672836418209103	-27335.186230682222
-28817.66689359083	-26204.354239758435	0.5667833916958478	-27336.484684090028
-28817.418576985983	-26204.52827159072	0.5662831415707852	-27337.782846266906
-28817.167167513217	-26204.70490820953	0.5657828914457227	-27339.08071665155
-28816.912641615243	-26204.884181843914	0.5652826413206602	-27340.37829467097
-28816.654976400234	-26205.066124387096	0.5647823911955977	-27341.675579740488
-28816.394150501066	-26205.25076672858	0.5642821410705351	-27342.972571263766
-28816.130141853562	-26205.4381404621	0.5637818909454726	-27344.269268632863
-28815.862929777417	-26205.628276278298	0.5632816408204101	-27345.565671228138
-28815.592494925197	-26205.82120399437	0.5627813906953475	-27346.86177841835
-28815.318817742664	-26206.016953742834	0.562281140570285	-27348.15758956067
-28815.04188002722	-26206.215554758128	0.5617808904452225	-27349.45310400061
-28814.761663900634	-26206.417036169652	0.5612806403201599	-27350.74832107214
-28814.478152771564	-26206.621426245954	0.5607803901950974	-27352.043240097624
-28814.191330247373	-26206.828753239148	0.5602801400700349	-27353.337860387837
-28813.901180698154	-26207.039044940495	0.5597798899449723	-27354.632181242017
-28813.607689509125	-26207.252328476043	0.5592796398199098	-27355.926201947852
-28813.31084279277	-26207.46863052634	0.5587793896948473	-27357.219921781463
-28813.01062691929	-26207.6879776928	0.5582791395697847	-27358.513340007452
-28812.707029580844	-26207.910395652445	0.5577788894447222	-27359.806455878912
-28812.400038857344	-26208.135909889956	0.5572786393196597	-27361.099268637397
-28812.089643721676	-26208.364545292927	0.5567783891945971	-27362.391777512974
-28811.77583327959	-26208.596326751547	0.5562781390695346	-27363.68398172422
-28811.45859830054	-26208.83127793436	0.5557778889444721	-27364.975880478218
-28811.13792978728	-26209.069422420966	0.5552776388194095	-27366.26747297057
-28810.813819110885	-26209.310783592227	0.554777388694347	-27367.55875838543
-28810.48625904007	-26209.555383799976	0.5542771385692845	-27368.849735895485
-28810.155242390312	-26209.80324544455	0.553776888444222	-27370.14040466197
-28809.820763166663	-26210.05439005215	0.5532766383191594	-27371.430763834673
-28809.482816152653	-26210.308838598143	0.5527763881940969	-27372.720812551986
-28809.141395848543	-26210.56661236168	0.5522761380690344	-27374.010549940842
-28808.796498884152	-26210.82773096845	0.5517758879439718	-27375.29997511676
-28808.4481210616	-26211.09221478071	0.5512756378189093	-27376.589087183893
-28808.096260435428	-26211.360082392046	0.5507753876938468	-27377.877885234946
-28807.740914288406	-26211.631353080793	0.5502751375687842	-27379.166368351252
-28807.382081798834	-26211.906044632437	0.5497748874437218	-27380.4545356028
-28807.01976184292	-26212.184175127288	0.5492746373186593	-27381.74238604814
-28806.65395447385	-26212.465761727282	0.5487743871935967	-27383.02991873449
-28806.28466039294	-26212.750821102127	0.5482741370685342	-27384.317132697728
-28805.91188063981	-26213.03936967975	0.5477738869434717	-27385.60402696234
-28805.535617493217	-26213.33142289861	0.5472736368184091	-27386.89060054149
-28805.155873207634	-26213.62699624471	0.5467733866933466	-27388.176852437013
-28804.772651125702	-26213.926104327955	0.5462731365682841	-27389.462781639388
-28804.385954962945	-26214.228761468483	0.5457728864432215	-27390.7483871278
-28803.99578927731	-26214.534981302077	0.545272636318159	-27392.033667870102
-28803.602159273163	-26214.84477693689	0.5447723861930965	-27393.318622822837
-28803.205070462278	-26215.158161232015	0.5442721360680339	-27394.60325093125
-28802.80452920652	-26215.47514633958	0.5437718859429714	-27395.8875511293
-28802.40054249548	-26215.795743884497	0.5432716358179089	-27397.17152233964
-28801.993117999722	-26216.119964914342	0.5427713856928463	-27398.45516347364
-28801.582263636854	-26216.44782025986	0.5422711355677838	-27399.73847343142
-28801.167988304438	-26216.77931991285	0.5417708854427213	-27401.02145110179
-28800.75030130146	-26217.11447350816	0.5412706353176587	-27402.304095362317
-28800.329212335244	-26217.453290314344	0.5407703851925962	-27403.58640507932
-28799.904732169292	-26217.795778678705	0.5402701350675337	-27404.868379107844
-28799.476871685347	-26218.141946817945	0.5397698849424711	-27406.150016291685
-28799.045642598125	-26218.491802206412	0.5392696348174086	-27407.431315463426
-28798.61105694149	-26218.845352008608	0.5387693846923461	-27408.712275444384
-28798.173127592818	-26219.202602626483	0.5382691345672836	-27409.992895044656
-28797.731867566145	-26219.56356029957	0.537768884442221	-27411.27317306311
-28797.28729080594	-26219.92823041995	0.5372686343171585	-27412.553108287404
-28796.839411718673	-26220.296617928187	0.536768384192096	-27413.832699493963
-28796.388244978312	-26220.668727477332	0.5362681340670334	-27415.11194544802
-28795.933806026613	-26221.04456299683	0.535767883941971	-27416.390844903603
-28795.476110733995	-26221.424127979943	0.5352676338169085	-27417.669396603513
-28795.01517538466	-26221.807425492723	0.5347673836918458	-27418.947599279367
-28794.551016850568	-26222.194458018435	0.5342671335667833	-27420.22545165161
-28794.08365245639	-26222.585227569987	0.5337668834417209	-27421.50295242948
-28793.61310008763	-26222.97973559097	0.5332666333166582	-27422.78010031102
-28793.13937797545	-26223.377983139184	0.5327663831915957	-27424.056893983143
-28792.662504945438	-26223.779970664407	0.5322661330665333	-27425.333332121518
-28792.18250011479	-26224.18569826956	0.5317658829414706	-27426.609413390688
-28791.6993833358	-26224.59516531637	0.5312656328164082	-27427.885136444034
-28791.213174338856	-26225.008371175994	0.5307653826913457	-27429.16049992375
-28790.723894018218	-26225.425314090717	0.530265132566283	-27430.435502460863
-28790.231563239195	-26225.845992221948	0.5297648824412206	-27431.71014267528
-28789.73620324857	-26226.27040328486	0.5292646323161581	-27432.98441917573
-28789.237835827884	-26226.698544407896	0.5287643821910955	-27434.258330559787
-28788.73648332109	-26227.130412102855	0.528264132066033	-27435.531875413908
-28788.232168335813	-26227.566002526466	0.5277638819409705	-27436.80505231337
-28787.724913528342	-26228.005311670375	0.527263631815908	-27438.07785982234
-28787.214742534474	-26228.44833452377	0.5267633816908454	-27439.35029649382
-28786.701678802736	-26228.89506611442	0.5262631315657829	-27440.622360869715
-28786.185746628464	-26229.345500576834	0.5257628814407204	-27441.89405148076
-28785.666970267313	-26229.79963194536	0.5252626313156578	-27443.165366846577
-28785.14537455548	-26230.257453592167	0.5247623811905953	-27444.436305475683
-28784.620984736775	-26230.718958378166	0.5242621310655328	-27445.706865865428
-28784.09382576717	-26231.184139281082	0.5237618809404702	-27446.97704650207
-28783.56392383813	-26231.652988009468	0.5232616308154077	-27448.24684586075
-28783.031304891127	-26232.12549634679	0.5227613806903452	-27449.51626240547
-28782.495995185567	-26232.601655633567	0.5222611305652826	-27450.785294589125
-28781.95802135416	-26233.081456712942	0.5217608804402201	-27452.053940853515
-28781.417410382383	-26233.56488994532	0.5212606303151576	-27453.322199629296
-28780.87418942332	-26234.051945374827	0.520760380190095	-27454.590069336038
-28780.3283858912	-26234.542612640726	0.5202601300650325	-27455.8575483822
-28779.78002768352	-26235.036880768912	0.51975987993997	-27457.12463516512
-28779.229142496126	-26235.53473880081	0.5192596298149074	-27458.391328071044
-28778.67575887793	-26236.03617481598	0.5187593796898449	-27459.65762547511
-28778.11990491302	-26236.541177148392	0.5182591295647824	-27460.923525741357
-28777.56160949858	-26237.04973319957	0.5177588794397199	-27462.189027222703
-28777.000901411793	-26237.561830301085	0.5172586293146573	-27463.454128260983
-28776.437809749106	-26238.07745530402	0.5167583791895948	-27464.718827186938
-28775.87236377346	-26238.596594718136	0.5162581290645323	-27465.983122320184
-28775.304592998775	-26239.11923463019	0.5157578789394697	-27467.247011969255
-28774.73452687508	-26239.645360996918	0.5152576288144072	-27468.510494431604
-28774.1621954373	-26240.17495903295	0.5147573786893447	-27469.77356799354
-28773.587628575777	-26240.70801389358	0.5142571285642821	-27471.036230930305
-28773.010856267498	-26241.24451045628	0.5137568784392196	-27472.298481506055
-28772.43190880688	-26241.784433099976	0.5132566283141571	-27473.56031797382
-28771.85081677458	-26242.327765730814	0.5127563781890945	-27474.82173857555
-28771.26761043226	-26242.874492354695	0.512256128064032	-27476.0827415421
-28770.682320514425	-26243.424596323803	0.5117558779389695	-27477.34332509321
-28770.094977806577	-26243.97806073446	0.5112556278139069	-27478.60348743754
-28769.505613049954	-26244.534868516814	0.5107553776888444	-27479.863226772646
-28768.914257153265	-26245.095002231024	0.5102551275637819	-27481.12254128499
-28768.32094113175	-26245.658444123215	0.5097548774387193	-27482.38142914991
-28767.725696010864	-26246.22517621631	0.5092546273136568	-27483.639888531696
-28767.128553110073	-26246.795180034696	0.5087543771885943	-27484.89791758348
-28766.5295433209	-26247.368437298974	0.5082541270635317	-27486.155514447324
-28765.928697977346	-26247.944929085137	0.5077538769384692	-27487.41267725419
-28765.326048376744	-26248.524636284663	0.5072536268134067	-27488.66940412393
-28764.721625642687	-26249.107539737117	0.5067533766883441	-27489.925693165278
-28764.115461365363	-26249.693619606394	0.5062531265632816	-27491.18154247588
-28763.507586652537	-26250.282856302372	0.5057528764382191	-27492.436950142273
-28762.89803268951	-26250.875229936228	0.5052526263131566	-27493.691914239876
-28762.286830969766	-26251.470720092246	0.504752376188094	-27494.94643283299
-28761.67401273495	-26252.069306374375	0.5042521260630315	-27496.20050397484
-28761.059609248918	-26252.670968137398	0.503751875937969	-27497.454125707496
-28760.443651679507	-26253.275684602428	0.5032516258129064	-27498.707296061926
-28759.826171063298	-26253.883434891563	0.5027513756878439	-27499.960013057997
-28759.207198681128	-26254.49419765579	0.5022511255627814	-27501.21227470442
-28758.586765559598	-26255.107951566584	0.5017508754377188	-27502.464078998823
-28757.964902702464	-26255.72467508692	0.5012506253126563	-27503.71542392769
-28757.34164097605	-26256.344346584578	0.5007503751875938	-27504.966307466362
-28756.717011228655	-26256.96694421316	0.5002501250625313	-27506.21672757908
-28756.091044073277	-26257.592446128514	0.49974987493746875	-27507.46668221894
-28755.463770345366	-26258.22083003082	0.4992496248124062	-27508.716169327898
-28754.835220368088	-26258.852073899594	0.4987493746873437	-27509.965186836776
-28754.205424478325	-26259.486155467945	0.49824912456228115	-27511.21373266525
-28753.574413181526	-26260.12305206507	0.4977488744372186	-27512.46180472186
-28752.94221645203	-26260.762741320734	0.4972486243121561	-27513.709400904
-28752.30886429853	-26261.405200596546	0.49674837418709356	-27514.956519097894
-28751.674386443305	-26262.05040731019	0.49624812406203106	-27516.203157178647
-28751.038812660936	-26262.698338592432	0.4957478739369685	-27517.449313010165
-28750.402172514147	-26263.348971554777	0.49524762381190596	-27518.694984445225
-28749.76449516248	-26264.002283485766	0.49474737368684346	-27519.940169325426
-28749.125809838904	-26264.65825136617	0.4942471235617809	-27521.184865481195
-28748.486145493633	-26265.3168522323	0.49374687343671836	-27522.429070731785
-28747.845530823	-26265.978063148083	0.49324662331165586	-27523.672782885296
-28747.20399436945	-26266.641861103417	0.4927463731865933	-27524.915999738612
-28746.561564513548	-26267.308223022945	0.49224612306153076	-27526.15871907745
-28745.918269278867	-26267.977125968155	0.49174587293646826	-27527.40093867635
-28745.274136577744	-26268.648546885335	0.4912456228114057	-27528.64265629863
-28744.629194124664	-26269.322462695454	0.4907453726863432	-27529.883869696423
-28743.983469118924	-26269.99885062502	0.49024512256128067	-27531.124576610655
-28743.33698890618	-26270.677687520987	0.4897448724362181	-27532.36477477106
-28742.689780182838	-26271.358950678634	0.4892446223111556	-27533.60446189614
-28742.041869746583	-26272.042617062085	0.48874437218609307	-27534.843635693178
-28741.393283796566	-26272.728664035603	0.4882441220610305	-27536.082293858246
-28740.744048433444	-26273.417068843537	0.487743871935968	-27537.320434076184
-28740.09418941031	-26274.107808872253	0.48724362181090547	-27538.55805402058
-28739.443732262658	-26274.80086151573	0.4867433716858429	-27539.795151353825
-28738.792702162515	-26275.49620433067	0.4862431215607804	-27541.03172372702
-28738.141123931	-26276.19381502596	0.48574287143571787	-27542.267768780028
-28737.489022148056	-26276.89367134894	0.4852426213106554	-27543.50328414148
-28736.83642115103	-26277.59575108817	0.4847423711855928	-27544.738267428715
-28736.18334472986	-26278.30003239966	0.4842421210605303	-27545.9727162478
-28735.52981650726	-26279.006493405835	0.4837418709354678	-27547.206628193566
-28734.87585975442	-26279.715112393256	0.4832416208104052	-27548.440000849525
-28734.22149739539	-26280.425867810554	0.4827413706853427	-27549.672831787902
-28733.566751870996	-26281.138738417303	0.4822411205602802	-27550.905118569666
-28732.91164550189	-26281.85370289739	0.4817408704352176	-27552.136858744445
-28732.25620005643	-26282.57074032514	0.4812406203101551	-27553.368049850575
-28731.60043702927	-26283.289829869267	0.4807403701850926	-27554.59868941508
-28730.94437742536	-26284.010951028587	0.48024012006003003	-27555.828774953672
-28730.288042140575	-26284.734083223397	0.4797398699349675	-27557.0583039707
-28729.631451266396	-26285.45920655133	0.479239619809905	-27558.287273959228
-28728.974624889994	-26286.186300923822	0.47873936968484243	-27559.515682400935
-28728.317582600488	-26286.915346603844	0.47823911955977993	-27560.743526766175
-28727.66034345168	-26287.646324251076	0.4777388694347174	-27561.970804513923
-28727.00292615772	-26288.3792147125	0.47723861930965483	-27563.197513091814
-28726.34534912137	-26289.113998994027	0.47673836918459234	-27564.4236499361
-28725.68763020693	-26289.850658512765	0.4762381190595298	-27565.64921247164
-28725.029786908453	-26290.58917491657	0.47573786893446723	-27566.874198111916
-28724.371836344333	-26291.32953009324	0.47523761880940474	-27568.098604259023
-28723.71379511039	-26292.07170633618	0.47473736868434224	-27569.322428303625
-28723.055679498495	-26292.815686107027	0.4742371185592797	-27570.545667625003
-28722.39750511149	-26293.56145246577	0.4737368684342172	-27571.76831959098
-28721.739287450466	-26294.308988423956	0.47323661830915464	-27572.990381557982
-28721.08104128549	-26295.058277646767	0.47273636818409215	-27574.211850870986
-28720.42278113801	-26295.809303921127	0.47223611805902965	-27575.432724863505
-28719.764520885183	-26296.56205160086	0.4717358679339671	-27576.653000857612
-28719.106274142294	-26297.31650518392	0.4712356178089045	-27577.872676163912
-28718.448053932207	-26298.072649686204	0.47073536768384205	-27579.091748081537
-28717.78987283686	-26298.830470476696	0.4702351175587795	-27580.310213898112
-28717.13174301836	-26299.589953257986	0.469734867433717	-27581.5280708898
-28716.47367609285	-26300.35108421285	0.46923461730865446	-27582.745316321245
-28715.81568335505	-26301.113849755195	0.4687343671835919	-27583.96194744556
-28715.15777536312	-26301.878237004537	0.4682341170585294	-27585.177961504374
-28714.49996242592	-26302.644233239163	0.46773386693346686	-27586.393355727763
-28713.84225421622	-26303.411826339252	0.46723361680840436	-27587.608127334235
-28713.184660108793	-26304.181004407357	0.4667333666833418	-27588.822273530783
-28712.52718873049	-26304.951756286184	0.46623311655827926	-27590.035791512833
-28711.869848468283	-26305.72407098368	0.46573286643321676	-27591.2486784642
-28711.212647048895	-26306.49793815857	0.4652326163081542	-27592.460931557147
-28710.55559177291	-26307.273347857634	0.46473236618309166	-27593.672547952356
-28709.89868943959	-26308.050290606785	0.46423211605802917	-27594.883524798846
-28709.241946236223	-26308.828757544423	0.4637318659329666	-27596.09385923407
-28708.585368105923	-26309.60874000179	0.46323161580790406	-27597.303548383847
-28707.928960208475	-26310.390230131237	0.46273136568284157	-27598.51258936233
-28707.272727376392	-26311.173220384393	0.462231115557779	-27599.720979272035
-28706.616673820146	-26311.95770385913	0.46173086543271646	-27600.92871520383
-28705.960803354825	-26312.743674041645	0.46123061530765397	-27602.13579423689
-28705.305119200963	-26313.531125043788	0.4607303651825914	-27603.342213438704
-28704.64962404133	-26314.320051543145	0.4602301150575288	-27604.547969865078
-28703.994320165206	-26315.110448619398	0.45972986493246637	-27605.753060560106
-28703.3392092645	-26315.902311998692	0.4592296148074038	-27606.95748255614
-28702.684292534497	-26316.695637941582	0.4587293646823412	-27608.161232873816
-28702.029570562278	-26317.490423380583	0.45822911455727877	-27609.36430852204
-28701.375043650987	-26318.286665542797	0.4577288644322162	-27610.566706497913
-28700.720711401696	-26319.084362449656	0.4572286143071537	-27611.768423786805
-28700.066572886575	-26319.88351271896	0.4567283641820912	-27612.969457362295
-28699.412626736845	-26320.68411546616	0.4562281140570286	-27614.16980418614
-28698.75887101819	-26321.48617045841	0.4557278639319661	-27615.369461208305
-28698.105303361717	-26322.289677964436	0.4552276138069036	-27616.568425366957
-28697.45192078855	-26323.094638969887	0.4547273636818411	-27617.766693588368
-28696.79871983061	-26323.90105503967	0.45422711355677853	-27618.964262787
-28696.14569648845	-26324.708928374497	0.453726863431716	-27620.16112986546
-28695.492846332683	-26325.518261694866	0.4532266133066535	-27621.35729171444
-28694.840164293888	-26326.329058500334	0.45272636318159093	-27622.552745212764
-28694.18764484304	-26327.14132285881	0.4522261130565284	-27623.74748722736
-28693.535281965796	-26327.95505944328	0.4517258629314659	-27624.941514613205
-28692.883069047315	-26328.770273678056	0.45122561280640333	-27626.13482421336
-28692.230999056028	-26329.586971522236	0.4507253626813408	-27627.327412858955
-28691.5790644189	-26330.405159627226	0.4502251125562783	-27628.51927736912
-28690.927256971758	-26331.224845404406	0.44972486243121573	-27629.710414551024
-28690.2755681794	-26332.046036762822	0.44922461230615324	-27630.900821199866
-28689.623988889638	-26332.868742415958	0.4487243621810907	-27632.090494098797
-28688.972509471503	-26333.692971719673	0.44822411205602813	-27633.279430018956
-28688.321119815064	-26334.51873467867	0.44772386193096564	-27634.46762571948
-28687.669809353843	-26335.34604192489	0.4472236118059031	-27635.6550779474
-28687.01856678858	-26336.17490506583	0.44672336168084054	-27636.841783437696
-28686.367380663873	-26337.005335978443	0.44622311155577804	-27638.027738913297
-28685.716238753048	-26337.837347576304	0.4457228614307155	-27639.212941084974
-28685.065128439805	-26338.670953344295	0.44522261130565294	-27640.39738665141
-28684.4140366702	-26339.506167403946	0.44472236118059044	-27641.581072299166
-28683.762949764896	-26340.343004754246	0.4442221110555279	-27642.763994702636
-28683.1118536541	-26341.181480985586	0.4437218609304654	-27643.946150524047
-28682.460733727694	-26342.02161247353	0.44322161080540284	-27645.12753641344
-28681.809574996652	-26342.863416183143	0.4427213606803403	-27646.30814900868
-28681.15836182907	-26343.70691000727	0.4422211105552778	-27647.48798493539
-28680.50707830822	-26344.55211232293	0.44172086043021525	-27648.667040806962
-28679.85570784714	-26345.399042483717	0.4412206103051527	-27649.84531322456
-28679.2042335254	-26346.24772040173	0.4407203601800902	-27651.02279877705
-28678.55263790539	-26347.09816678621	0.44022011005502765	-27652.19949404102
-28677.900903104204	-26347.95040305944	0.4397198599299651	-27653.37539558077
-28677.249010772346	-26348.804451390395	0.4392196098049026	-27654.55049994826
-28676.59694209065	-26349.66033470563	0.43871935967984005	-27655.724803683115
-28675.944677787375	-26350.518076674296	0.4382191095547775	-27656.89830331261
-28675.292198155166	-26351.377701693164	0.437718859429715	-27658.070995351638
-28674.63948305914	-26352.239234882756	0.43721860930465245	-27659.242876302684
-28673.98651189484	-26353.10270214828	0.43671835917958995	-27660.413942655847
-28673.333263624387	-26353.968130139885	0.4362181090545274	-27661.584190888774
-28672.67971676055	-26354.835546280083	0.43571785892946485	-27662.75361746666
-28672.02584942547	-26355.704978694594	0.43521760880440236	-27663.922218842246
-28671.371639339868	-26356.57645623247	0.4347173586793398	-27665.08999145576
-28670.71706372131	-26357.450008605214	0.43421710855427725	-27666.25693173493
-28670.06209942466	-26358.325666211233	0.43371685842921476	-27667.423036094973
-28669.406722913907	-26359.203460178607	0.4332166083041522	-27668.588300938536
-28668.750910202663	-26360.083422449607	0.43271635817908966	-27669.752722655692
-28668.094636890448	-26360.96558574031	0.43221610805402716	-27670.916297623953
-28667.437878266042	-26361.8499834113	0.4317158579289646	-27672.079022208192
-28666.78060916189	-26362.736649665323	0.4312156078039021	-27673.24089276067
-28666.122804061182	-26363.625619413153	0.43071535767883956	-27674.401905620984
-28665.464436983308	-26364.51692843146	0.430215107553777	-27675.56205711608
-28664.805481715463	-26365.4106130631	0.4297148574287145	-27676.721343560195
-28664.145911520412	-26366.306710610323	0.42921460730365196	-27677.87976125485
-28663.48569943927	-26367.205258939994	0.4287143571785894	-27679.037306488855
-28662.82481804354	-26368.10629681912	0.4282141070535269	-27680.193975538237
-28662.16323960964	-26369.009863689356	0.42771385692846436	-27681.349764666247
-28661.500936046898	-26369.915999769222	0.4272136068034018	-27682.50467012337
-28660.837878964234	-26370.82474597102	0.4267133566783393	-27683.658688147218
-28660.17403959263	-26371.73614401113	0.42621310655327677	-27684.811814962595
-28659.509388824896	-26372.650236363235	0.42571285642821427	-27685.96404678144
-28658.84389725202	-26373.567066215503	0.4252126063031517	-27687.115379802774
-28658.17753517935	-26374.48667745463	0.4247123561780892	-27688.265810212724
-28657.510272529144	-26375.40911480397	0.4242121060530267	-27689.415334184498
-28656.842078996116	-26376.33442361894	0.4237118559279642	-27690.563947878323
-28656.172923913076	-26377.262650075252	0.4232116058029016	-27691.71164744144
-28655.502776360732	-26378.193841025975	0.42271135567783913	-27692.85842900812
-28654.831605107134	-26379.128044089703	0.4222111055527766	-27694.004288699572
-28654.159378692413	-26380.065307540757	0.421710855427714	-27695.149222623957
-28653.486065305402	-26381.005680484013	0.42121060530265153	-27696.293226876383
-28652.811632958634	-26381.94921262075	0.420710355177589	-27697.436297538843
-28652.13604931332	-26382.895954494714	0.42021010505252643	-27698.57843068019
-28651.459281857224	-26383.845957253376	0.41970985492746393	-27699.71962235616
-28650.781297804526	-26384.79927279108	0.4192096048024014	-27700.859868609292
-28650.102064093295	-26385.75595375865	0.4187093546773389	-27701.999165468933
-28649.42154751638	-26386.71605338743	0.41820910455227633	-27703.137508951197
-28648.73971456584	-26387.679625710483	0.4177088544272138	-27704.274895058974
-28648.056531515394	-26388.646725453833	0.4172086043021513	-27705.411319781855
-28647.37196451348	-26389.617407911705	0.4167083541770888	-27706.54677909613
-28646.685979399546	-26390.591729208343	0.41620810405202624	-27707.68126896479
-28645.998541895446	-26391.56974603568	0.41570785392696374	-27708.814785337432
-28645.309617506646	-26392.551515796622	0.4152076038019012	-27709.947324150307
-28644.619171531453	-26393.537096597567	0.41470735367683864	-27711.078881326255
-28643.927169159022	-26394.52654711518	0.41420710355177615	-27712.209452774678
-28643.233575325896	-26395.519926803714	0.4137068534267136	-27713.339034391505
-28642.538354892495	-26396.517295650683	0.413206603301651	-27714.46762205921
-28641.84147252093	-26397.51871435426	0.41270635317658855	-27715.59521164674
-28641.14289275377	-26398.52424421637	0.412206103051526	-27716.721799009487
-28640.44257999596	-26399.53394717296	0.4117058529264634	-27717.847379989293
-28639.74049844566	-26400.547885897624	0.41120560280140095	-27718.9719504144
-28639.03661231436	-26401.566123491375	0.4107053526763384	-27720.095506099417
-28638.330885615003	-26402.588723789853	0.4102051025512759	-27721.218042845307
-28637.62328229063	-26403.61575118355	0.40970485242621335	-27722.339556439358
-28636.913766124635	-26404.647270751102	0.4092046023011508	-27723.460042655126
-28636.20230087584	-26405.683348069044	0.4087043521760883	-27724.579497252453
-28635.48885021583	-26406.72404930578	0.40820410205102575	-27725.69791597741
-28634.773377707963	-26407.769441256078	0.40770385192596326	-27726.815294562246
-28634.055846865936	-26408.81959126038	0.4072036018009007	-27727.931628725404
-28633.33622116051	-26409.874567198567	0.40670335167583815	-27729.046914171486
-28632.614463990725	-26410.934437535383	0.40620310155077566	-27730.161146591156
-28631.89053869952	-26411.999271301764	0.4057028514257131	-27731.27432166121
-28631.16440862497	-26413.06913802326	0.40520260130065056	-27732.386435044486
-28630.436037067488	-26414.144107771244	0.40470235117558806	-27733.49748238982
-28629.705387306873	-26415.224251141462	0.4042021010505255	-27734.60745933206
-28628.97242260618	-26416.309639251518	0.40370185092546296	-27735.716361492017
-28628.2371062233	-26417.400343727004	0.40320160080040046	-27736.82418447642
-28627.499401443452	-26418.496436656416	0.4027013506753379	-27737.930923877888
-28626.759271510397	-26419.597990696104	0.40220110055027536	-27739.03657527493
-28626.016679786306	-26420.70507883573	0.40170085042521286	-27740.14113423187
-28625.271589542503	-26421.817774711963	0.4012006003001503	-27741.244596298835
-28624.52396416053	-26422.93615231224	0.4007003501750877	-27742.346957011716
-28623.77376707563	-26424.06028606095	0.40020010005002526	-27743.448211892166
-28623.0209617033	-26425.190250931897	0.3996998499249627	-27744.548356447496
-28622.26551160009	-26426.326122210008	0.3991995997999001	-27745.64738617073
-28621.507380333525	-26427.467975688345	0.39869934967483767	-27746.745296540525
-28620.74653158	-26428.615887523145	0.3981990995497751	-27747.842083021093
-28619.98292909288	-26429.769934283824	0.3976988494247126	-27748.937741062266
-28619.216536692984	-26430.930192969365	0.39719859929965007	-27750.03226609941
-28618.44731833425	-26432.096740910525	0.3966983491745875	-27751.12565355335
-28617.675238073396	-26433.269655817454	0.396198099049525	-27752.217898830422
-28616.90026003842	-26434.449015829374	0.39569784892446247	-27753.308997322383
-28616.122348553043	-26435.634899326174	0.3951975987994	-27754.398944406355
-28615.34146801834	-26436.827385110384	0.3946973486743374	-27755.487735444865
-28614.557583000224	-26438.026552274685	0.39419709854927487	-27756.575365785753
-28613.77065818442	-26439.232480271865	0.3936968484242124	-27757.661830762117
-28612.98065843529	-26440.44524882571	0.3931965982991498	-27758.747125692353
-28612.1875487726	-26441.664937967285	0.3926963481740873	-27759.83124588007
-28611.391294379628	-26442.89162802318	0.3921960980490248	-27760.914186614016
-28610.591860640838	-26444.12539955789	0.3916958479239622	-27761.995943168127
-28609.789213083328	-26445.36633346506	0.3911955977988997	-27763.076510801442
-28608.98331745618	-26446.614510844698	0.3906953476738372	-27764.155884758045
-28608.174139718896	-26447.87001302122	0.3901950975487746	-27765.234060267077
-28607.36164602557	-26449.13292156816	0.389694847423712	-27766.311032542668
-28606.545802713754	-26450.40331832588	0.3891945972986496	-27767.386796783907
-28605.726576411285	-26451.68128523397	0.38869434717358703	-27768.46134817478
-28604.903933922335	-26452.966904509653	0.38819409704852453	-27769.534681884194
-28604.07784230489	-26454.26025852576	0.387693846923462	-27770.606793065857
-28603.248268849075	-26455.561429844478	0.38719359679839943	-27771.6776768583
-28602.41518114201	-26456.870501114052	0.38669334667333694	-27772.747328384823
-28601.578546962934	-26458.187555233922	0.3861930965482744	-27773.81574275343
-28600.73833442475	-26459.51267512968	0.38569284642321183	-27774.882915056816
-28599.894511882914	-26460.845943896365	0.38519259629814934	-27775.948840372337
-28599.047047945776	-26462.187444781266	0.3846923461730868	-27777.01351376193
-28598.195911554314	-26463.537261055393	0.38419209604802423	-27778.076930272087
-28597.34107193252	-26464.895476091162	0.38369184592296174	-27779.139084933857
-28596.482498591038	-26466.262173355037	0.3831915957978992	-27780.199972762734
-28595.620161370447	-26467.637436336536	0.3826913456728367	-27781.25958875867
-28594.75403040836	-26469.021348599166	0.38219109554777414	-27782.317927905995
-28593.884076180002	-26470.413993713224	0.3816908454227116	-27783.37498517342
-28593.01026947215	-26471.81545529571	0.3811905952976491	-27784.430755513946
-28592.132581413272	-26473.225816959533	0.38069034517258654	-27785.48523386485
-28591.250983495956	-26474.645162274537	0.380190095047524	-27786.538415147643
-28590.36544752224	-26476.07357485399	0.3796898449224615	-27787.59029426801
-28589.47594568593	-26477.51113821793	0.37918959479739894	-27788.640866115773
-28588.58245051467	-26478.957935885017	0.3786893446723364	-27789.69012556487
-28587.68493490221	-26480.414051316944	0.3781890945472739	-27790.738067473263
-28586.783372155474	-26481.87956783813	0.37768884442221135	-27791.78468668294
-28585.87773591794	-26483.35456875842	0.37718859429714885	-27792.82997801985
-28584.968000226832	-26484.839137275943	0.3766883441720863	-27793.873936293854
-28584.05413952645	-26486.33335645157	0.37618809404702375	-27794.916556298682
-28583.13612865145	-26487.83730923304	0.37568784392196125	-27795.957832811917
-28582.213942829185	-26489.35107844735	0.3751875937968987	-27796.99776059488
-28581.287557724594	-26490.874746722573	0.37468734367183615	-27798.03633439267
-28580.35694937537	-26492.40839659165	0.37418709354677365	-27799.073548934037
-28579.422094272573	-26493.952110354247	0.3736868434217111	-27800.109398931407
-28578.482969322522	-26495.50597013582	0.37318659329664855	-27801.14387908076
-28577.53955185588	-26497.07005786847	0.37268634317158605	-27802.176984061673
-28576.59181965469	-26498.644455240847	0.3721860930465235	-27803.208708537182
-28575.639750931306	-26500.229243729074	0.371685842921461	-27804.239047153787
-28574.683324329148	-26501.824504590975	0.37118559279639846	-27805.26799454139
-28573.722518989387	-26503.430318748386	0.3706853426713359	-27806.295545313256
-28572.757314450064	-26505.04676695295	0.3701850925462734	-27807.32169406594
-28571.787690764606	-26506.673929580164	0.36968484242121086	-27808.346435379262
-28570.813628411313	-26508.3118867778	0.3691845922961483	-27809.36976381625
-28569.835108352334	-26509.96071836036	0.3686843421710858	-27810.391673923077
-28568.85211205298	-26511.620503770268	0.36818409204602326	-27811.41216022903
-28567.864621410372	-26513.291322194502	0.3676838419209607	-27812.431217246456
-28566.872618832283	-26514.973252423813	0.3671835917958982	-27813.448839470693
-28565.876087209166	-26516.666372894793	0.36668334167083566	-27814.465021380034
-28564.87500992838	-26518.370761659422	0.36618309154577316	-27815.479757435693
-28563.86937085534	-26520.086496411426	0.3656828414207106	-27816.493042081704
-28562.859154380676	-26521.81365439863	0.36518259129564806	-27817.50486974491
-28561.844345386176	-26523.552312475378	0.36468234117058557	-27818.515234834915
-28560.824929249004	-26525.30254708891	0.364182091045523	-27819.524131743976
-28559.80089186871	-26527.064434225875	0.36368184092046046	-27820.531554847028
-28558.772219674298	-26528.838049392933	0.36318159079539797	-27821.537498501577
-28557.7388995776	-26530.623467691523	0.3626813406703354	-27822.54195704763
-28556.70091903433	-26532.420763704165	0.36218109054527287	-27823.5449248077
-28555.65826601926	-26534.230011530788	0.36168084042021037	-27824.546396086713
-28554.610929033588	-26536.05128476852	0.3611805902951479	-27825.546365171966
-28553.55889711392	-26537.88465648843	0.3606803401700853	-27826.54482633304
-28552.502159815707	-26539.73019925766	0.3601800900450228	-27827.541773821813
-28551.44070723283	-26541.587985097023	0.3596798399199603	-27828.537201872325
-28550.374530003402	-26543.458085463062	0.3591795897948978	-27829.531104700767
-28549.303619319307	-26545.340571223118	0.35867933966983523	-27830.523476505416
-28548.227966873306	-26547.235512741972	0.3581790895447727	-27831.514311466584
-28547.14756494065	-26549.142979728	0.3576788394197102	-27832.50360374653
-28546.062406323843	-26551.06304132388	0.35717858929464763	-27833.49134748944
-28544.972484382128	-26552.995766045555	0.3566783391695851	-27834.47753682136
-28543.877793010222	-26554.94122181209	0.3561780890445226	-27835.462165850106
-28542.778326676937	-26556.8994758677	0.35567783891946003	-27836.445228665245
-28541.67408038879	-26558.87059483881	0.3551775887943975	-27837.426719338022
-28540.565049716177	-26560.854644678093	0.354677338669335	-27838.40663192128
-28539.451230769395	-26562.85169069929	0.35417708854427243	-27839.384960449417
-28538.332620242156	-26564.86179748924	0.3536768384192099	-27840.361698938348
-28537.20921535381	-26566.885029004177	0.3531765882941474	-27841.336841385404
-28536.081013912328	-26568.9214484457	0.35267633816908484	-27842.310381769268
-28534.948014257854	-26570.971118355057	0.3521760880440223	-27843.282314049964
-28533.810215325015	-26573.034100489498	0.3516758379189598	-27844.25263216875
-28532.66761657239	-26575.110455942533	0.35117558779389724	-27845.221330048047
-28531.520218055386	-26577.200245000524	0.35067533766883474	-27846.188401591426
-28530.368020358615	-26579.30352725785	0.3501750875437722	-27847.15384068351
-28529.21102465501	-26581.42036149792	0.34967483741870964	-27848.117641189874
-28528.049232655503	-26583.55080577706	0.34917458729364714	-27849.079796957078
-28526.882646655366	-26585.69491732845	0.3486743371685846	-27850.040301812514
-28525.711269501207	-26587.852752613653	0.3481740870435221	-27850.99914956437
-28524.53510458971	-26590.02436731532	0.34767383691845954	-27851.956334001567
-28523.354155901096	-26592.20981626452	0.347173586793397	-27852.9118488937
-28522.16842795994	-26594.409153503962	0.3466733366683345	-27853.865687990958
-28520.977925847277	-26596.622432255328	0.34617308654327195	-27854.817845024052
-28519.782655218984	-26598.84970487441	0.3456728364182094	-27855.768313704175
-28518.582622266815	-26601.091022914225	0.3451725862931469	-27856.7170877229
-28517.37783375594	-26603.346437043885	0.34467233616808435	-27857.664160752134
-28516.16829700027	-26605.61599708475	0.3441720860430218	-27858.609526444052
-28514.95401987517	-26607.89975197575	0.3436718359179593	-27859.553178430997
-28513.735010780943	-26610.197749832616	0.34317158579289675	-27860.49511032544
-28512.51127869593	-26612.51003783602	0.3426713356678342	-27861.435315719922
-28511.282833141227	-26614.836662287955	0.3421710855427717	-27862.37378818693
-28510.04968417245	-26617.17766861718	0.34167083541770915	-27863.310521278876
-28508.811842400402	-26619.533101328707	0.34117058529264666	-27864.245508528016
-28507.56931897547	-26621.903004022875	0.3406703351675841	-27865.178743446348
-28506.3221255876	-26624.28741938466	0.34017008504252155	-27866.11021952557
-28505.070274460984	-26626.686389183087	0.33966983491745906	-27867.039930237024
-28503.81377835901	-26629.09995425045	0.3391695847923965	-27867.967869031545
-28502.55265057114	-26631.528154497162	0.33866933466733395	-27868.89402933948
-28501.286904923025	-26633.971028880762	0.33816908454227146	-27869.818404570564
-28500.016555755898	-26636.42861543521	0.3376688344172089	-27870.740988113845
-28498.74161795087	-26638.900951212156	0.33716858429214636	-27871.661773337615
-28497.462106888004	-26641.38807235009	0.33666833416708386	-27872.580753589347
-28496.178038470443	-26643.890014015982	0.3361680840420213	-27873.497922195605
-28494.889429128896	-26646.40681038491	0.3356678339169588	-27874.413272461956
-28493.59629578184	-26648.938494707607	0.33516758379189626	-27875.32679767292
-28492.298655867948	-26651.48509923511	0.3346673336668337	-27876.238491091874
-28490.996527311123	-26654.046655276783	0.3341670835417712	-27877.148345960977
-28489.689928549855	-26656.62319313082	0.33366683341670866	-27878.05635550108
-28488.37887850432	-26659.214742138454	0.3331665832916461	-27878.96251291169
-28487.06339658749	-26661.82133065047	0.3326663331665836	-27879.866811370823
-28485.74350270273	-26664.442986020702	0.33216608304152107	-27880.769244034964
-28484.41921721491	-26667.079734652878	0.3316658329164585	-27881.669804039007
-28483.09056098396	-26669.731601921707	0.331165582791396	-27882.56848449611
-28481.757555330907	-26672.398612230067	0.33066533266633347	-27883.46527849766
-28480.420222037472	-26675.080788998694	0.33016508254127097	-27884.360179113213
-28479.078583358445	-26677.778154629643	0.3296648324162084	-27885.25317939032
-28477.73266199347	-26680.490730552377	0.32916458229114587	-27886.14427235453
-28476.3824810954	-26683.218537195666	0.3286643321660834	-27887.033451009294
-28475.028064260227	-26685.961593996675	0.3281640820410208	-27887.92070833582
-28473.669435521384	-26688.719919401632	0.32766383191595827	-27888.806037293052
-28472.306619357336	-26691.493530839034	0.3271635817908958	-27889.68943081758
-28470.939640656008	-26694.28244478126	0.3266633316658332	-27890.570881823485
-28469.568524740596	-26697.086676680825	0.32616308154077067	-27891.45038320234
-28468.1932973445	-26699.90624101068	0.3256628314157082	-27892.32792782308
-28466.813984610868	-26702.741151254162	0.3251625812906456	-27893.2035085319
-28465.43061308872	-26705.591419902088	0.32466233116558313	-27894.07711815219
-28464.043209719395	-26708.457058469896	0.32416208104052063	-27894.94874948444
-28462.651801845313	-26711.338077468503	0.3236618309154581	-27895.818395306145
-28461.256417179193	-26714.234486457637	0.3231615807903956	-27896.686048371725
-28459.857083818893	-26717.146294004044	0.32266133066533303	-27897.5517014124
-28458.45383023403	-26720.07350769889	0.3221610805402705	-27898.415347136164
-28457.04668525473	-26723.016134170444	0.321660830415208	-27899.276978227615
-28455.63567807083	-26725.974179075307	0.32116058029014544	-27900.136587347904
-28454.22083821854	-26728.947647116114	0.3206603301650829	-27900.99416713467
-28452.802195575772	-26731.936542040683	0.3201600800400204	-27901.849710201855
-28451.37978036489	-26734.940866626013	0.31965982991495784	-27902.703209139705
-28449.9536231232	-26737.96062273052	0.3191595797898953	-27903.554656514632
-28448.523754721453	-26740.995811244422	0.3186593296648328	-27904.40404486909
-28447.090206330264	-26744.04643215126	0.31815907953977024	-27905.251366721535
-28445.653009435864	-26747.112484484278	0.31765882941470774	-27906.0966145663
-28444.212195817796	-26750.193966363975	0.3171585792896452	-27906.93978087346
-28442.767797544453	-26753.290874998118	0.31665832916458264	-27907.78085808881
-28441.319846965478	-26756.403206688286	0.31615807903952015	-27908.61983863372
-28439.86837670977	-26759.53095682433	0.3156578289144576	-27909.45671490501
-28438.413419663993	-26762.674119921405	0.31515757878939504	-27910.29147927488
-28436.95500897515	-26765.83268960517	0.31465732866433255	-27911.12412409085
-28435.49317804224	-26769.006658620303	0.31415707853927	-27911.95464167557
-28434.027960499807	-26772.196018857157	0.31365682841420744	-27912.78302432675
-28432.559390216957	-26775.400761345092	0.31315657828914495	-27913.609264317114
-28431.08750128729	-26778.62087626526	0.3126563281640824	-27914.43335389421
-28429.612328016745	-26781.856352968545	0.3121560780390199	-27915.25528528034
-28428.13390491924	-26785.107179976545	0.31165582791395735	-27916.075050672465
-28426.652266705903	-26788.373344996715	0.3111555777888948	-27916.892642242114
-28425.167448274602	-26791.654834936973	0.3106553276638323	-27917.708052135196
-28423.679484708307	-26794.951635901223	0.31015507753876975	-27918.521272471993
-28422.188411250907	-26798.263733234864	0.3096548274137072	-27919.33229534699
-28420.69426332008	-26801.591111488164	0.3091545772886447	-27920.141112828773
-28419.19707647896	-26804.933754471585	0.30865432716358215	-27920.947716959923
-28417.696886429487	-26808.29164526319	0.3081540770385196	-27921.75209975693
-28416.193729018607	-26811.66476618719	0.3076538269134571	-27922.55425321004
-28414.687640211403	-26815.05309886681	0.30715357678839456	-27923.35416928315
-28413.1786560842	-26818.456624233022	0.30665332666333206	-27924.151839913728
-28411.666812831576	-26821.87532250151	0.3061530765382695	-27924.947257012667
-28410.152146730667	-26825.309173246653	0.305652826413207	-27925.740412464165
-28408.634694158423	-26828.758155355907	0.30515257628814446	-27926.53129812564
-28407.114491557913	-26832.22224709995	0.30465232616308197	-27927.319905827597
-28405.591575449664	-26835.701426100495	0.3041520760380194	-27928.10622737348
-28404.065982404634	-26839.195669386194	0.30365182591295686	-27928.890254539605
-28402.537749045638	-26842.704953383534	0.30315157578789437	-27929.671979075036
-28401.00691203239	-26846.229253945367	0.3026513256628318	-27930.451392701398
-28399.473508057865	-26849.76854635407	0.3021510755377693	-27931.228487112847
-28397.93757382719	-26853.322805364936	0.30165082541270677	-27932.003253975894
-28396.399146060263	-26856.892005195095	0.3011505752876442	-27932.775684929282
-28394.85826147299	-26860.476119562325	0.3006503251625817	-27933.54577158389
-28393.31495677398	-26864.07512168814	0.30015007503751917	-27934.3135055226
-28391.769268646196	-26867.688984336044	0.2996498249124567	-27935.078878300134
-28390.221233742704	-26871.31767981775	0.2991495747873941	-27935.841881442993
-28388.67088868193	-26874.961180000108	0.2986493246623316	-27936.60250644929
-28387.11827002705	-26878.619456349796	0.2981490745372691	-27937.36074478861
-28385.563414278982	-26882.29247994662	0.2976488244122065	-27938.116587901914
-28384.006357868817	-26885.980221498183	0.297148574287144	-27938.870027201403
-28382.447137150735	-26889.68265135368	0.2966483241620815	-27939.62105407037
-28380.885788383057	-26893.39973954613	0.2961480740370189	-27940.369659863067
-28379.32234772459	-26897.131455798823	0.2956478239119564	-27941.115835904613
-28377.756851221944	-26900.877769553237	0.2951475737868939	-27941.85957349081
-28376.189334805345	-26904.63864997727	0.29464732366183133	-27942.60086388802
-28374.619834267214	-26908.414066014902	0.2941470735367688	-27943.339698333068
-28373.04838526122	-26912.20398638719	0.2936468234117063	-27944.07606803308
-28371.475023290743	-26916.008379618776	0.29314657328664373	-27944.80996416529
-28369.899783696346	-26919.82721406758	0.2926463231615812	-27945.541377877023
-28368.32270164377	-26923.660457953258	0.2921460730365187	-27946.27030028546
-28366.743812123506	-26927.508079357875	0.29164582291145613	-27946.996722477503
-28365.16314992949	-26931.370046278	0.29114557278639364	-27947.720635509697
-28363.580749651217	-26935.246326644068	0.2906453226613311	-27948.44203040802
-28361.996645672178	-26939.13688832512	0.29014507253626853	-27949.16089816778
-28360.410872151337	-26943.04169917487	0.28964482241120604	-27949.87722975345
-28358.82346301415	-26946.96072705518	0.2891445722861435	-27950.591016098548
-28357.234451946868	-26950.89393985156	0.288644322161081	-27951.30224810545
-28355.643872380242	-26954.84130551534	0.28814407203601844	-27952.010916645282
-28354.05175748741	-26958.802792071107	0.2876438219109559	-27952.717012557758
-28352.45814016454	-26962.77836766707	0.2871435717858934	-27953.42052665101
-28350.863053032434	-26966.76800057418	0.28664332166083084	-27954.121449701477
-28349.266528416123	-26970.771659239857	0.2861430715357683	-27954.819772453728
-28347.668598339933	-26974.789312303954	0.2856428214107058	-27955.5154856203
-28346.069294519635	-26978.820928622274	0.28514257128564324	-27956.208579881568
-28344.468648349062	-26982.86647730427	0.2846423211605807	-27956.899045885588
-28342.866690892148	-26986.92592773753	0.2841420710355182	-27957.586874247914
-28341.263452873514	-26990.999249616416	0.28364182091045564	-27958.272055551464
-28339.658964667342	-26995.08641297544	0.2831415707853931	-27958.954580346373
-28338.05325629079	-26999.187388211434	0.2826413206603306	-27959.634439149802
-28336.446357393652	-27003.30214611565	0.28214107053526805	-27960.31162244578
-28334.838297246086	-27007.430657911413	0.2816408204102055	-27960.986120685095
-28333.229104733964	-27011.57289527246	0.281140570285143	-27961.657924285057
-28331.618808345014	-27015.72883036537	0.28064032016008045	-27962.327023629365
-28330.00743616528	-27019.898435866126	0.2801400700350179	-27962.993409067967
-28328.395015864953	-27024.081685004032	0.2796398199099554	-27963.65707091685
-28326.781574690205	-27028.278551590967	0.27913956978489285	-27964.3179994579
-28325.167139458088	-27032.489010043006	0.27863931965983035	-27964.97618493873
-28323.55173654312	-27036.713035423913	0.2781390695347678	-27965.631617572493
-28321.935391874078	-27040.95060346258	0.27763881940970525	-27966.284287537717
-28320.318130916163	-27045.201690609196	0.27713856928464276	-27966.934184978163
-28318.69997867158	-27049.466274043596	0.2766383191595802	-27967.581300002606
-28317.080959668056	-27053.74433171551	0.2761380690345177	-27968.225622684662
-28315.46109794856	-27058.035842382455	0.27563781890945516	-27968.867143062653
-28313.840417064475	-27062.34078563862	0.2751375687843926	-27969.5058511394
-28312.218940069408	-27066.659141942662	0.27463731865933017	-27970.141736882022
-28310.59668950689	-27070.990892662194	0.2741370685342676	-27970.7747902218
-28308.973687406837	-27075.336020095398	0.27363681840920506	-27971.40500105398
-28307.349955273025	-27079.694507516797	0.27313656828414257	-27972.032359237557
-28305.72551408143	-27084.06633919499	0.27263631815908	-27972.65685459513
-28304.10038426528	-27088.451500445848	0.27213606803401746	-27973.278476912717
-28302.47458571427	-27092.849977648486	0.27163581790895497	-27973.89721593952
-28300.848137763245	-27097.26175828989	0.2711355677838924	-27974.513061387777
-28299.22105918618	-27101.686830995957	0.2706353176588299	-27975.126002932597
-28297.593368187998	-27106.125185568253	0.27013506753376737	-27975.73603021168
-28295.96508239905	-27110.576813014748	0.2696348174087048	-27976.343132825194
-28294.33621886979	-27115.041705580064	0.2691345672836423	-27976.947300335585
-28292.706794056736	-27119.519856799703	0.26863431715857977	-27977.548522267327
-28291.076823825668	-27124.01126150835	0.2681340670335172	-27978.146788106766
-28289.446323438144	-27128.515915893637	0.2676338169084547	-27978.74208730192
-28287.81530754628	-27133.033817527925	0.2671335667833922	-27979.334409262236
-28286.183790192197	-27137.56496538794	0.2666333166583296	-27979.923743358446
-28284.55178479208	-27142.109359916805	0.2661330665332671	-27980.51007892232
-28282.9193041381	-27146.667003037695	0.2656328164082046	-27981.093405246498
-28281.286360390204	-27151.237898195526	0.265132566283142	-27981.67371158421
-28279.652965070825	-27155.822050391438	0.26463231615807953	-27982.250987149167
-28278.0191290576	-27160.419466222942	0.264132066033017	-27982.82522111528
-28276.384862581275	-27165.030153910175	0.2636318159079545	-27983.396402616458
-28274.750175215995	-27169.65412334393	0.26313156578289193	-27983.964520746405
-28273.115075878886	-27174.29138610821	0.2626313156578294	-27984.529564558423
-28271.479572824912	-27178.941955516246	0.2621310655327669	-27985.091523065163
-28269.843673638246	-27183.605846656814	0.26163081540770433	-27985.6503852384
-28268.20738523114	-27188.28307642015	0.2611305652826418	-27986.20614000886
-28266.570713838806	-27192.973663535304	0.2606303151575793	-27986.758776265957
-28264.933665013286	-27197.677628610778	0.26013006503251673	-27987.308282857557
-28263.296243625882	-27202.39499415171	0.2596298149074542	-27987.854648589815
-28261.658453853666	-27207.125784622112	0.2591295647823917	-27988.39786222688
-28260.020299184467	-27211.87002645551	0.25862931465732913	-27988.937912490685
-28258.38178240717	-27216.6277481078	0.25812906453226664	-27989.474788060757
-28256.742905614014	-27221.398980075865	0.2576288144072041	-27990.00847757392
-28255.10367019307	-27226.18375494525	0.25712856428214154	-27990.538969624096
-28253.464076826393	-27230.98210742181	0.25662831415707904	-27991.066252762084
-28251.824125489344	-27235.794074360118	0.2561280640320165	-27991.590315495265
-28250.183815444572	-27240.619694808254	0.25562781390695394	-27992.111146287414
-28248.543145244068	-27245.459010029273	0.25512756378189144	-27992.628733558453
-28246.90211272339	-27250.31206354581	0.2546273136568289	-27993.143065684177
-28245.260715000702	-27255.17890117122	0.25412706353176634	-27993.654130996012
-28243.618948476287	-27260.05957103988	0.25362681340670384	-27994.16191778081
-28241.976808828917	-27264.954123646698	0.2531265632816413	-27994.666414280542
-28240.334291014726	-27269.862611880144	0.2526263131565788	-27995.16760869208
-28238.69138927057	-27274.785091042035	0.25212606303151625	-27995.665489166928
-28237.0480971049	-27279.721618905016	0.2516258129064537	-27996.16004381098
-28235.40440730475	-27284.672255722326	0.2511255627813912	-27996.65126068425
-28233.760311931266	-27289.637064272174	0.25062531265632865	-27997.139127800598
-28232.115802319197	-27294.61610989081	0.25012506253126615	-27997.623633127503
-28230.47086907818	-27299.60946050033	0.2496248124062036	-27998.10476458576
-28228.825502092943	-27304.61718664053	0.24912456228114113	-27998.58251004927
-28227.179690521603	-27309.639361506113	0.24862431215607855	-27999.056857344665
-28225.533422799435	-27314.676060968784	0.24812406203101603	-27999.52779425116
-28223.88668663686	-27319.727363616286	0.24762381190595353	-27999.995308500198
-28222.23946902034	-27324.793350783446	0.24712356178089095	-28000.459387775205
-28220.59175621639	-27329.874106574014	0.24662331165582843	-28000.92001971129
-28218.94353377014	-27334.96971789944	0.24612306153076594	-28001.377191895008
-28217.294786507613	-27340.080274506563	0.24562281140570336	-28001.830891864032
-28215.645498538655	-27345.2058690037	0.24512256128064083	-28002.281107106875
-28213.99565325828	-27350.346596892017	0.2446223111555783	-28002.72782506263
-28212.345233346918	-27355.502556600437	0.24412206103051576	-28003.171033120663
-28210.694220777415	-27360.67384950004	0.24362181090545323	-28003.610718620297
-28209.04259681412	-27365.86057994342	0.2431215607803907	-28004.046868850557
-28207.390342016355	-27371.062855290602	0.24262131065532824	-28004.479471049875
-28205.737436243173	-27376.28078593109	0.24212106053026564	-28004.90851240573
-28204.083858654758	-27381.514485317093	0.2416208104052031	-28005.333980054413
-28202.429587718332	-27386.764069982575	0.24112056028014064	-28005.755861080695
-28200.774601208785	-27392.029659579173	0.24062031015507804	-28006.174142517517
-28199.118876217213	-27397.311376887657	0.24012006003001551	-28006.588811345682
-28197.462389150445	-27402.609347857902	0.23961980990495305	-28006.99985449355
-28195.805115739546	-27407.923701620803	0.23911955977989047	-28007.407258836713
-28194.147031041637	-27413.25457052158	0.23861930965482792	-28007.811011197682
-28192.48810944751	-27418.60209013494	0.23811905952976545	-28008.211098345568
-28190.828324684633	-27423.966399295048	0.23761880940470287	-28008.607506995762
-28189.16764982339	-27429.347640115397	0.23711855927964035	-28009.000223809588
-28187.506057283885	-27434.74595800719	0.23661830915457785	-28009.389235394003
-28185.843518840822	-27440.161501703995	0.23611805902951533	-28009.77452830126
-28184.18000562815	-27445.594423287115	0.2356178089044528	-28010.156089028536
-28182.51548815012	-27451.044878190965	0.23511755877939025	-28010.53390401765
-28180.849936282215	-27456.5130252409	0.23461730865432773	-28010.907959654713
-28179.183319282485	-27461.999026657435	0.2341170585292652	-28011.278242269716
-28177.51560579542	-27467.50304808528	0.23361680840420268	-28011.64473813627
-28175.846763861697	-27473.025258603113	0.23311655827914013	-28012.00743347125
-28174.176760924933	-27478.565830742897	0.2326163081540776	-28012.366314434363
-28172.50556383897	-27484.124940508176	0.23211605802901508	-28012.72136712787
-28170.8331388757	-27489.70276739042	0.23161580790395253	-28013.072577596216
-28169.159451734977	-27495.299494378392	0.23111555777889	-28013.41993182565
-28167.484467551363	-27500.91530797822	0.23061530765382748	-28013.763415743848
-28165.808150903486	-27506.550398224957	0.23011505752876496	-28014.10301521958
-28164.130465822625	-27512.20495869669	0.2296148074037024	-28014.43871606234
-28162.451375802782	-27517.87918652342	0.22911455727863989	-28014.77050402192
-28160.770843809212	-27523.573282401667	0.22861430715357736	-28015.09836478808
-28159.088832288147	-27529.28745060468	0.2281140570285148	-28015.422283990167
-28157.405303176947	-27535.02189899119	0.2276138069034523	-28015.742247196697
-28155.720217913786	-27540.776839016085	0.22711355677838976	-28016.058239915008
-28154.03353744827	-27546.552485737433	0.22661330665332724	-28016.370247590836
-28152.345222251945	-27552.34905782411	0.2261130565282647	-28016.67825560793
-28150.655232328547	-27558.16677756422	0.22561280640320217	-28016.98224928767
-28148.963527225296	-27564.005870869783	0.22511255627813964	-28017.282213888637
-28147.270066044217	-27569.866567281322	0.22461230615307712	-28017.57813460623
-28145.574807452624	-27575.749099975226	0.22411205602801457	-28017.869996572244
-28143.87770969655	-27581.653705760767	0.22361180590295204	-28018.15778485448
-28142.17873060977	-27587.580625092265	0.22311155577788952	-28018.44148445629
-28140.477827629198	-27593.530102059023	0.22261130565282697	-28018.721080316176
-28138.77495780403	-27599.502384396907	0.22211105552776444	-28018.9965573074
-28137.070077809185	-27605.497723484503	0.22161080540270192	-28019.267900237483
-28135.363143959443	-27611.516374337007	0.2211105552776394	-28019.53509384783
-28133.654112219923	-27617.558595612558	0.22061030515257685	-28019.798122813296
-28131.94293822051	-27623.624649604317	0.22011005502751432	-28020.056971741706
-28130.229577268434	-27629.714802239025	0.2196098049024518	-28020.311625173432
-28128.51398436241	-27635.829323069942	0.21910955477738925	-28020.56206758097
-28126.79611420574	-27641.968485272646	0.21860930465232672	-28020.80828336844
-28125.07592121971	-27648.13256564003	0.2181090545272642	-28021.050256871167
-28123.35335955832	-27654.32184457211	0.21760880440220168	-28021.287972355218
-28121.62838312285	-27660.53660606573	0.21710855427713913	-28021.5214140169
-28119.900945574438	-27666.777137711633	0.2166083041520766	-28021.750565982344
-28118.171000350583	-27673.043730676698	0.21610805402701408	-28021.975412307
-28116.438500678574	-27679.336679696866	0.21560780390195156	-28022.195936975164
-28114.703399591173	-27685.65628306169	0.215107553776889	-28022.41212389949
-28112.96564994079	-27692.002842603943	0.21460730365182648	-28022.623956920525
-28111.225204416183	-27698.37666367936	0.21410705352676396	-28022.831419806196
-28109.482015555783	-27704.778055158535	0.2136068034017014	-28023.03449625132
-28107.736035765276	-27711.20732940275	0.21310655327663888	-28023.233169877112
-28105.987217332156	-27717.664802250114	0.21260630315157636	-28023.42742423067
-28104.235512442072	-27724.150792995006	0.21210605302651386	-28023.617242784465
-28102.480873194065	-27730.66562437084	0.2116058029014513	-28023.802608935825
-28100.723251618263	-27737.209622523395	0.2111055527763888	-28023.98350600644
-28098.962599690523	-27743.783116994502	0.21060530265132626	-28024.159917241785
-28097.198869350388	-27750.38644069334	0.2101050525262637	-28024.331825810637
-28095.432012516463	-27757.019929876536	0.2096048024012012	-28024.499214804542
-28093.661981103527	-27763.683924120876	0.20910455227613867	-28024.66206723722
-28091.888727040037	-27770.378766294434	0.20860430215107617	-28024.82036604408
-28090.112202284272	-27777.1048025318	0.20810405202601362	-28024.974094081655
-28088.332358841893	-27783.86238220328	0.2076038019009511	-28025.123234127022
-28086.549148783244	-27790.6518578845	0.20710355177588857	-28025.26776887725
-28084.762524259808	-27797.473585328622	0.20660330165082605	-28025.40768094886
-28082.972437523473	-27804.32792342675	0.2061030515257635	-28025.542952877226
-28081.17884094204	-27811.215234182226	0.20560280140070097	-28025.673567115984
-28079.381687018227	-27818.135882670784	0.20510255127563845	-28025.79950603651
-28077.58092840714	-27825.09023700541	0.2046023011505759	-28025.920751927246
-28075.776517933817	-27832.07866830059	0.20410205102551338	-28026.037286993167
-28073.968408611076	-27839.10155063428	0.20360180090045085	-28026.14909335517
-28072.156553658482	-27846.159261004595	0.20310155077538833	-28026.25615304944
-28070.340906518966	-27853.252179294992	0.20260130065032578	-28026.358448026866
-28068.521420878078	-27860.380688228106	0.20210105052526325	-28026.45596015242
-28066.698050682025	-27867.54517332331	0.20160080040020073	-28026.548671204506
-28064.87075015585	-27874.746022853098	0.20110055027513818	-28026.636562874355
-28063.039473821296	-27881.98362779941	0.20060030015007566	-28026.719616765382
-28061.204176516014	-27889.258381803964	0.20010005002501313	-28026.797814392543
-28059.364813411466	-27896.570681122255	0.1995997998999506	-28026.871137181653
-28057.52134003186	-27903.920924573136	0.19909954977488806	-28026.939566468795
-28055.673712271713	-27911.309513492233	0.19859929964982553	-28027.0030834996
-28053.821886415582	-27918.73685167566	0.198099049524763	-28027.061669428585
-28051.96581915607	-27926.20334532998	0.1975987993997005	-28027.115305318497
-28050.10546761182	-27933.709403020664	0.19709854927463794	-28027.163972139624
-28048.240789347517	-27941.255435611372	0.1965982991495754	-28027.207650769076
-28046.371742391013	-27948.84185621406	0.1960980490245129	-28027.24632199013
-28044.49828525269	-27956.469080128303	0.19559779889945034	-28027.27996649149
-28042.62037694392	-27964.13752478346	0.1950975487743878	-28027.30856486659
-28040.737976995864	-27971.847609678127	0.1945972986493253	-28027.332097612874
-28038.85104547753	-27979.599756321386	0.19409704852426277	-28027.350545131067
-28036.95954301437	-27987.394388170498	0.19359679839920022	-28027.363887724438
-28035.06343080741	-27995.231930565125	0.1930965482741377	-28027.372105598046
-28033.162670650763	-28003.112810667197	0.19259629814907517	-28027.37517885803
-28031.257224950878	-28011.037457391765	0.19209604802401262	-28027.37308751081
-28029.347056744326	-28019.006301342917	0.1915957978989501	-28027.365811462314
-28027.432129716322	-28027.019774745306	0.19109554777388757	-28027.35333051726
-28025.512408219078	-28035.078311374855	0.19059529764882505	-28027.335624378335
-28023.587857289647	-28043.18234648991	0.1900950475237625	-28027.312672645374
-28021.658442668177	-28051.3323167599	0.18959479739869997	-28027.28445481463
-28019.72413081603	-28059.528660192595	0.18909454727363745	-28027.250950277932
-28017.7848889336	-28067.771816061213	0.18859429714857492	-28027.212138321847
-28015.840684977906	-28076.06222483118	0.18809404702351237	-28027.167998126897
-28013.89148768054	-28084.400328083873	0.18759379689844985	-28027.118508766707
-28011.937266565164	-28092.786568440402	0.18709354677338733	-28027.063649207154
-28009.97799196494	-28101.221389484577	0.18659329664832477	-28027.003398305522
-28008.013635039864	-28109.705235684625	0.18609304652326225	-28026.937734809675
-28006.044167794298	-28118.238552312032	0.18559279639819973	-28026.866637357118
-28004.06956309317	-28126.82178536513	0.1850925462731372	-28026.790084474174
-28002.089794679934	-28135.45538148326	0.18459229614807465	-28026.708054575094
-28000.104837192357	-28144.139787868327	0.18409204602301213	-28026.62052596112
-27998.11466617979	-28152.875452198798	0.1835917958979496	-28026.5274768196
-27996.11925811945	-28161.662822546165	0.18309154577288708	-28026.42888522309
-27994.118590431975	-28170.502347292706	0.18259129564782453	-28026.324729128406
-27992.11264149849	-28179.39447504096	0.182091045522762	-28026.214986375657
-27990.1013906757	-28188.339654530562	0.18159079539769948	-28026.09963468736
-27988.084818311738	-28197.338334549415	0.18109054527263696	-28025.978651667436
-27986.062905761664	-28206.39096384502	0.18059029514757444	-28025.852014800228
-27984.035635402524	-28215.49799103604	0.1800900450225119	-28025.71970144958
-27982.002990648325	-28224.65986452217	0.17958979489744936	-28025.581688857787
-27979.964955964966	-28233.877032392717	0.17908954477238684	-28025.437954144625
-27977.921516884548	-28243.149942335873	0.17858929464732431	-28025.28847430632
-27975.87266001944	-28252.479041547464	0.17808904452226176	-28025.133226214526
-27973.818373076727	-28261.864776636266	0.17758879439719924	-28024.972186615316
-27971.758644871315	-28271.307593533093	0.17708854427213672	-28024.80533212808
-27969.69346533997	-28280.807937394253	0.17658829414707417	-28024.632639244504
-27967.62282555399	-28290.366252509357	0.17608804402201167	-28024.45408432752
-27965.546717732326	-28299.982982204514	0.17558779389694912	-28024.269643610136
-27963.465135253937	-28309.658568748335	0.17508754377188657	-28024.079293194427
-27961.37807267018	-28319.39345325492	0.17458729364682407	-28023.88300905041
-27959.28552571674	-28329.188075587186	0.17408704352176155	-28023.680767014845
-27957.187491324985	-28339.04287426156	0.17358679339669897	-28023.472542790212
-27955.08396763351	-28348.958286349367	0.17308654327163647	-28023.258311943508
-27952.974953998862	-28358.93474737985	0.17258629314657395	-28023.038049905037
-27950.860451006334	-28368.972691241906	0.17208604302151137	-28022.811731967333
-27948.740460479927	-28379.072550086923	0.17158579289644887	-28022.579333283928
-27946.61498549222	-28389.234754230154	0.17108554277138635	-28022.340828868095
-27944.48403037387	-28399.459732052797	0.17058529264632383	-28022.096193591737
-27942.347600722904	-28409.7479099019	0.17008504252126128	-28021.845402184063
-27940.20570341304	-28420.0997119938	0.16958479239619875	-28021.58842923039
-27938.058346602153	-28430.515560314794	0.16908454227113623	-28021.325249170874
-27935.90553974031	-28440.995874521643	0.16858429214607368	-28021.055836299245
-27933.747293576824	-28451.54107184501	0.16808404202101115	-28020.780164761472
-27931.583620167516	-28462.15156699031	0.16758379189594863	-28020.498208554527
-27929.414532881543	-28472.827772038025	0.16708354177088608	-28020.209941524998
-27927.240046407187	-28483.570096347954	0.16658329164582356	-28019.915337367805
-27925.060176757626	-28494.37894646084	0.16608304152076103	-28019.614369624793
-27922.874941276288	-28505.254726000938	0.1655827913956985	-28019.30701168342
-27920.684358641764	-28516.19783557809	0.16508254127063599	-28018.993236775324
-27918.48844887165	-28527.208672693745	0.16458229114557343	-28018.673017974936
-27916.287233326864	-28538.287631642605	0.1640820410205109	-28018.34632819808
-27914.08073471464	-28549.43510341871	0.1635817908954484	-28018.0131402005
-27911.86897709163	-28560.651475619565	0.16308154077038584	-28017.673426576428
-27909.65198586588	-28571.937132353818	0.1625812906453233	-28017.327159757115
-27907.429787799025	-28583.292454145703	0.16208104052026082	-28016.974312009293
-27905.202411007267	-28594.717817844885	0.1615807903951983	-28016.614855433756
-27902.9698849624	-28606.213596532827	0.16108054027013574	-28016.24876196374
-27900.732240491663	-28617.780159434424	0.16058029014507322	-28015.876003363413
-27898.48950977779	-28629.417871826638	0.1600800400200107	-28015.496551226333
-27896.241726357923	-28641.127094950993	0.15957978989494814	-28015.110376973826
-27893.988925122198	-28652.908185926102	0.15907953976988562	-28014.717451853383
-27891.731142311728	-28664.761497661875	0.1585792896448231	-28014.31774693704
-27889.468415515996	-28676.68737877519	0.15807903951976057	-28013.91123311975
-27887.200783669858	-28688.686173505455	0.15757878939469802	-28013.497881117688
-27884.928287049443	-28700.758221634835	0.1570785392696355	-28013.07766146656
-27882.650967268062	-28712.903858406946	0.15657828914457297	-28012.650544519925
-27880.368867271198	-28725.123414448448	0.15607803901951045	-28012.216500447437
-27878.082031330876	-28737.41721569255	0.1555777888944479	-28011.775499233067
-27875.790505039473	-28749.78558330465	0.15507753876938538	-28011.327510673393
-27873.49433530288	-28762.228833609177	0.15457728864432285	-28010.87250437574
-27871.193570333133	-28774.74727801834	0.1540770385192603	-28010.410449756368
-27868.888259640276	-28787.341222963878	0.15357678839419778	-28009.94131603865
-27866.578454023525	-28800.01096983095	0.15307653826913528	-28009.465072251176
-27864.264205562064	-28812.756814892928	0.15257628814407276	-28008.981687225853
-27861.94556760488	-28825.57904925049	0.1520760380190102	-28008.49112959601
-27859.6225947601	-28838.477958772084	0.15157578789394768	-28007.993367794435
-27857.295342883623	-28851.453824037228	0.15107553776888516	-28007.4883700514
-27854.963869067018	-28864.50692028277	0.1505752876438226	-28006.976104392652
-27852.628231624833	-28877.63751735225	0.15007503751876008	-28006.456538637452
-27850.28849008124	-28890.845879646564	0.14957478739369756	-28005.929640396414
-27847.94470515578	-28904.132266080593	0.14907453726863504	-28005.395377069533
-27845.596938748768	-28917.496930039706	0.1485742871435725	-28004.85371584402
-27843.245253925597	-28930.940119342366	0.14807403701850996	-28004.304623692162
-27840.88971490061	-28944.462076204574	0.14757378689344744	-28003.748067369183
-27838.530387020317	-28958.063037207656	0.14707353676838494	-28003.184013411053
-27836.16733674545	-28971.74323327176	0.14657328664332236	-28002.612428132248
-27833.800631633014	-28985.502889629384	0.14607303651825984	-28002.03327762348
-27831.430340316892	-28999.342225807246	0.14557278639319735	-28001.446527749456
-27829.056532488237	-29013.26145560864	0.14507253626813477	-28000.852144146527
-27826.679278874846	-29027.260787101994	0.14457228614307224	-28000.250092220344
-27824.29865122003	-29041.340422612484	0.14407203601800975	-27999.640337143504
-27821.91472226052	-29055.50055871888	0.1435717858929472	-27999.022843853094
-27819.527565703716	-29069.74138625533	0.14307153576788464	-27998.39757704827
-27817.137256204398	-29084.063090315907	0.14257128564282215	-27997.76450118778
-27814.743869340346	-29098.465850266377	0.1420710355177596	-27997.123580487416
-27812.34748158736	-29112.94983976033	0.14157078539269705	-27996.4747789175
-27809.948170293814	-29127.51522675846	0.14107053526763455	-27995.818060200283
-27807.546013653846	-29142.162173556764	0.140570285142572	-27995.153387807284
-27805.1410906805	-29156.89083681652	0.14007003501750948	-27994.48072495668
-27802.73348117757	-29171.701367602633	0.13956978489244695	-27993.800034610584
-27800.32326571093	-29186.59391142668	0.1390695347673844	-27993.1112794723
-27797.910525579173	-29201.568608295183	0.13856928464232188	-27992.414421983543
-27795.4953427833	-29216.62559276561	0.13806903451725935	-27991.709424321627
-27793.077799995863	-29231.764994007186	0.1375687843921968	-27990.996248396623
-27790.657980529184	-29246.986935869052	0.1370685342671343	-27990.274855848405
-27788.235968302935	-29262.29153695457	0.13656828414207178	-27989.545208043754
-27785.811847810954	-29277.678910702747	0.13606803401700926	-27988.80726607337
-27783.385704087268	-29293.14916547627	0.1355677838919467	-27988.06099074881
-27780.95762267138	-29308.702404657117	0.13506753376688418	-27987.30634259942
-27778.527689572897	-29324.338726749087	0.13456728364182166	-27986.543281869242
-27776.095991235303	-29340.058225488196	0.1340670335167591	-27985.77176851383
-27773.662614498997	-29355.860989960798	0.1335667833916966	-27984.991762196998
-27771.227646563777	-29371.747104729056	0.13306653326663406	-27984.203222287622
-27768.791174950296	-29387.716649965707	0.1325662831415715	-27983.40610785629
-27766.353287461072	-29403.7697015955	0.132066033016509	-27982.600377671923
-27763.91407214061	-29419.906331446793	0.13156578289144646	-27981.785990198405
-27761.47361723485	-29436.12660741089	0.13106553276638394	-27980.96290359109
-27759.032011149913	-29452.430593610392	0.1305652826413214	-27980.13107569328
-27756.589342410178	-29468.818350576985	0.13006503251625887	-27979.290464032674
-27754.145699615492	-29485.289935438814	0.12956478239119634	-27978.441025817716
-27751.701171397963	-29501.84540211653	0.12906453226613382	-27977.58271793393
-27749.255846377804	-29518.484801530136	0.12856428214107127	-27976.71549694016
-27746.809813118645	-29535.208181815535	0.12806403201600874	-27975.83931906482
-27744.363160082106	-29552.015588550974	0.12756378189094622	-27974.95414020195
-27741.915975581822	-29568.907064994346	0.12706353176588367	-27974.059915907375
-27739.46834773661	-29585.88265233163	0.12656328164082115	-27973.15660139471
-27737.020364423195	-29602.942389935157	0.12606303151575862	-27972.244151531257
-27734.572113228176	-29620.086315634548	0.12556278139069613	-27971.32252083398
-27732.12368139946	-29637.314465997915	0.12506253126563358	-27970.3916634653
-27729.675155796922	-29654.626876625553	0.12456228114057104	-27969.451533228803
-27727.226622842736	-29672.023582455055	0.12406203101550851	-27968.502083565025
-27724.778168470802	-29689.504618079478	0.12356178089044598	-27967.543267547015
-27722.329878075852	-29707.070018076956	0.12306153076538344	-27966.57503787589
-27719.881836461816	-29724.719817353995	0.12256128064032092	-27965.59734687632
-27717.43412778978	-29742.454051501387	0.12206103051525838	-27964.61014649195
-27714.98683552531	-29760.27275716333	0.12156078039019586	-27963.613388280708
-27712.54004238524	-29778.175972420784	0.12106053026513332	-27962.607023410055
-27710.093830284113	-29796.163737187824	0.1205602801400708	-27961.591002652196
-27707.648280279893	-29814.236093623065	0.12006003001500826	-27960.565276379126
-27705.20347251942	-29832.393086554686	0.11955977988994573	-27959.529794557657
-27702.759486183328	-29850.634763920898	0.1190595297648832	-27958.484506744382
-27700.31639943043	-29868.961177225516	0.11855927963982069	-27957.429362080475
-27697.87428934192	-29887.37238200771	0.11805902951475816	-27956.364309286455
-27695.43323186488	-29905.86843832955	0.11755877938969563	-27955.289296656876
-27692.993301755723	-29924.44941127726	0.1170585292646331	-27954.204272054892
-27690.55457252295	-29943.11537148065	0.11655827913957056	-27953.109182906715
-27688.117116369936	-29961.866395647587	0.11605802901450804	-27952.003976196058
-27685.681004137004	-29980.70256711728	0.1155577788894455	-27950.88859845839
-27683.246305243567	-29999.623976428622	0.11505752876438298	-27949.762995775116
-27680.813087629755	-30018.63072190829	0.11455727863932044	-27948.627113767718
-27678.381417697965	-30037.722910275206	0.1140570285142579	-27947.48089759172
-27675.951360254057	-30056.9006572641	0.11355677838919538	-27946.324291930538
-27673.522978448433	-30076.16408826796	0.11305652826413284	-27945.157240989312
-27671.096333717018	-30095.513338998466	0.11255627813907032	-27943.97968848857
-27668.67148572187	-30114.948556167084	0.11205602801400778	-27942.791577657703
-27666.248492292005	-30134.46989818464	0.11155577788894526	-27941.592851228503
-27663.827409363887	-30154.077535881996	0.11105552776388272	-27940.38345142843
-27661.408290921958	-30173.77165325097	0.1105552776388202	-27939.163319973843
-27658.991188939148	-30193.552448205417	0.11005502751375766	-27937.932398063
-27656.576153317437	-30213.420133364536	0.10955477738869512	-27936.690626369123
-27654.163231828403	-30233.374936857213	0.1090545272636326	-27935.437945033147
-27651.752470053823	-30253.417103148553	0.10855427713857006	-27934.174293656404
-27649.34391132651	-30273.54689388886	0.10805402701350754	-27932.89961129323
-27646.937596671174	-30293.76458878547	0.107553776888445	-27931.61383644335
-27644.533564745518	-30314.07048649754	0.10705352676338248	-27930.316907044136
-27642.131851781574	-30334.46490555502	0.10655327663831994	-27929.008760462788
-27639.732491527302	-30354.948185301022	0.10605302651325743	-27927.6893334883
-27637.335515188362	-30375.520686859578	0.1055527763881949	-27926.358562323247
-27634.94095137047	-30396.182794127235	0.10505252626313236	-27925.016382575537
-27632.5488260219	-30416.93491479116	0.10455227613806985	-27923.662729249903
-27630.1591623765	-30437.777481371966	0.10405202601300731	-27922.297536739214
-27627.771980897247	-30458.71095229379	0.10355177588794479	-27920.920738815752
-27625.387299220183	-30479.735812980223	0.10305152576288225	-27919.53226862217
-27623.00513209892	-30500.852576978337	0.10255127563781972	-27918.132058662344
-27620.6254913499	-30522.061787109214	0.10205102551275719	-27916.72004079207
-27618.248385798106	-30543.364016647694	0.10155077538769466	-27915.296146209548
-27615.873821223573	-30564.75987052993	0.10105052526263213	-27913.86030544563
-27613.501800308608	-30586.2499865906	0.10055027513756959	-27912.412448353974
-27611.132322585872	-30607.835036829096	0.10005002501250707	-27910.952504100955
-27608.765384387207	-30629.515728706305	0.09954977488744453	-27909.480401155342
-27606.40097879343	-30651.292806471538	0.099049524762382	-27907.996067277807
-27604.039095585067	-30673.167052521003	0.09854927463731947	-27906.499429510222
-27601.679721194138	-30695.139288787028	0.09804902451225694	-27904.990414164728
-27599.322838656866	-30717.210378160617	0.0975487743871944	-27903.46894681256
-27596.968427567717	-30739.38122594545	0.09704852426213188	-27901.934952272713
-27594.61646403444	-30761.652781345714	0.09654827413706935	-27900.38835460026
-27592.266920634436	-30784.02603898745	0.09604802401200681	-27898.829077074548
-27589.91976637245	-30806.50204047421	0.09554777388694428	-27897.25704218708
-27587.574966639528	-30829.08187597748	0.09504752376188175	-27895.672171629132
-27585.23248317351	-30851.766685862443	0.09454727363681922	-27894.074386279168
-27582.892274020956	-30874.557662349638	0.09404702351175669	-27892.46360618994
-27580.554293500645	-30897.456051213387	0.09354677338669416	-27890.839750575327
-27578.218492168686	-30920.46315351684	0.09304652326163163	-27889.20273779688
-27575.884816785365	-30943.580327385254	0.0925462731365691	-27887.55248535014
-27573.55321028372	-30966.80898981684	0.09204602301150656	-27885.888909850553
-27571.223611739926	-30990.15061853329	0.09154577288644404	-27884.21192701916
-27568.895956345674	-31013.60675386913	0.0910455227613815	-27882.521451667973
-27566.57017538247	-31037.179000701424	0.09054527263631898	-27880.817397684987
-27564.246196197942	-31060.869030420155	0.09004502251125646	-27879.099678018854
-27561.923942184443	-31084.678582940054	0.08954477238619392	-27877.36820466331
-27559.603332759692	-31108.60946875414	0.0890445222611314	-27875.62288864114
-27557.284283349807	-31132.663571030145	0.08854427213606886	-27873.863639987838
-27554.966705374663	-31156.84284775015	0.08804402201100633	-27872.09036773489
-27552.650506235776	-31181.14933389401	0.0875437718859438	-27870.302979892702
-27550.335589306604	-31205.585143667533	0.08704352176088127	-27868.50138343307
-27548.021853925606	-31230.152472775917	0.08654327163581874	-27866.685484271333
-27545.709195391904	-31254.85360074301	0.0860430215107562	-27864.85518724803
-27543.397504963817	-31279.6908932775	0.08554277138569368	-27863.010396110214
-27541.086669860237	-31304.666804685978	0.08504252126063114	-27861.151013492243
-27538.776573265004	-31329.783880334588	0.08454227113556861	-27859.2769408962
-27536.467094334334	-31355.044759159005	0.08404202101050608	-27857.38807867178
-27534.158108207434	-31380.45217622421	0.08354177088544355	-27855.48432599573
-27531.849486020386	-31406.008965334146	0.08304152076038102	-27853.565580850845
-27529.541094923323	-31431.718061692627	0.08254127063531849	-27851.631740004334
-27527.232798101126	-31457.58250461583	0.08204102051025595	-27849.682698985776
-27524.92445479768	-31483.605440297113	0.08154077038519342	-27847.718352064523
-27522.615920343735	-31509.790124625146	0.08104052026013091	-27845.738592226473
-27520.307046188507	-31536.139926056137	0.08054027013506837	-27843.743311150334
-27517.99767993527	-31562.658328540478	0.08004002001000585	-27841.732399183315
-27515.687665380774	-31589.34893450533	0.07953976988494331	-27839.705745316147
-27513.376842558795	-31616.215467893147	0.07903951975988079	-27837.66323715751
-27511.065047787873	-31643.26177725768	0.07853926963481825	-27835.604760907816
-27508.75211372337	-31670.491838917707	0.07803901950975572	-27833.530201332338
-27506.437869413843	-31697.9097601696	0.07753876938469319	-27831.43944173358
-27504.122140362033	-31725.519782559466	0.07703851925963066	-27829.33236392302
-27501.804748590446	-31753.32628521581	0.07653826913456814	-27827.20884819209
-27499.485512711668	-31781.333788243337	0.0760380190095056	-27825.068773282364
-27497.164248003573	-31809.54695617895	0.07553776888444308	-27822.912016354992
-27494.840766489488	-31837.970601510817	0.07503751875938054	-27820.738452959326
-27492.51487702351	-31866.609688261186	0.07453726863431802	-27818.54795700071
-27490.186385380977	-31895.469335634003	0.07403701850925548	-27816.34040070737
-27487.85509435439	-31924.55482172815	0.07353676838419296	-27814.115654596484
-27485.520803854655	-31953.871587317342	0.07303651825913042	-27811.873587439226
-27483.183311018092	-31983.4252396972	0.07253626813406788	-27809.614066224935
-27480.84241031909	-32013.221556601064	0.07203601800900536	-27807.336956124298
-27478.49789368856	-32043.266490184662	0.07153576788394282	-27805.042120451417
-27476.149550638478	-32073.566171081344	0.0710355177588803	-27802.729420624917
-27473.797168392473	-32104.126912528394	0.07053526763381776	-27800.39871612793
-27471.440532022705	-32134.955214565343	0.07003501750875524	-27798.049864466917
-27469.079424593005	-32166.0577683055	0.0695347673836927	-27795.682721129295
-27466.713627308713	-32197.44146028143	0.06903451725863018	-27793.29713953995
-27464.34291967301	-32229.11337686562	0.06853426713356764	-27790.89297101638
-27461.96707965007	-32261.080808766943	0.06803401700850512	-27788.470064722558
-27459.585883835134	-32293.351255604328	0.06753376688344259	-27786.028267621452
-27457.199107631663	-32325.932430558372	0.06703351675838004	-27783.567424426154
-27454.80652543565	-32358.832265102046	0.06653326663331753	-27781.087377549527
-27452.407910827205	-32392.058913811332	0.066033016508255	-27778.587967052274
-27450.003036769773	-32425.620759257145	0.06553276638319246	-27776.06903058961
-27447.591675816773	-32459.526416979315	0.06503251625812993	-27773.53040335611
-27445.173600326067	-32493.784740543713	0.06453226613306741	-27770.97191802896
-27442.74858268235	-32528.404826683694	0.06403201600800487	-27768.393404709455
-27440.3163955275	-32563.39602052692	0.06353176588294233	-27765.794690862636
-27437.876811999093	-32598.767920908416	0.06303151575787982	-27763.175601255014
-27435.42960597728	-32634.530385771293	0.06253126563281729	-27760.535957890366
-27432.974552340067	-32670.693537655992	0.06203101550775476	-27757.875579943462
-27430.511427227135	-32707.267769279148	0.06153076538269222	-27755.19428369157
-27428.040008312484	-32744.263749203375	0.06103051525762969	-27752.491882443897
-27425.560075085818	-32781.69242759895	0.06053026513256716	-27749.76818646856
-27423.07140914299	-32819.56504209838	0.06003001500750463	-27747.023002917205
-27420.573794485572	-32857.893123745445	0.059529764882442104	-27744.25613574717
-27418.067017829646	-32896.68850303938	0.05902951475737957	-27741.46738564093
-27415.55086892399	-32935.963316075475	0.05852926463231705	-27738.656549922856
-27413.0251408778	-32975.73001078354	0.05802901450725452	-27735.823422473135
-27410.489630498058	-33016.00135326498	0.057528764382191976	-27732.96779363873
-27407.94413863664	-33056.79043422997	0.05702851425712945	-27730.08945014122
-27405.388470547336	-33098.11067553572	0.05652826413206692	-27727.188174981402
-27402.82243625283	-33139.97583682703	0.05602801400700438	-27724.263747340534
-27400.24585092188	-33182.40002228062	0.05552776388194186	-27721.315942478075
-27397.658535256603	-33225.397687453864	0.05502751375687933	-27718.344531625644
-27395.060315890205	-33268.983646239656	0.0545272636318168	-27715.34928187725
-27392.45102579505	-33313.173077928426	0.05402701350675427	-27712.3299560754
-27389.8305047013	-33357.98153437837	0.05352676338169174	-27709.286312693024
-27387.19859952612	-33403.42494729537	0.053026513256629215	-27706.21810571099
-27384.5551648136	-33449.51963562363	0.052526263131566685	-27703.12508449097
-27381.900063185396	-33496.282313048345	0.052026013006504154	-27700.006993643503
-27379.23316580222	-33543.730095611536	0.051525762881441624	-27696.86357289095
-27376.554352836163	-33591.88050944239	0.05102551275637909	-27693.69455692513
-27373.863513953926	-33640.75149860318	0.05052526263131656	-27690.499675259372
-27371.16054881106	-33690.36143305223	0.05002501250625403	-27687.278652074758
-27368.44536755705	-33740.72911672476	0.0495247623811915	-27684.03120606011
-27365.717891351465	-33791.87379573325	0.04902451225612898	-27680.757050245626
-27362.978052890994	-33843.81516668823	0.04852426213106645	-27677.455891829635
-27360.225796947452	-33896.57338514083	0.048024012006003904	-27674.127431998266
-27357.461080916648	-33950.1690741483	0.04752376188094138	-27670.771365737568
-27354.683875378076	-34004.62333296369	0.04702351175587885	-27667.387381637735
-27351.894164665366	-34059.957745850734	0.04652326163081631	-27663.975161689003
-27349.091947447345	-34116.19439102537	0.04602301150575378	-27660.534381068752
-27346.277237319613	-34173.35584972481	0.04552276138069127	-27657.064707919355
-27343.450063406446	-34231.46521540546	0.04502251125562873	-27653.565803116264
-27340.610470972908	-34290.54610307072	0.0445222611305662	-27650.037320025793
-27337.758522046868	-34350.6226587299	0.04402201100550368	-27646.47890425203
-27334.894296050694	-34411.71956898906	0.043521760880441136	-27642.89019337218
-27332.017890442374	-34473.86207077519	0.0430215107553786	-27639.2708166598
-27329.12942136571	-34537.07596119454	0.04252126063031608	-27635.620394795154
-27326.229024309167	-34601.38760752605	0.04202101050525354	-27631.93853956191
-27323.316854773024	-34666.82395735098	0.04152076038019101	-27628.224853529395
-27320.393088944296	-34733.41254881964	0.04102051025512849	-27624.47892971958
-27317.45792437887	-34801.181521055914	0.04052026013006597	-27620.700351257736
-27314.511580690345	-34870.15962470062	0.04002001000500342	-27616.88869100592
-27311.5543002448	-34940.376232594295	0.03951975987994089	-27613.04351117808
-27308.58634886082	-35011.861350600266	0.03901950975487837	-27609.164362935702
-27305.60801651384	-35084.64562856838	0.03851925962981583	-27605.25078596267
-27302.61961804405	-35158.76037144019	0.0380190095047533	-27601.302308018097
-27299.6214938667	-35234.237550495935	0.03751875937969078	-27597.318444465604
-27296.61401068365	-35311.1098147436	0.03701850925462824	-27593.298697777424
-27293.597562195042	-35389.410502450475	0.03651825912956571	-27589.24255701178
-27290.572569809614	-35469.17365281719	0.036018009004503186	-27585.14949726162
-27287.539483352073	-35550.43401779427	0.03551775887944065	-27581.01897907264
-27284.49878176591	-35633.22707404104	0.03501750875437812	-27576.85044782858
-27281.45097380977	-35717.589035026576	0.034517258629315595	-27572.6433331014
-27278.3965987452	-35803.55686327223	0.03401700850425306	-27568.397047963736
-27275.33622701361	-35891.16828273486	0.03351675837919053	-27564.1109882609
-27272.2704608998	-35980.461791329966	0.033016508254128	-27559.784531839472
-27269.199935179324	-36071.476673593555	0.032516258129065466	-27555.41703772907
-27266.125317746482	-36164.253013481044	0.03201600800400294	-27551.00784527376
-27263.047310219652	-36258.831707301695	0.03151575787894041	-27546.55627320924
-27259.966648519956	-36355.254476786096	0.031015507753877878	-27542.061618681295
-27256.884103419252	-36453.56388228448	0.030515257628815344	-27537.52315620104
-27253.80048105264	-36553.80333609255	0.030015007503752817	-27532.940136531586
-27250.716623390264	-36656.01711590157	0.02951475737869029	-27528.311785500413
-27247.6334086628	-36760.250378368495	0.02901450725362776	-27523.63730273131
-27244.551751734067	-36866.54917280154	0.028514257128565226	-27518.915860288776
-27241.4726044137	-36974.960454955755	0.028014007003502702	-27514.146601227294
-27238.396955701886	-37085.53210093236	0.027513756878440165	-27509.328638036903
-27235.325831957387	-37198.31292117486	0.027013506753377634	-27504.461050975777
-27232.26029697881	-37313.35267455367	0.026513256628315114	-27499.542886279203
-27229.201451988123	-37430.70208252995	0.026013006503252577	-27494.57315423334
-27226.15043550392	-37550.41284338811	0.025512756378190046	-27489.550827100775
-27223.10842309061	-37672.53764652491	0.025012506253127516	-27484.47483688337
-27220.076626967595	-37797.130186780996	0.024512256128064985	-27479.344072906002
-27217.056295461025	-37924.24517879939	0.02401200600300245	-27474.15737920303
-27214.048712278007	-38053.93837139267	0.02351175587793992	-27468.913551686917
-27211.055195580706	-38186.26656189811	0.023011505752877394	-27463.611335075766
-27208.077096834782	-38321.287610497166	0.022511255627814863	-27458.249419553555
-27205.11579940307	-38459.06045447212	0.022011005502752333	-27452.826437133463
-27202.172716851335	-38599.645122368594	0.0215107553776898	-27447.340957690387
-27199.2492909283	-38743.10274802813	0.02101050525262727	-27441.791484624253
-27196.34698917658	-38889.49558444942	0.020510255127564738	-27436.176450110153
-27193.467302124784	-39038.887017430374	0.02001000500250221	-27430.494209884786
-27190.611740003416	-39191.341578935724	0.019509754877439684	-27424.74303751136
-27187.781828918436	-39346.92496012591	0.01900950475237715	-27418.921118055958
-27184.979106405484	-39505.70402397243	0.01850925462731462	-27413.02654109783
-27182.205116275574	-39667.74681737236	0.01800900450225209	-27407.05729298368
-27179.46140264776	-39833.122582659664	0.01750875437718956	-27401.01124822077
-27176.74950304639	-40001.901768392956	0.01700850425212703	-27394.886159885715
-27174.070940418733	-40174.156039277645	0.016508254127064498	-27388.67964890416
-27171.427213902578	-40349.95828505406	0.01600800400200197	-27382.389192030078
-27168.819788141074	-40529.38262815101	0.01550775387693944	-27376.01210832133
-27166.250080902773	-40712.5044298649	0.015007503751876908	-27369.545543868702
-27163.719448716252	-40899.40029477583	0.01450725362681438	-27362.986454487014
-27161.22917016835	-41090.14807305202	0.014007003501751847	-27356.33158601666
-27158.780426439473	-41284.826860218105	0.013506753376689318	-27349.57745180818
-27156.374278554445	-41483.51699386796	0.013006503251626788	-27342.72030686769
-27154.0116407068	-41686.300046682285	0.012506253126564257	-27335.756118020166
-27151.693248859443	-41893.258814955996	0.012006003001501727	-27328.680529292833
-27149.419623625297	-42104.47730164137	0.011505752876439197	-27321.488821521445
-27147.191026170654	-42320.04069265188	0.011005502751376666	-27314.175864921337
-27145.007405540033	-42540.03532482792	0.010505252626314134	-27306.73606302131
-27142.868335342802	-42764.54864350679	0.010005002501251607	-27299.163285899736
-27140.772937121936	-42993.66914701985	0.009504752376189075	-27291.450790042443
-27138.71978687638	-43227.48631459054	0.009004502251126544	-27283.59112129303
-27136.706800028565	-43466.0905129272	0.008504252126064015	-27275.575996186297
-27134.73108846061	-43709.57287513657	0.008004002001001485	-27267.396155287446
-27132.78878084182	-43958.025143183084	0.007503751875938954	-27259.041179758853
-27130.874793943683	-44211.53946159243	0.007003501750876424	-27250.499258849693
-27128.982537338496	-44470.208104798076	0.006503251625813894	-27241.756890703684
-27127.103525705945	-44734.123112357425	0.006003001500751363	-27232.798490708374
-27125.226859998136	-45003.37579329075	0.0055027513756888335	-27223.605868635583
-27123.338517411947	-45278.05603949394	0.005002501250626303	-27214.157514520928
-27121.42035375156	-45558.25135181089	0.004502251125563773	-27204.427596864403
-27119.448656761895	-45844.0454173483	0.004002001000501242	-27194.384511731743
-27117.391966261202	-46135.51595386412	0.003501750875438712	-27183.98869858399
-27115.207629006876	-46432.731289165866	0.0030015007503761816	-27173.189190768255
-27112.836011726868	-46735.74459895424	0.0025012506253136516	-27161.917824101143
-27110.18996207051	-47044.58339286795	0.002001000500251121	-27150.07869329774
-27107.133317803462	-47359.228049057536	0.0015007503751885908	-27137.526656569746
-27103.42886460864	-47679.559797652386	0.0010005002501260606	-27124.015288753777
-27098.567188099034	-48005.18959872974	0.0005002501250635303	-27109.02572857461
-27090.116982954205	-48333.808477699924	9.99999999999999e-16	-27090.116982954227
-28570.590354538395	-26508.687810787924	0.3690702464285426	-27809.60347460477
-28681.019060916202	-26343.88755169531	0.4421141086977403	-27647.740246807603
-29627.72198315677	-25953.550032487776	0.8394415782963753	-26543.469281954916
-27390.24302749016	-33350.89896987804	0.05360536964281388	-27709.766192595496
-28811.392347742927	-26208.880425446416	0.5556740954743152	-27365.243889359692
-28917.989593198323	-26148.890583912267	0.6913742480868107	-27003.505847775243
-28856.956330289864	-26179.263480743168	0.6530262630620164	-27108.352575122502
-28152.95738852847	-27550.245503904323	0.22629438553091683	-28016.56707294527
-29418.982955462576	-25997.28060464627	0.8189570801446845	-26616.75558911385
-28079.350170878268	-27818.257424118332	0.2050937874465679	-28025.801670570447
-29366.60664684475	-26009.412583152895	0.81218981452355	-26639.9278229353
-28652.991788688654	-26381.697018175317	0.4208439004434085	-27697.131238409103
-27571.04031564362	-30991.992847189314	0.09150639459877406	-27884.079347898914
-28549.59880835947	-26544.82126860906	0.35881700936857686	-27830.250527096934
-34552.83714173908	-25536.75058007557	0.9631405906436828	-25869.07820544392
-27338.884738317854	-34326.80932911978	0.044219298544443564	-27647.885862004583
-28767.90722813931	-26246.052185084434	0.509407018625478	-27483.256569251098
-28995.47645079638	-26117.222145354026	0.7220827000370518	-26917.138810529297
-28825.59675151277	-26199.00290792123	0.587368505780491	-27282.81825031017
-28526.625769410453	-26586.16769808909	0.34856445947220843	-27850.251050651837
-29122.06407933523	-26074.734609849413	0.7621794879078171	-26799.45206479613
-27511.866111959003	-31633.87072217149	0.07871258615287813	-27836.319754962915
-29655.59499045216	-25948.179118627937	0.8416568463286398	-26535.22303974384
-28686.73117930902	-26336.54119652798	0.44650259144470517	-27637.3652616099
-28336.155250325293	-27004.048730368166	0.28205048375241426	-27960.43396196164
-28632.806026854207	-26410.652962718777	0.40633572849666816	-27729.865842707633
-33710.75736185154	-25572.701489017283	0.9561120602322968	-25929.863994990435
-28043.760004450825	-27959.48108850207	0.1954009885008916	-28027.291820964656
-29103.13235921757	-26080.56569927667	0.7567092231377183	-26815.928290091724
-28852.66757505935	-26181.717930051072	0.6486343933477934	-27120.1977724069
-29049.026205769453	-26098.148689685426	0.7400476467490859	-26865.23624414668
-27686.521593937807	-29974.19223884582	0.11573042418084419	-27951.274688059075
-29083.681642237243	-26086.719432528927	0.7508863827092529	-26833.303529473036
-27816.16244279287	-29089.921670657055	0.14236745975081092	-27997.50430839805
-29046.32208167001	-26099.068146014113	0.739177594299697	-26867.77800772157
-28800.784365390922	-26217.08710574266	0.5413112804618995	-27402.19989344482
-28582.07496606153	-26489.57946780716	0.3751124008881974	-27797.15395586359
-28719.64017041062	-26296.704444789182	0.47164136596473366	-27576.88345513377
-31077.791572745366	-25754.131080224503	0.9074962021977656	-26246.589893992397
-27122.754110584377	-45363.43808388119	0.004849009198471176	-27211.2033549573
-28673.467402571052	-26353.7902919513	0.43632081305412423	-27661.3439996424
-28824.394384810843	-26199.794095105433	0.5835094477598991	-27292.915319174368
-28639.895151394616	-26400.324392892475	0.4113156873285614	-27718.72456554036
-28319.426809360066	-27047.549355565337	0.2768629845323355	-27967.29102154307
-30522.388851869582	-25815.89187782048	0.8877288603389344	-26344.29565690833
-28348.466802696203	-26972.781087709798	0.2858926539571562	-27955.16836262779
-33214.57437565175	-25597.60938099039	0.9508466113876713	-25972.009021419482
-28366.21055654	-26928.809838606634	0.2914769952859373	-27947.241314254934
-27505.86849640326	-31704.682036056685	0.07741574066071619	-27830.922756471777
-28343.383772986155	-26985.61445359601	0.28430349831814933	-27957.365205574482
-30466.308968503083	-25822.916623403988	0.8854661991005907	-26354.74199775541
-27565.735375406533	-31045.67301399384	0.09036562084459844	-27880.20210061796
-28840.197342183303	-26189.292742226167	0.6312834268349995	-27166.725202109697
-29584.84027633545	-25962.008346316405	0.835844607311091	-26556.715744434598
-29484.925435820798	-25982.727355581595	0.8263558039558104	-26590.863725612235
-28464.503714055238	-26707.505116509314	0.3243279626283368	-27894.659938572324
-29065.843156850515	-26092.523161464895	0.7453794335180841	-26849.59158302199
-27574.458367036154	-30957.775609339227	0.09224027782752255	-27886.536489444836
-29229.28602867634	-26044.08670622407	0.7887387179964874	-26716.995998522056
-28826.500000696364	-26198.409354301228	0.5904722009200087	-27274.68553250214
-28668.842185927526	-26359.96085488412	0.43278596217609594	-27669.59075752148
-28779.423572543263	-26235.35887429792	0.5194359284386897	-27457.944964002098
-43082.754581188754	-25383.32208129485	0.9936093666642768	-25496.432664652053
-27398.64241811142	-33208.99960569254	0.05521749820819776	-27719.475805705668
-28814.943013354623	-26206.28658134937	0.5616037199037112	-27349.91185718973
-28710.18778147351	-26307.708159665613	0.4644522826562985	-27594.350637089592
-27530.26421404856	-31423.64776318112	0.08269798098138796	-27852.239172747973
-27983.73844080113	-28216.83563373895	0.18001682032623184	-28025.699856300766
-29190.05647480155	-26054.88161871858	0.7799500009615417	-26744.776842785035
-27765.76818484451	-29407.633603885122	0.13194601222195207	-27982.405779492045
-29581.346494842146	-25962.708341529684	0.8355405123186976	-26557.827718327466
-28791.634088152496	-26224.650591501766	0.531198267073256	-27428.05690312598
-28578.038820410333	-26496.24193231565	0.372950797610611	-27801.63101053213
-28701.204032737623	-26318.494981858017	0.45759813748791595	-27610.880808879516
-30082.87852305795	-25875.884795526465	0.8680832509988579	-26430.857731130614
-27299.803120627188	-35229.632613171525	0.037549019588876686	-27597.560443579187
-28823.342619566054	-26200.48976784236	0.5803875892716834	-27301.071375939777
-28922.386237133986	-26146.92941896032	0.693391890000944	-26997.906988364542
-29155.773351775068	-26064.695060937982	0.7713797771354277	-26771.378068681
-27978.408509980203	-28240.937167381377	0.17870839424972923	-28025.324584788905
-30478.091012600366	-25821.42699737142	0.8859464316206139	-26352.536145052163
-28200.668240123654	-27392.36853397748	0.24058816811688175	-28006.200894532532
-29421.902723790834	-25996.61984509616	0.8193088085821858	-26615.53828939054
-28688.84458922388	-26333.855005587222	0.4481258778363165	-27633.51281476132
-28095.449347454596	-27756.95475762513	0.20960970610185722	-28024.497595963374
-28614.12019541703	-26438.696568568856	0.3939188102141976	-27757.17990861714
-34080.671385431786	-25556.02243013975	0.9594441960520361	-25901.74642189579
-27588.539503502772	-30819.7782601593	0.09525336271274493	-27896.325860802055
-28831.58891474923	-26195.007161905458	0.6093000236217269	-27225.119590460905
-28949.543677225192	-26135.29907727461	0.7049231727431029	-26965.717444952883
-28847.66264182964	-26184.67065044275	0.6427193395204392	-27136.10618797724
-28575.45231341777	-26500.5416237975	0.3715876252836541	-27804.441177586104
-29226.905451998828	-26044.72938923065	0.7882358608248881	-26718.600163866402
-27302.15599523605	-35170.35781471317	0.03794154731632711	-27600.687746864154
-33134.89102096376	-25601.911788568144	0.9498967282755953	-25979.33869394316
-28406.499222578117	-26833.626786583678	0.30445011488929646	-27927.638028733403
-28018.838178586953	-28063.29136009277	0.1888658472277248	-28027.233866374016
-28482.1658068071	-26671.581115491826	0.3308183684052087	-27883.191133366734
-31636.43051148162	-25703.1425297205	0.9233578328770219	-26157.882578807392
-27857.81023683802	-28848.578370322797	0.15118613727163305	-28007.60064387141
-28918.39396134691	-26148.70922235475	0.6915619682194957	-27002.985331901993
-28826.074409708304	-26198.689073944945	0.5889886360583184	-27278.574304397414
-28605.805795837066	-26451.557604648777	0.38874263087513944	-27768.35768643652
-27950.092298162977	-28372.628095282704	0.17190463384636884	-28022.728159653827
-29175.225230024353	-26059.081164776653	0.7763438279656195	-26756.026017917608
-27859.196445860493	-28840.850010821323	0.15148411737151884	-28007.90136971319
-29284.364723521852	-26029.634399565068	0.7993578230526951	-26682.670577140165
-28908.58335235675	-26153.168321278976	0.6868708532676561	-27015.969078853836
-28770.40591212724	-26243.6848829098	0.5115202398022899	-27477.936965348446
-28816.574296606137	-26205.123188492365	0.5646270000484153	-27342.078491658747
-35957.994924640676	-25490.112673361982	0.971655516582672	-25786.81938824789
-27236.787450073134	-37144.33613243888	0.027251690000826962	-27506.784895433066
-28722.205417909223	-26293.77942756139	0.473590877885745	-27572.12502125983
-28835.023660546853	-26192.683008231474	0.6198338363133016	-27197.21151717562
-28745.327613979323	-26268.592741225508	0.49128713048703054	-27528.539645366942
-28396.202680847444	-26857.348472167316	0.30108674846631944	-27932.874070792233
-29811.978847982162	-25919.7040400068	0.8526862565747341	-26493.08961240951
-28175.496314427477	-27474.186740021323	0.23301155182623776	-28012.0830821845
-31445.80827973304	-25719.510168572204	0.9183702202967919	-26186.94662190116
-28509.207257395574	-26618.78008313477	0.341330178980137	-27863.94741165622
-27136.58113804092	-43481.30035992885	0.008472704453948508	-27275.06511339075
-28365.411927464495	-26930.761552428645	0.2912242695004501	-27947.606920006132
-31305.784366299882	-25732.184105466986	0.9144282323667018	-26209.126931867868
-27515.373056073815	-31592.99686918305	0.07947165175464843	-27839.428555735692
-28873.114518222563	-26170.50715203626	0.6662617970320655	-27072.47047775518
-29233.246355517564	-26043.020968025263	0.789566789891184	-26714.35033728591
-36659.67199381621	-25471.57888647015	0.9749833914688467	-25751.467031946722
-27808.257493149275	-29137.81725871267	0.14071839026985106	-27995.351003126914
-28847.29867459159	-26184.88953450204	0.6422465070160417	-27137.375704121492
-27252.130993698654	-36608.889302500786	0.02974419465713338	-27530.440234195416
-28836.770194739194	-26191.520479376493	0.6241862249637966	-27185.641760820392
-28697.526569081765	-26323.00258799	0.4547845238450885	-27617.629810982202
-28273.120868592887	-27174.27493610034	0.2626330876890917	-27984.52756844777
-28633.072320907693	-26410.261888225214	0.4065202695860579	-27729.45482457491
-35265.06208646507	-25511.326549612604	0.9678328746635586	-25825.07618312504
-27714.678866708466	-29762.521305960145	0.12149782171500997	-27963.487262293096
-28850.594430527988	-26182.928593915327	0.6463049958900842	-27126.468672959923
-28808.66877932944	-26210.924609051162	0.5515919090920566	-27375.774113112886
-28448.72074020071	-26740.577218507005	0.3187281698627305	-27904.287281668396
-28232.040113872798	-27294.845583258964	0.2501020416310537	-27997.645848360822
-29713.664992237227	-25937.290208286286	0.8460044605155879	-26518.83508043614
-28117.520868277203	-27675.403192832833	0.21592024462335455	-28022.058711642945
-31783.11407018573	-25691.188852247036	0.9269048983771513	-26136.47874513106
-28642.54046413671	-26396.514267201295	0.41320811921448203	-27714.464203594573
-28404.25630988143	-26838.759250767856	0.3037141878285183	-27928.79264202482
-28628.64335608347	-26416.797520887532	0.4034777812190838	-27736.21270609994
-29482.786750426618	-25983.187683261134	0.8261321464176316	-26591.655461468057
-27138.622529046916	-43238.798536917486	0.008980555161750869	-27283.211047799494
-28767.396767044065	-26246.53897461645	0.5089788755743995	-27484.333402371296
-28845.293350883683	-26186.10659479136	0.6395125492887255	-27144.710049460264
-28826.869799627268	-26198.166069899533	0.591790065777699	-27271.22904650161
-28096.335547519582	-27753.625385038118	0.20986050880128201	-28024.414218449852
-29730.45492573364	-25934.213883313172	0.8472013371803544	-26514.274438336077
-28178.463764719996	-27464.372031219522	0.23390117884069925	-28011.436866453838
-29776.365792552428	-25925.957777169053	0.8503527550341663	-26502.160728665538
-28702.8106136259	-26316.542488265743	0.4588258651040709	-27607.929076637258
-27827.593531391416	-29021.86975867531	0.14476458925051805	-28000.48243888583
-28615.69684558116	-26436.284428630857	0.39492477450019753	-27754.99288827413
-39368.32999953997	-25420.63185286138	0.984658956177417	-25634.604101353736
-27335.92173852384	-34389.714271332676	0.04370096291265834	-27644.179264393708
-28771.81889769577	-26242.357651569066	0.5127289526019354	-27474.89088232204
-29332.959268539977	-26017.50257202655	0.8073125468406452	-26656.34947893785
-28830.081390114	-26196.028173623836	0.6038414113866966	-27239.53097820091
-28551.365118881902	-26541.720435326875	0.3596443006828857	-27828.607862043675
-29157.468758852625	-26064.200787424546	0.7718228335145578	-26770.013908325178
-27651.37381093496	-30256.574749287873	0.10847566134927103	-27933.974705670535
-29621.141675219253	-25954.832321952093	0.838905097892121	-26545.456068313866
-28709.006909010266	-26309.107773590724	0.463552804543871	-27596.526934164125
-28430.686621810633	-26779.499309177983	0.31252027503220137	-27914.657108736996
-28653.222531854015	-26381.37417425546	0.42101503315958216	-27696.740220246116
-32048.249283455963	-25670.872653943006	0.932704571745512	-26100.040945366243
-27887.149208336054	-28688.959625643583	0.15756742413850333	-28013.48841043862
-28987.333916172385	-26120.29857730927	0.7191897226551913	-26925.39156597279
-28830.57180904388	-26195.696875710368	0.6056600845437684	-27234.733234158848
-28668.509861546856	-26360.407256484003	0.43253257493146513	-27670.180298573
-27769.59416304622	-29382.445398381595	0.13273111760891534	-27983.669710049202
-29037.139579645343	-26102.222689571576	0.736196198324891	-26876.464922773524
-27681.103797548443	-30016.35476203872	0.11461706275478815	-27948.763403893605
-29064.44251239426	-26092.98579609797	0.7449405302099862	-26850.883970660478
-28851.45261027858	-26182.425405049806	0.6472878836434506	-27123.823639219252
-28715.632855264586	-26301.3260951383	0.4685953579552635	-27584.299914789397
-28795.192296116664	-26221.660014389632	0.5349591972245618	-27418.457532652475
-32788.67479361523	-25621.69198742139	0.9453570889867777	-26013.316791133533
-27267.42951060132	-36124.6951345964	0.032228130268351224	-27552.882620952823
-28772.860019651936	-26241.385044454277	0.5136263652060788	-27472.627729531014
-28854.13699875929	-26180.86967179473	0.6501984879668674	-27115.982624835706
-28821.74031359827	-26201.55995265831	0.5760470464087092	-27312.393155620703
-28493.028494840568	-26650.052046260065	0.3349484787589118	-27875.726337000026
-31551.873285159778	-25710.28229528339	0.9211988080782897	-26170.60662800477
-28496.397751836637	-26643.461490099155	0.33625355495811804	-27873.341346716603
-40804.42229374225	-25403.09454061089	0.988527677491691	-25579.783539650984
-28189.214437312305	-27429.19583745741	0.23713264947278476	-28008.989213080116
-27676.308147881504	-30054.078746937572	0.11363024777255608	-27946.494810198543
-28349.161174324916	-26971.036226780998	0.2861100757990444	-27954.865741122572
-30301.081666914408	-25844.622678313564	0.8784311659247872	-26386.389201661772
-27599.052830022945	-30719.7467191787	0.09749143124707252	-27903.293743760732
-28836.55099295183	-26191.665413485392	0.6236715639479256	-27187.01106714268
-28950.584599182923	-26134.868566238394	0.7053393520165562	-26964.5492770432
-28905.669403030857	-26154.51742059342	0.6854169573071497	-27019.983182139054
-28204.831495067152	-27379.146466251223	0.24184696423526028	-28005.142077433517
-28877.803797274242	-26168.08467549339	0.6694717638106195	-27063.72335738425
-27131.94510844224	-44068.72819680581	0.0072840649053946774	-27255.31373574647
-28902.32407104628	-26156.0809398517	0.683708906700362	-27024.693182283856
-28741.937693025837	-26272.152698341244	0.48866398680510487	-27535.04271097184
-28271.372256605493	-27179.247536171886	0.26209824505854595	-27985.12828399479
-28664.65571268812	-26365.61395200067	0.4296012236579028	-27676.98455905617
-38270.44980489133	-25437.955098308037	0.9812031259014452	-25679.165885678056
-27564.047176464104	-31062.904147585385	0.0900021648381564	-27878.951878324093
-28829.223784337173	-26196.60459998172	0.6006004229673003	-27248.07158870146
-28760.64283191367	-26253.079971580166	0.5034132536317321	-27498.30245370709
-27926.68759285357	-28486.3056388486	0.16645639436033474	-28019.839595008878
-28098.751186320726	-27744.573669529138	0.21054529272610806	-28024.180777370835
-29358.339228991637	-26011.377989682154	0.8110337307352288	-26643.840768448263
-27912.103583349384	-28559.45971340045	0.1631345472892627	-28017.709732560194
-30507.586366491967	-25817.730081161044	0.8871372466321957	-26347.040174422793
-28850.43002822935	-26183.02532686644	0.6461135181229818	-27126.98379237398
-28667.354085807998	-26361.962932837538	0.43165206112958276	-27672.227242918394
-28761.19199313173	-26252.541200546315	0.5038595557607694	-27497.18431922074
-30903.066571548992	-25772.179020491756	0.9017414603328624	-26276.332538454935
-27439.927664438845	-32569.01379080122	0.06345195152754499	-27765.378188709394
-28845.71037723943	-26185.851909239616	0.6401002158487508	-27143.13439774562
-29041.056181149877	-26100.87099876459	0.7374729893630354	-26872.749025415298
-31549.315867214533	-25710.50118128756	0.9211321880672504	-26170.995719847426
-27971.765627665398	-28271.275526273035	0.17709023796427292	-28024.80590688248
-29233.592557821903	-26042.92800635663	0.7896386763366999	-26714.120424768433
-27976.38697484808	-28250.13421951984	0.1782144955014971	-28025.172701952182
-29162.513941316207	-26062.7356371786	0.7731296447321009	-26765.983442290024
-28594.160196118693	-26469.971688808524	0.38184938379385047	-27783.040123540326
-27351.264277688122	-34072.54109880531	0.046410619867331936	-27663.2029012561
-28464.215740561413	-26708.100316091488	0.32422421102074145	-27894.840602601296
-32423.388234846054	-25644.67680817519	0.9396950229234887	-26053.46684536886
-27399.351474866213	-33197.218021043926	0.05535460230709631	-27720.290071759497
-28801.623806764524	-26216.41462835752	0.5423215289381759	-27399.60921250583
-29020.49159669333	-26108.075462794004	0.7306796596219027	-26892.44836729843
-28856.800531915364	-26179.351539156058	0.6528753994922332	-27108.759951147553
-28594.07199610886	-26470.112943876306	0.38179871832580303	-27783.147152189984
-29251.763792645546	-26038.09370528678	0.7933011909989184	-26702.35548486624
-27480.169287688495	-32021.826753892856	0.07189231271081609	-27806.67954647427
-32047.12023481427	-25670.955845831257	0.9326814690154982	-26100.189865813285
-28605.773004507206	-26451.60879718623	0.3887226424287167	-27768.400601612033
-28201.669623245733	-27389.18030413725	0.24089081976387614	-28005.948405116298
-28576.760207359228	-26498.36449402072	0.3722748080191441	-27803.025842188323
-34853.451580799396	-25525.52520890931	0.9652333225873935	-25849.826216009355
-28028.798224727845	-28021.300480705024	0.1914522950018934	-28027.36276442734
-29053.164484642024	-26096.7497495076	0.7413722720792715	-26861.360575246777
-28846.33486255971	-26185.472102013708	0.6409608754258699	-27140.82593817205
-28837.285822020018	-26191.180699167737	0.6253643675912025	-27182.50596528766
-28119.011417534446	-27669.99725607429	0.21635098695010385	-28021.866760547968
-29429.508516255013	-25994.906000418334	0.8202136206053038	-26612.400751400524
-28060.761091130254	-27891.017881951553	0.19997944282434554	-28026.815938735483
-29826.599968141178	-25917.173075232105	0.8536186843237804	-26489.44012735613
-28850.932168521816	-26182.730213294377	0.6466950990882196	-27125.419040698627
-28760.099568138867	-26253.614156120933	0.5029727170329661	-27499.405790252713
-28813.87813773699	-26207.05576983144	0.5597404061211892	-27354.734326839738
-44759.47939438453	-25371.187727641918	0.9967682905313734	-25433.845053401823
-27125.45166264542	-44970.882286042455	0.005562593986129035	-27224.71854771101
-28622.508573059757	-26425.960450847266	0.3993603597798985	-27745.294324699116
-28806.124889604736	-26212.8743930578	0.5480591604369406	-27384.870199664543
-28541.99735590078	-26558.29308499692	0.3553238162756458	-27837.139984000925
-28198.473766058254	-27399.37299826163	0.23992521249305485	-28006.749344541287
-30193.77955767645	-25859.598287382127	0.8735165433116712	-26407.800516362764
-28273.13607473429	-27174.231754796983	0.2626377393601281	-27984.522328372877
-30394.249735232417	-25832.191768067663	0.8824696891785131	-26368.371858934177
-28475.088757983493	-26685.838529443543	0.3281864657875328	-27887.88104906943
-27680.887372679215	-30018.04901382762	0.11457255569432334	-27948.661954976327
-28421.809402979132	-26799.106960752673	0.3095278360441054	-27919.537827493292
-30913.642984246977	-25771.053613066033	0.9021010813560271	-26274.507551534636
-27649.104613240655	-30275.552671513065	0.10800430021590358	-27932.772297827785
-28866.142796147487	-26174.20073290416	0.6610433269239165	-27086.652458774686
-29379.180748910974	-26006.450418595356	0.8138991875481087	-26634.118273248227
-29831.58226973835	-25916.315370647186	0.8539331844501569	-26488.205938625142
-28166.827305028146	-27503.12265176337	0.2304191477778989	-28013.89704444665
-28911.195914771084	-26151.968585755443	0.6881494510828187	-27012.43514289626
-27446.36786476767	-32476.832331548005	0.0647791583382597	-27772.237118976223
-28911.488983308074	-26151.834571813957	0.6882914781487269	-27012.042369241135
-28777.119484512586	-26237.453415789427	0.5173642483241077	-27463.187057873387
-28508.9793639097	-26619.21400876633	0.3412381752652153	-27864.119282441156
-28699.106427717146	-26321.059563563536	0.45599383036916435	-27614.731729334362
-34100.29652749984	-25555.178256771018	0.9596093012542222	-25900.321554591068
-27615.820561381846	-30565.24110663456	0.10103929885118083	-27913.827945291447
-28833.8362214308	-26193.482481303017	0.6165097164884682	-27206.032485675354
-28774.4313138617	-26239.92576233931	0.5149923584910866	-27469.18032227443
-27394.602809425924	-33276.70123767511	0.05443939646348988	-27714.820697798652
-28122.9787813576	-27655.669947299313	0.2175001152029778	-28021.339056114553
-29475.764395528287	-25984.704467634518	0.8253907306008703	-26594.275891072626
-27832.63414051362	-28992.306260631205	0.1458267548201818	-28001.745362445807
-33421.57028183056	-25586.83742396869	0.9531706390803507	-25953.732956678537
-28629.699861215046	-26415.232427454728	0.40419832353288165	-27734.615836970963
-28458.723197920415	-26719.511038326335	0.3222570004278865	-27898.24990426192
-28640.139254808157	-26399.9717992171	0.4114895702282702	-27718.333711267634
-29474.63547189603	-25984.949071494422	0.825270516845612	-26594.700172607492
-27216.582058378797	-37944.484973933926	0.023933272480538597	-27473.335882001542
-28779.395144178536	-26235.3845779225	0.5194101335426404	-27458.0102762256
-28854.346271180722	-26180.749501642513	0.6504159020096785	-27115.396416711366
-28829.51484003055	-26196.40943043313	0.601706087875303	-27245.15928505839
-28100.598598146367	-27737.674423065848	0.21107010675904936	-28023.996153766682
-30456.57813803525	-25824.152523828696	0.8850675701614108	-26356.568455715973
-28254.16754739821	-27228.92182834638	0.2568429340282033	-27990.840428817082
-29769.31540708974	-25927.211172031704	0.8498797187120499	-26503.98894053624
-28725.18084483234	-26290.419440408397	0.4758527316792772	-27566.592979549932
-28145.656336775708	-27575.46583567597	0.22413610201881823	-28017.856060451057
-28646.508407635767	-26390.844203949568	0.41607878229254613	-27707.974392505126
-37459.3629408885	-25453.498326577515	0.9782771961991418	-25714.29936805386
-27477.773321299323	-32052.593264321345	0.07138132851621062	-27804.33004655469
-28816.484261531437	-26205.186922698136	0.5644542826029071	-27342.526295477404
-28873.8875686138	-26170.104540807166	0.6668057914982901	-27070.989386717556
-28810.84850454726	-26209.284922189283	0.5548306711036136	-27367.421236228864
-28479.831572879215	-26676.263460120736	0.3299453986667106	-27884.75257289255
-29071.61930160295	-26090.626189437327	0.7471794964388268	-26844.282369167428
-27224.252257054202	-37626.285041810006	0.025200792737774355	-27486.391729314368
-29728.992330588397	-25934.48062614145	0.8470980668987883	-26514.66880092656
-28655.626801767445	-26378.021384161813	0.4228038809670645	-27692.646391892173
-28148.212361709706	-27566.603567976446	0.2248905964908763	-28017.414013162695
-28593.67976535352	-26470.741441289596	0.38157368005980147	-27783.62237650046
-33305.985630046365	-25592.78184815118	0.9518974925912178	-25963.806290215238
-28008.66079316028	-28106.907220241752	0.18625771077183367	-28026.959947759988
-29103.998207112298	-26080.295722168892	0.7569637906296142	-26815.164912373355
-28847.194692081586	-26184.952178725995	0.6421101807141594	-27137.74167072591
-29390.370437734433	-26003.841260728015	0.8153732414975785	-26629.08516525258
-27597.461254902984	-30734.730185307362	0.09715328027301366	-27902.25722259038
-29015.510170396454	-26109.8619496922	0.7289991312685004	-26897.29514173119
-27714.73144356444	-29762.13733174913	0.12150857022167921	-27963.50880570121
-28984.42965947019	-26121.40839006979	0.7181448669282584	-26928.365630943867
-28920.29190762565	-26147.860676131273	0.6924371360387008	-27000.557565825435
-28706.002290266355	-26312.69390719139	0.4612622627110081	-27602.059450123972
-28787.946416394334	-26227.81333345034	0.5274817209703209	-27437.52301188998
-31599.606882991236	-25706.22876725695	0.9224279953618895	-26163.38992178483
-27306.137923579503	-35071.61770919524	0.03860813941374911	-27605.948649757207
-28761.943450169518	-26251.805938801175	0.5044719098021563	-27495.649585943498
-28853.951926470512	-26180.97607606741	0.6500051395412028	-27116.503885838978
-28806.11895660235	-26212.878984666808	0.548051193983998	-27384.890693696045
-28470.2169090899	-26695.759730162383	0.3263994563332718	-27891.035050601287
-30169.572328884875	-25863.080461154866	0.872363723349718	-26412.745048576642
-28270.505484798236	-27181.717575452945	0.26183317963627123	-27985.42468454483
-32530.785659036243	-25637.676259472875	0.9414656639957036	-26041.159841181292
-28296.47927583162	-27109.169781098048	0.26979277107462674	-27976.151757124237
-27321.54629208002	-34707.04033192651	0.041217586083980594	-27625.95852844012
-28281.277146692788	-27151.263722931904	0.26512974407482787	-27981.676976849943
-30207.86118446879	-25857.590693193473	0.8741792771770979	-26404.944870880874
-27498.97036630045	-31787.579273712487	0.07592696188362498	-27824.5914113473
-28831.804689431527	-26194.860584480568	0.6100445862218965	-27223.15121403645
-29173.392956489406	-26059.6047383046	0.7758875037169546	-26757.443588778733
-29249.901871601247	-26038.58503805536	0.7929357283564352	-26703.53401921026
-28387.511588452144	-26877.69182676435	0.29827573221158227	-27937.1689935272
-28993.923618098266	-26117.804912296517	0.7215349665606511	-26918.703403883137
-27417.843801361007	-32900.159090773515	0.05898505975384021	-27741.218496296395
-29118.633530281677	-26075.780330847825	0.7612035066745663	-26802.403004576707
-28810.69988342243	-26209.39578701206	0.5546027868609041	-27368.009382080552
-28584.95867068165	-26484.854376877942	0.37668322569516377	-27793.884610995407
-28743.753184426303	-26270.240471001125	0.4900668610112301	-27531.566573286655
-43041.90611176625	-25383.622333379393	0.9935270909689102	-25497.92279792206
-27553.60984706437	-31171.064631359604	0.08775100406739188	-27871.04513655467
-28831.132179438966	-26195.31720516853	0.6076905896422595	-27229.372223536666
-28771.452335745118	-26242.701168236435	0.5124143831901672	-27475.68386600474
-28184.40469053131	-27444.85978652886	0.2356853584979633	-28010.104784706153
-28121.834429045513	-27659.793375782105	0.2171682711748917	-28021.49377229647
-29402.056240576203	-26001.14279152561	0.8168679503948256	-26623.959041980048
-27999.98435163347	-28144.6678363865	0.1840617233577826	-28026.61504317852
-30223.072740090487	-25855.436678244823	0.8748888866747805	-26401.87648854171
-28725.48328096235	-26290.079883730265	0.4760827142937585	-27566.02982120786
-28459.92245288324	-26717.01010988775	0.32268466832192716	-27897.511361569545
-28663.39495955703	-26367.328879154484	0.4286456417090218	-27679.196241116562
-29964.295150492388	-25894.30618415001	0.8617793114712838	-26456.86286138213
-27102.45220916268	-47753.29482276467	0.0008865465303698938	-27120.760142030984
-28804.804867431958	-26213.900927343468	0.5463150170457808	-27389.355137238534
-28867.675858321065	-26173.37842715068	0.662243784019805	-27083.39413222795
-29112.205439929625	-26077.752581051824	0.7593562689557112	-26807.974638690186
-27944.254903756395	-28400.56133950753	0.17053158069682367	-28022.06956152717
-29405.80671537521	-26000.28234577571	0.8173383975299086	-26622.340884377703
-28073.494225934497	-27840.94666813946	0.203470779372859	-28026.177593108685
-29334.13418874585	-26017.215946585653	0.8074908573476659	-26655.7530336318
-28648.040603665857	-26388.669291905382	0.4171969533550568	-27705.43777590157
-27576.68615378072	-30935.627519046302	0.09271809956502668	-27888.120813718502
-28543.88465600504	-26554.929011739907	0.3561812185029086	-27835.456011082446
-34132.02362947301	-25553.821795634336	0.9598739395897505	-25898.03124063026
-27474.76398746046	-32091.54110105851	0.07074076142929323	-27801.35831582572
-28822.859824082254	-26200.81075901922	0.5790294915010239	-27304.61608724807
-29237.363314225244	-26041.917586504886	0.7904164781830935	-26711.630355895308
-29005.906391651744	-26113.354349493107	0.725716715512909	-26906.73302416622
-28655.037022727847	-26378.84195460221	0.4223641289064503	-27693.653875557804
-29482.885651721772	-25983.166379315964	0.8261425113822186	-26591.61878288369
-27684.5064489951	-29989.818641807462	0.11531648376412082	-27950.346945048776
-41147.112233520565	-25399.599265464345	0.9893644712963621	-25567.082391647018
-28332.129290231904	-27014.410175591034	0.28079886843287516	-27962.115253928376
-28216.963415395177	-27341.10902328251	0.24552228898557013	-28001.92164022561
-28547.62447734477	-26548.30046931669	0.3578993892045786	-27832.06763604947
-30651.069270648844	-25800.374585881247	0.892713174676978	-26320.79021922122
-27692.04699445065	-29931.681202909596	0.11686444579693903	-27953.780605010073
-28850.710739262464	-26182.8602247359	0.6464398294679716	-27126.105907605874
-28801.044357829276	-26216.87842506076	0.5416223915113566	-27401.402225261016
-27602.345046989038	-30688.930954788848	0.09819014494560979	-27905.41736466298
-27790.77929611068	-29246.22216316165	0.13709360294570624	-27990.311202636323
-29033.76153061331	-26103.39606534217	0.7350887112747694	-26879.682957183057
-27631.528260588846	-30425.82252445555	0.10433869515511252	-27923.081277960115
-29092.373903906795	-26083.947949582052	0.7535127478539572	-26825.486596348394
-28839.936641984285	-26189.459685704893	0.630797653622766	-27168.021996982035
-28711.42499027212	-26306.247712399872	0.46539426011848023	-27592.069290582986
-28794.33353032332	-26222.376168916126	0.5340339180138842	-27420.821063646385
-33688.56141543889	-25573.750817836182	0.9558976421618939	-25931.633098600112
-27169.12821335421	-40507.83241620665	0.015567301295460802	-27376.775840571045
-28675.816115901733	-26350.68732714323	0.43812052880262553	-27657.12946143665
-28825.05488938812	-26199.359117431977	0.5855903044318863	-27287.472902942805
-28657.8934319899	-26374.879233935666	0.4244992787487101	-27688.755551542814
-28307.2326110905	-27080.009930204782	0.2731004246509351	-27972.077575799354
-31644.786602982967	-25702.4470687619	0.9235666130540489	-26156.640205745243
-28418.328349931486	-26806.87719110819	0.308364522226589	-27921.41398324946
-31559.1381413151	-25709.661461395728	0.9213876302266216	-26169.502685138305
-28607.604181141796	-26448.75569708151	0.3898439608109547	-27765.99013732501
-27971.911584617465	-28270.605329755417	0.17712564361584535	-28024.817906469052
-28538.713947711458	-26564.17606112094	0.35384712997036405	-27840.029383523655
-31881.612646705024	-25683.454161352412	0.9291491381159761	-26122.59903213342
-27803.43172175982	-29167.399342435478	0.13971480798087788	-27993.998195974655
-28967.260614167848	-26128.1106520437	0.7118086655821441	-26946.329068240662
-29155.65792754654	-26064.72874672098	0.7713495419620181	-26771.471119679707
-31460.42887988424	-25718.21960498436	0.9187681491112168	-26184.669892575213
-28010.15538957313	-28100.456568119975	0.18663853728048052	-28027.00906945182
-28851.228890026206	-26182.556300635642	0.6470342859121244	-27124.506226816622
-27210.761646858784	-38199.423152415446	0.022962315056107966	-27463.086754394302
-28842.4711662264	-26187.853495773223	0.6352240834496905	-27156.19408960343
-28707.07625633804	-26311.40797383458	0.46208131808763003	-27600.082698658112
-28260.645481050607	-27210.057979297053	0.25882021596291854	-27988.73219695881
-28638.44473164921	-26402.4236454083	0.4102857123814393	-27721.03722738094
-35004.99268062118	-25520.147011265035	0.9662234169720162	-25840.512688523657
-27713.3213006465	-29772.449875958362	0.12122027167327107	-27962.929425956
-28849.033502316015	-26183.851525286565	0.6444428528481275	-27131.476025679745
-28805.270196230726	-26213.537926949524	0.546923506824132	-27387.790894766185
-28320.130989430447	-27045.694324438264	0.27708070073626173	-27967.009185250427
-28219.71251725104	-27332.590688798067	0.24635643529846107	-28001.16434591791
-29689.725286698995	-25941.73149393267	0.8442529703430457	-26525.470394328728
-28066.02748664887	-27870.18523071383	0.20141709805825755	-28026.58150778125
-32749.335767965724	-25624.057922780972	0.944794094391714	-26017.415338935054
-28799.794203611116	-26217.885112399817	0.5401405273127851	-27405.20046561057
-28586.074228096335	-26483.034300024206	0.37729693990095964	-27792.603698745188
-28701.235812680177	-26318.456260498668	0.4576224320094174	-27610.822439068565
-29966.379692206552	-25893.972698200218	0.8618952862553753	-26456.39130035907
-27347.806568579173	-34142.21333161258	0.04579428965035297	-27658.95159988784
-28822.44029916704	-26201.090674098064	0.577885427760074	-27307.600549775347
-28928.960747652356	-26144.03969242615	0.6963196691204272	-26989.765439950734
-29043.424620828497	-26100.058094159464	0.738241362966521	-26870.509704470314
-28250.439785039584	-27239.86582803937	0.255705870480372	-27992.030091680048
-29447.61827326538	-25990.867421518065	0.8223045143251556	-26605.116442976236
-28076.006103906264	-27831.188375702226	0.2041656442280113	-28026.022734709048
-29778.219194957648	-25925.629138525503	0.8504764797747743	-26501.68196574794
-28676.735719633452	-26349.478045768592	0.43882581412153626	-27655.474976229114
-27181.954763791753	-39682.62135952822	0.01796359079331246	-27406.511623161194
-28566.978628923258	-26514.793347003597	0.3672369422424775	-27813.340381076065
-43089.5026813727	-25383.272588281823	0.9936229316905146	-25496.186427088927
-27241.826785032987	-36962.375700790355	0.02807157439639846	-27514.6978970955
-28721.319346124288	-26294.78681374663	0.47291747190676864	-27573.769715412716
-28875.312023764953	-26169.366088822237	0.6677923452573663	-27068.30204172992
-28793.221505908372	-26223.30886247154	0.5328528717499144	-27423.83617370664
-28440.020215807865	-26759.203392692034	0.3157101039301164	-27909.369361894478
-29029.441128274986	-26104.907159349077	0.7336636401164738	-26883.816890988524
-27337.41161668786	-34357.9815401205	0.04396130840286031	-27646.045056255727
-29286.605481020993	-26029.062704859687	0.7997514397954113	-26681.38095559085
-28623.466177854763	-26424.521746384904	0.3999954916802135	-27743.89831881151
-28173.01570845408	-27482.426435058456	0.23226872438393117	-28012.613418849254
-28578.750203117615	-26495.063493845933	0.3733287105546265	-27800.850130745406
-33491.823803577434	-25583.308645738183	0.953915947102561	-25947.765076612246
-28024.66012931391	-28038.66402574444	0.1903736086640469	-28027.326101612747
-29067.80146060097	-26091.878071689127	0.7459915096584208	-26847.78787907882
-28846.373864286234	-26185.44844330944	0.6410138845397364	-27140.683723715367
-28862.697611567197	-26176.07110288892	0.6582170151958774	-27094.31433007886
-27859.045069967236	-28841.6930372111	0.1514515617470793	-28007.868639253913
-29152.276875608677	-26065.71749957976	0.7704598962389634	-26774.20665901804
-27883.288607115723	-28709.498276971368	0.15671825084477764	-28012.77074140654
-29150.769206617995	-26066.159666545525	0.7700607068699967	-26775.432603771853
-28820.230579611758	-26202.582519294756	0.5723534295240631	-27322.01073500231
-28633.21306354995	-26410.05529363218	0.40661788576071506	-27729.23735143348
-28750.60147654634	-26263.14511328871	0.4954041414926394	-27518.30529240629
-32039.653918892505	-25671.50667827115	0.9325283602672292	-26101.176014655593
-27134.718355921697	-43711.17223066942	0.008000749230950231	-27267.34240651197
-28710.36005643795	-26307.504435667674	0.4645834727635868	-27594.03304759099
-28830.883952429598	-26195.485509761547	0.606798180438814	-27231.728972687342
-28721.39348366188	-26294.702406302193	0.47297381435669206	-27573.63214853772
-28387.68146702751	-26877.291360871888	0.2983304513939164	-27937.0861048772
-30921.509196706786	-25770.21943790722	0.9023675895100548	-26273.15227419099
-28417.299996203525	-26809.18144061229	0.3080218966406066	-27921.96426868736
-38368.99389753488	-25436.23647832731	0.9815349561912482	-25675.04041064094
-28283.67129506054	-27144.566072898015	0.2658632353190411	-27980.825095327597
-27524.619344299354	-31487.056985704352	0.08147465110433486	-27847.45756865551
-28323.421930262826	-27037.05293870346	0.27809888451683834	-27965.684148633114
-30282.111716754436	-25847.21733311537	0.8775840636738812	-26390.119081595993
-27557.17089701537	-31133.84325292605	0.0885198048789782	-27873.777236076618
-28835.043874321276	-26192.66945682627	0.6198877085064571	-27197.068451644212
-30318.669153362196	-25842.236720999885	0.8792087417749685	-26382.950626864265
-29290.358332528805	-26028.10795753273	0.8004044883301931	-26679.238490325093
-28435.82586226382	-26768.283621423907	0.314270823502636	-27911.76598900963
-29050.823808578076	-26097.53980932685	0.7406240603611406	-26863.550621653045
-27600.033248944048	-30710.544812700016	0.09769961496675933	-27903.929031072657
-29160.702967799974	-26063.260577927733	0.772662575514133	-26767.425153334636
-28825.885476920357	-26198.81320705828	0.588342006579987	-27280.268506239063
-28663.076942702166	-26367.762366910723	0.42840489019913697	-27679.752953887753
-28774.03721922593	-26240.29078755424	0.5146484024507908	-27470.048665950704
-40247.897095711545	-25409.296530011834	0.9871025679269098	-25600.676372867663
-27592.655250802152	-30780.319570000793	0.09613074013660172	-27899.087781113754
-28830.979854144585	-26195.42050629976	0.6071443537257942	-27230.814877191362
-28767.295214472117	-26246.63594568979	0.508893837675664	-27484.547245708745
-27840.126818552282	-28948.853706378934	0.14741194215303172	-28003.566402404096
-28113.18786377714	-27691.190311828817	0.21467122991346954	-28022.597130279923
-29398.534345150947	-26001.95326347084	0.8164221287936316	-26625.4903878255
-27899.72461236781	-28623.003254280622	0.16035539470050494	-28015.706244470184
-31079.93566424437	-25753.916548105248	0.9075643987840852	-26246.23032719302
-28831.421856833047	-26195.120608091394	0.6087164744747375	-27226.66185504568
-28658.321542981434	-26374.287805920736	0.4248204089892543	-27688.01739665805
-28757.51167996433	-26256.175132193533	0.5008867441039171	-27504.625360643284
-31102.923843030883	-25751.62653469013	0.908291953862769	-26242.383555137483
-27378.350719441503	-33559.53689634048	0.05136072501400985	-27695.82092293361
-28847.23202888661	-26184.92967949455	0.6421591951813068	-27137.610094871703
-29023.3270722028	-26107.065987130183	0.7316298654154823	-26889.703367014714
-41617.131265914664	-25395.159071986724	0.9904663773726801	-25549.81323315451
-27587.59006404448	-30828.936085260513	0.09505074630077563	-27895.682422380116
-29643.172187583765	-25950.560916625822	0.8406806501912379	-26538.865343411348
-28096.258889980472	-27753.913196357353	0.20983880513766126	-28024.421478686574
-29195.953061796452	-26053.23056680662	0.7813402798902481	-26740.417387943715
-28626.59488535937	-26419.842903297686	0.40209021718125343	-27739.281501627025
-27895.803477162783	-28643.415338132894	0.15948238651622584	-28015.034400938133
-28544.582944150992	-26553.687555428518	0.35650007767769004	-27834.828583423274
-32298.20575070502	-25653.108056169312	0.9375077985770582	-26068.374839771364
-27487.14941070063	-31933.397066296977	0.07338546706180785	-27813.439371579036
-28818.21543357858	-26203.97131992786	0.5679110563656429	-27333.557297397536
-28871.151471762645	-26171.535543896076	0.6648516093463641	-27076.30747750348
-28815.49155208604	-26205.89334466232	0.5625961862967159	-27347.34155282271
-28489.890243574242	-26656.22778095293	0.33374341624272563	-27877.917469062955
-29087.47445319781	-26085.505730740428	0.7520370860472432	-26829.882642755994
-27157.33556048798	-41403.22313126632	0.013207435643609529	-27345.487203765133
-30105.584861814914	-25872.47940498832	0.869228633280008	-26426.04839104739
-28427.930260330642	-26785.555608954226	0.31158700662391303	-27916.187658953273
-27946.771574788694	-28388.484837027936	0.1711223535283367	-28022.358587807754
-28465.009714906042	-26706.46002437471	0.3245104164484645	-27894.342022486402
-31445.613783757486	-25719.527377498536	0.9183649097982874	-26186.976957776285
-27831.103853015145	-29001.253108712182	0.1455039396603433	-28001.365179709683
-28910.743305479777	-26152.17577792104	0.6879295616160243	-27013.043155558094
-28824.107729128376	-26199.98327199762	0.5826356698691452	-27295.19921822799
-28494.97163596952	-26646.246071592606	0.335699694938773	-27874.355027982678
-27938.844403521	-28426.69837031555	0.16926751539037516	-28021.422232353652
-29153.524084304376	-26065.35231151613	0.770788969431455	-26773.195346129614
-27804.59065176384	-29160.27110292222	0.13995561686652444	-27994.325745579597
-29292.397067503407	-26027.59071949452	0.8007560473402684	-26678.083640940396
-29045.554036415524	-26099.330074994967	0.7389298242518444	-26868.501282396457
-28799.129386840952	-26218.42378536334	0.5393664784418091	-27407.18329467692
-28824.369832747154	-26199.810287332723	0.5834339214535214	-27293.11276507774
-37692.804188229995	-25448.757139342204	0.9791574232602455	-25703.954629563814
-27219.356175457582	-37827.17473473587	0.02439310964193087	-27478.113856635766
-28704.78818076611	-26314.153148631896	0.4603358686425528	-27604.29312664129
-28832.235206936788	-26194.568068023233	0.6114980369880834	-27219.306929263174
-28714.874948350047	-26302.20736679057	0.4680190435859789	-27585.700574337683
-28346.759746953696	-26977.07910564693	0.2853584875037151	-27955.90975078728
-29709.777746656986	-25938.006933139746	0.8457237315008231	-26519.90165988329
-28169.061040815923	-27495.629033854202	0.23108615559465973	-28013.440227272742
-30403.735274532624	-25830.95435960785	0.882870164815082	-26366.563434509728
-28440.36059303604	-26758.469406123586	0.31582733639801147	-27909.17337936219
-27322.64355520135	-34682.07834806279	0.041405385391911353	-27627.363789066418
-28342.767244702893	-26987.178279646083	0.28411102982259534	-27957.629467824456
-30740.38792921102	-25790.065459710575	0.8960177834430733	-26304.810962760792
-27532.954109307568	-31393.761391207696	0.08328088712240687	-27854.48556475286
-28847.535538596218	-26184.74702007047	0.6425549779188906	-27136.54752087223
-29238.316106180948	-26041.66288024836	0.7906115198233568	-26711.00524087815
-30248.348020823614	-25851.89077818985	0.876053938082883	-26396.81433980129
-28196.828360089912	-27404.640839318832	0.23942839897169874	-28007.156170306334
-28901.553032538493	-26156.4435875501	0.6833089693893939	-27025.795126822384
-27364.972246201934	-33805.95306132364	0.04888814528147199	-27679.85985204678
-28913.00091984765	-26151.14499115105	0.6890198563719911	-27010.027344536986
-28767.63772767044	-26246.309054467813	0.5091808334344844	-27483.825492486863
-28457.737664639477	-26721.570242410347	0.3219063063198413	-27898.854422596858
-28690.625231422742	-26331.605221407255	0.44949303213091146	-27630.26217426339
-38824.89755604601	-25428.721209127707	0.9830118449290279	-25656.297530267242
-27855.654373075686	-28860.635413785123	0.15072335123421185	-28007.12848345826
-28903.488999692447	-26155.53466761379	0.6843086210657328	-27023.040159956094
-28826.032236701427	-26198.716783613432	0.5888436471598217	-27278.95422306573
-28646.07011847905	-26391.46783791948	0.41575989040469813	-27708.69692140742
-28338.802679139237	-26997.272030141517	0.28287475275016005	-27959.317528497246
-30184.232125062805	-25860.966959776233	0.8730639399290844	-26409.745206499545
-28226.790121704187	-27310.830046481624	0.2485059215191382	-27999.168619136264
-38404.36082836089	-25435.628075224377	0.9816529124981271	-25673.566549834577
-28515.35535847961	-26607.144345698598	0.3438369611165531	-27859.241882675848
-28387.515778452263	-26877.68194804171	0.29827708173830725	-27937.166949607632
-28612.43825600436	-26441.279153585292	0.3928542673555409	-27759.489137511202
-29358.146106774635	-26011.42407167829	0.8110064088575984	-26643.933087646557
-27159.433405482127	-41232.194483896026	0.013640995216352717	-27351.399872033646
-28750.42811774343	-26263.322424497517	0.49526799462291765	-27518.644268634285
-28839.909435355687	-26189.47713135157	0.6307465127667392	-27168.158502280778
-28805.280512168836	-26213.52989342865	0.5469370732302209	-27387.756014212464
-28041.03625877827	-27970.624324246543	0.19467648744631513	-28027.328710689333
-29707.56421823345	-25938.41582232134	0.8455632509763958	-26520.51084717354
-28163.134673902605	-27515.568280127703	0.22931808059875974	-28014.635991421885
-29530.867265605666	-25973.01482650205	0.8309368857395744	-26574.51643993596
-28686.76251030777	-26336.501247909648	0.44652666020958914	-27637.308198189163
-27877.634327520715	-28739.829777191087	0.15547997299657892	-28011.68845275324
-28601.235106725147	-26458.728908610174	0.3859883586872951	-27774.252655837394
-35826.00381331776	-25493.914991915623	0.9709733543902503	-25793.820872542918
-27405.781701746364	-33091.72862722386	0.05660510478585614	-27727.635323269835
-28795.961539528937	-26221.0215970744	0.5357983107134149	-27416.3130681733
-29023.06173450387	-26107.16022653902	0.7315411387614451	-26889.95982485105
-28829.38539163321	-26196.496293654414	0.6012148079545231	-27246.45347822633
-28545.89131024776	-26551.366159808178	0.3570999150176601	-27833.6465485252
-29148.076145579987	-26066.95144569773	0.7693438763093143	-26777.6317255802
-27533.127909434126	-31391.83758985855	0.08331854749008442	-27854.629995193016
-29865.310642818713	-25910.57114850491	0.8560210342857069	-26479.970450565677
-28702.352975871785	-26317.09762075776	0.45847623586947417	-27608.7700790716
-28365.45067228175	-26930.666807498368	0.29123652701857705	-27947.589202479947
-28643.651753250622	-26394.920805506903	0.41400832273731764	-27712.658425287747
-32063.60880563827	-25669.743632079364	0.9330175554488983	-26098.020351534495
-27837.534616657467	-28963.820692801684	0.14686264013435485	-28002.94396334657
-28989.03487392787	-26119.651675826943	0.7197984067846855	-26923.657419480078
-28828.964343869433	-26196.77815062924	0.5996127434210491	-27250.671959345673
-27648.53826094489	-30280.30399731549	0.10788659224658322	-27932.470497833234
-27607.877922359407	-30637.67552381609	0.09936207243633062	-27908.924891102768
-28940.99718752348	-26138.874558451695	0.7014423752578871	-26975.46963482349
-27543.127905800884	-31282.59712610316	0.08548441755830855	-27862.794254075645
-28934.388313645417	-26141.69113743516	0.6986646902647123	-26983.22940602534
-28823.693983999023	-26200.25685954627	0.5814050431629966	-27298.414409421162
-28642.35241279632	-26396.78433106241	0.4130730087790937	-27714.768848856194
-28751.889200147638	-26261.83178129317	0.4964173947485488	-27515.781383505608
-31521.184167091425	-25712.92057136081	0.9203942222892595	-26175.291912047927
-27173.208010832357	-40230.887507689964	0.016345705755116506	-27386.64499773261
-28713.60397292892	-26303.69034195843	0.4670523599797687	-27588.04812423674
-28831.779234138652	-26194.87787853451	0.609957296239289	-27223.382012824633
-28729.08982481224	-26286.05865303423	0.4788270955495463	-27559.300304492772
-28390.038551188354	-26871.74651744376	0.2990905900377742	-27935.93169096603
-31443.08564661246	-25719.75116353847	0.9182958340544897	-26187.37143390521
-28468.296909750603	-26699.693567706265	0.3257004694516322	-27892.261970973035
-34649.64229438626	-25533.052106400846	0.9638343686510423	-25862.75934629905
-28474.610850699344	-26686.80791420686	0.3280102984008225	-27888.19307601858
-27791.0150405845	-29244.73652548279	0.13714232049851155	-27990.381778381994
-28442.529959443833	-26753.80156502814	0.31657607485210887	-27907.91895284841
-30947.18329940862	-25767.513555086458	0.9032317656219587	-26268.741050905875
-27685.500260728055	-29982.10391209005	0.11552065224453946	-27950.805412480582
-28870.993608294535	-26171.618627217125	0.6647363339560628	-27076.62097940042
-29035.17252438858	-26102.905093645873	0.735552016318765	-26878.33730331994
-29237.085044499057	-26041.99202129729	0.7903594017725352	-26711.813234073707
-28341.146455968857	-26991.29691862043	0.28360533034623064	-27958.32193201145
-28947.669760732828	-26136.07678123675	0.7041698642582558	-26967.83071401161
-27166.150045233437	-40719.76574029493	0.014987876199664785	-27369.289959328853
-29086.883989915994	-26085.694228980825	0.7518584205298601	-26830.41419654889
-28787.285714250957	-26228.38663286122	0.5268328033240083	-27439.173737779172
-28430.521285764466	-26779.861780279378	0.31246418613618926	-27914.749306795104
-28711.3869231563	-26306.292557606655	0.4653652828139835	-27592.139503537972
-45227.1793453588	-25367.364934936722	0.9975824446801412	-25415.377134916045
-27406.939860752133	-33072.983347274996	0.056831695706254216	-27728.950720036602
-28822.44520435048	-26201.08739564847	0.5778986163123391	-27307.566153842043
-28732.404711841016	-26282.40812368548	0.48135394589689334	-27553.089186698424
-27897.83025376369	-28632.84737919773	0.15993320460597926	-28015.38389807463
-28033.157322360392	-28003.135019771336	0.19259489229636625	-28027.375180226765
-29250.53948722448	-26038.41667892246	0.7930611286665054	-26703.129747457053
-27877.706433112824	-28739.441091091758	0.15549572423556005	-28011.70248785414
-29671.03882765719	-25945.244378500374	0.8428466935008704	-26530.765295521473
-28863.246246268875	-26175.77109947014	0.658679938047806	-27093.060283070467
-28641.00656641253	-26398.720666287863	0.4121086239835008	-27716.941209534547
-28737.621958032683	-26276.75086354371	0.48534456939889303	-27543.25153633175
-30338.271019616936	-25839.599388768424	0.8800667959863602	-26379.13949126135
-27439.817638303426	-32570.605108662312	0.06342936797922662	-27765.260244784025
-28832.153203863618	-26194.62378463382	0.6112245613231485	-27220.030441617986
-29003.526246097113	-26114.229980990614	0.7248940541427243	-26909.092562864633
-29315.2671806817	-26021.856056509463	0.8045514248710373	-26665.548568042803
-28038.055621020394	-27982.87469825072	0.19388653282153476	-28027.35678322669
-29302.061405136345	-26025.15236524843	0.8023925198902381	-26672.69410316958
-28021.62249585824	-28051.484400873884	0.18958548927420948	-28027.28387973129
-29217.191509615714	-26047.368091504555	0.7861437734184887	-26725.254566631516
-28617.732764211218	-26433.18219427159	0.3962353073324903	-27752.13669774782
-27480.21823229579	-32021.200481553697	0.07190275975022258	-27806.727387994204
-28501.01890150416	-26634.489015785275	0.3380633967727349	-27870.01346816021
-32894.943119963136	-25615.425166379315	0.9468271775318959	-26002.497682178604
-27434.343398369758	-32650.494732750914	0.06230973627345932	-27759.3604123775
-28812.488552717292	-26208.07082519064	0.557422308228355	-27360.72801144854
-29080.09279850695	-26087.874250583376	0.7497909528257377	-26836.554402396487
-28889.597226513102	-26162.183470510405	0.6767590402454926	-27043.795310648362
-28616.071769130645	-26435.71207634991	0.3951651384919698	-27754.46962917064
-29313.379322088615	-26022.324805845947	0.8042480827332974	-26666.55503722969
-27549.308645014673	-31216.471427794448	0.08682151749488487	-27867.697282716377
-33192.394929525	-25598.797995298806	0.9505854629669249	-25974.032072219372
-28466.90889210931	-26702.545863536965	0.32519695520043035	-27893.143407349373
-28174.642658643443	-27477.018658060486	0.23275583248152734	-28012.266603628665
-28541.245185455446	-26559.637363684244	0.35498387114347885	-27837.806369794907
-31952.04066880827	-25678.061205339764	0.930688076832119	-26112.922787868556
-27888.268741835338	-28683.029366654006	0.1578142516923323	-28013.693295115627
-28932.96390908834	-26142.304335428897	0.6980551297708734	-26984.929678251166
-28828.397888476567	-26197.155698631006	0.59745883972626	-27256.338982692654
-28669.558785214675	-26358.999650844584	0.43333264875580046	-27668.318075411175
-27970.974603245017	-28274.910537533025	0.17689846955920024	-28024.74040486461
-29206.987026576404	-26050.168616710016	0.783875500058433	-26732.434416948723
-27908.99215774222	-28575.304301279382	0.16243263130868443	-28017.222992489893
-29306.334165870278	-26024.081383355297	0.8031005911298366	-26670.355015994945
-28826.408818646254	-26198.469301848974	0.590151280321748	-27275.526948200222
-28664.787097727367	-26365.435568315486	0.429700907713494	-27676.75365838667
-28773.509267140216	-26240.780821381613	0.5141890517877318	-27471.208029179783
-34546.03107607495	-25537.013689979383	0.9630910631581325	-25869.52694369007
-27111.90853328674	-46847.70936996235	0.002318798962334682	-27157.671887787666
-28640.161170381412	-26399.940153377454	0.4115051889547028	-27718.2985974789
-28814.99437124904	-26206.249677177133	0.5616956621683014	-27349.673792884278
-28556.948883149635	-26531.991057409363	0.3623003914870216	-27823.305870139226
-28255.498272637444	-27225.030803426595	0.2572489762434552	-27990.411571130768
-30196.722078617357	-25859.17768972142	0.8736555001875198	-26407.202565950905
-28285.79101113319	-27138.657589107424	0.2665129066175944	-27980.065148550915
-31631.92366494674	-25703.51837019805	0.9232448873029823	-26158.553786710083
-28559.790622212582	-26527.082122358097	0.3636768355424367	-27820.541627405288
-27537.843891131215	-31339.96727660195	0.08434025992562921	-27858.51596573113
-28450.170826665362	-26737.500227449847	0.3192356835869702	-27903.42525716549
-31582.401660073032	-25707.682884410937	0.9219880578479706	-26165.98110569733
-27636.394550557878	-30383.6268374414	0.10535625917967256	-27925.832667401544
-28913.489921697696	-26150.92260078244	0.6892539073489131	-27009.379601442437
-29759.79749189917	-25928.91145617431	0.8492350260999262	-26506.474889364526
-36085.753699299545	-25486.531986687267	0.9722975389639976	-25780.15651319286
-28035.947027607173	-27991.576615596623	0.1933295151250096	-28027.368917367276
-28897.387405049434	-26158.41810580943	0.6811045900183048	-27031.862843417846
-27463.003293990205	-32247.11019960938	0.06825206348611881	-27789.528462236904
-28882.462309086714	-26165.722597345935	0.6724697457966198	-27055.53704573681
-28766.398711360096	-26247.49384038809	0.5081450699968311	-27486.429619384668
-28498.226331264144	-26639.901855461783	0.336966908013735	-27872.032478566776
-28689.7580380247	-26332.699352638298	0.4488272849595764	-27631.845787772334
-33356.87551665272	-25590.143018614075	0.9524654485017526	-25959.331164515206
-27594.293582922353	-30764.719972176114	0.09647955869319762	-27900.174921826823
-28831.01003413044	-26195.400044357222	0.6072529361163573	-27230.528129383052
-28765.72951139978	-26248.136368442443	0.5075883707808285	-27487.828509677078
-27571.814421596	-30984.218297089294	0.09167268146573569	-27884.638635106538
-28106.51242718042	-27715.72360741222	0.21275645351520062	-28023.369583813146
-29405.60468209948	-26000.32862816935	0.8173131666346339	-26622.427727196755
-27847.133348644948	-28908.744593276766	0.14890156227126905	-28005.20892149537
-31670.67488625268	-25700.30375407297	0.9242082513589708	-26152.80862221679
-28732.705454495153	-26282.079085960202	0.48158347388955863	-27552.524294730738
-28527.543243478933	-26584.48018185426	0.34895735885166074	-27849.497089412165
-28672.958254867393	-26354.465663679137	0.43593103380149656	-27662.255382729585
-29736.269759646806	-25933.155711686806	0.8476100820485192	-26512.711949415556
-27263.114065143476	-36256.7620585159	0.03152660214068751	-27546.65322722392
-28808.329215910177	-26211.18265304602	0.551106032177898	-27377.026078665647
-28884.37100424788	-26164.76682489609	0.6736503561573962	-27052.308680220405
-28903.296583058178	-26155.62476300729	0.6842099339824566	-27023.312228455703
-28187.652569039004	-27434.26939065127	0.23666240763968413	-28009.355092166526
-28334.28136119083	-27008.863046412036	0.28146764615798736	-27961.21898795536
-30249.598673180415	-25851.7163856905	0.8761111424800143	-26396.564997795005
-28764.012686657476	-26249.79313747721	0.5061684499186658	-27491.394074693693
-28303.159849764408	-27090.994641267414	0.2718466455473976	-27973.63680398524
-28684.805430548753	-26339.00389570265	0.4450230800391326	-27640.869606351018
-42085.78606220553	-25391.08694674739	0.9915167353819626	-25532.712497062337
-27450.22601529828	-32422.49836751178	0.06557909331440726	-27776.303127868738
-28813.45955615434	-26207.36019545804	0.5590292950162958	-27356.57366780187
-28877.789786315927	-26168.09184478791	0.6694624768341436	-27063.7486909082
-28802.9137297263	-26215.388638999426	0.5439078440737237	-27395.53853614238
-28461.5011140653	-26713.72604915923	0.3232492029030018	-27896.534217480672
-29049.738249081514	-26097.907285553938	0.740276155575606	-26864.568171492283
-27308.113673295404	-35023.34169475315	0.038940002447494876	-27608.544671333948
-29422.258189436212	-25996.539509249233	0.8193514613564602	-26615.390582628886
-28640.98167977794	-26398.75653038687	0.41209083407811004	-27716.981247774456
-28173.242095448462	-27481.67312495269	0.23233648405767743	-28012.565392360088
-28587.907350989848	-26480.052944525793	0.37831285362721756	-27790.478935449726
-33116.283989567484	-25602.92939053229	0.9496701817296742	-25981.075162102246
-28007.199021356733	-28113.231464034154	0.18588597454939237	-28026.90896529768
-29073.29822154567	-26090.078046583105	0.7476996977220267	-26842.745398487907
-28844.25279248161	-26186.74586384262	0.6379977878407298	-27148.769250838523
-28906.802660088328	-26153.991351346267	0.6859859988930845	-27018.412644696728
-27880.431523915988	-28724.787268564804	0.15609175984348475	-28012.22849803218
-29136.71476966754	-26070.320091882986	0.7662673125073806	-26787.036760834635
-27842.858515812288	-28933.156282193264	0.14799184891356973	-28004.213698125342
-29171.135173599163	-26060.251369764756	0.7753219547025355	-26759.198661957813
-28903.74247291328	-26155.416064710436	0.6844384016759054	-27022.682338799244
-28746.898680068094	-26266.95834455323	0.4925085442735283	-27525.506875538464
-28808.573058401464	-26210.99727995877	0.5514544664514507	-27376.128293433136
-33474.7724131451	-25584.15938316632	0.9537369595588022	-25949.20313287807
-27318.907635183517	-34767.592936876164	0.040767098756454546	-27622.568924483374
-28793.766795287593	-26222.850760483725	0.5334296575871186	-27422.363935156933
-28875.711272312386	-26169.15989620265	0.6680653040025528	-27067.55820443311
-28833.425528740132	-26193.76033397223	0.6152836241998976	-27209.282761029008
-28531.42659031366	-26577.370980217172	0.3506346093650503	-27846.267064789892
-30522.539807643192	-25815.873190156366	0.8877348736751284	-26344.26771253758
-28315.764479943893	-27057.231234662348	0.2757314906998366	-27968.74723212711
-44612.440352045654	-25372.308345133075	0.9965068289375222	-25439.517417497875
-27910.229297862687	-28568.99417642965	0.1627114441422226	-28017.41788260449
-27173.774414949676	-40193.5807096786	0.016452476770021762	-27387.982475563887
-28182.810410318343	-27450.078116084744	0.23520617159151083	-28010.467252590195
-29711.193447747064	-25937.74571109639	0.8458261314115421	-26519.512746572185
-27421.795984899327	-32839.09726431848	0.0597743321775439	-27745.61155108116
-28817.623754269094	-26204.384442996383	0.5666960381877623	-27336.711389734333
-29049.064563377156	-26098.13567784517	0.7400599626609128	-26865.200242535346
-28957.321830272824	-26132.10730780749	0.7079959529395229	-26957.0813821814
-28243.490137904806	-27260.443041022823	0.25358756931313925	-27994.201614086167
-28910.341833060527	-26152.35978912668	0.6877339554501419	-27013.583932925434
-27321.919128997488	-34698.54428407622	0.04128136690346468	-27626.43629853362
-28942.65070503888	-26138.17702604166	0.7021251135467135	-26973.559304734186
-28772.64772470208	-26241.58300050002	0.5134428900476293	-27473.09053781017
-28450.667049177686	-26736.449066357833	0.31940966332259074	-27903.129260423666
-28695.18878728726	-26325.895772334323	0.4529935821071831	-27621.914257382203
-39836.71652633772	-25414.34433342094	0.9859916354468937	-25616.378180819902
-27622.983705725223	-30501.043031881054	0.1025467737386084	-27918.119404250818
-28838.62931070107	-26190.30306068116	0.6282381881481235	-27174.849625763447
-28795.003200086823	-26221.817397664163	0.5347544336076253	-27418.98068374511
-28385.21697231722	-26883.112170580218	0.29753745898534156	-27938.28452647871
-28181.7741593874	-27453.476953804824	0.23489486105059346	-28010.700888478546
-29557.09033154914	-25967.61507317808	0.8333792025756217	-26565.69630306294
-28089.05860432927	-27781.102728075468	0.20780780995173498	-28025.062968123202
-30616.52681712759	-25804.460633945328	0.891402104452125	-26327.040894676018
-28769.377086333538	-26244.656486340788	0.5106465097230414	-27480.137323921375
-28537.959448025096	-26565.533372466514	0.35351042849555203	-27840.68626087858
-28690.976114678142	-26331.163346586436	0.44976236306041006	-27629.62114772109
-30240.805206291072	-25852.94467240277	0.875708054195082	-26398.32039608035
-27169.93271606422	-40452.03836771282	0.015722146192018803	-27378.75592285728
-28821.434456159004	-26201.765932429957	0.5752699951569468	-27314.41775720059
-28900.494384379017	-26156.942929938476	0.6827558498941542	-27027.31857937412
-29569.927168688213	-25965.008034838338	0.8345341266278713	-26561.499127756706
-27789.05278484718	-29257.122376792962	0.13673694250628723	-27989.7921322363
-29426.920598239485	-25995.487954644716	0.8199075815529665	-26613.462958167795
-28068.04031778245	-27862.269043560187	0.201968953574683	-28026.48090885205
-29209.58363367942	-26049.453186900493	0.7844596007248286	-26730.58896516085
-28625.142788128203	-26422.010314164807	0.4011142950940814	-27741.434858835495
-27729.925769704412	-29652.851040595015	0.1246134828684941	-27969.548185005933
-28528.896775545352	-26581.996139968258	0.3495393225770074	-27848.37844626099
-32556.560208136456	-25636.02715170329	0.9418768158888988	-26038.270568689317
-27470.510096285067	-32147.18578594159	0.06983776950167059	-27797.118695133366
-28816.506852983814	-26205.170925330487	0.5644975518820786	-27342.414114681793
-29346.98594666221	-26014.10051331982	0.8094022675181799	-26649.340919536568
-28893.93518639353	-26160.07465078199	0.6792173933486062	-27037.049559616837
-28629.67355167586	-26415.271356033132	0.4041803401082283	-27734.655719104576
-29336.79576884475	-26016.567774703613	0.8078925429568118	-26654.408331461673
-27709.680679285997	-29799.210580798856	0.1204757778862663	-27961.41841958737
-31791.169201587174	-25690.547702087435	0.9270925246090297	-26135.328613931837
-28643.47002008978	-26395.18109976371	0.413877257221771	-27712.95436830313
-28348.8456750652	-26971.828787954488	0.2860112763409537	-27955.003317639617
-28617.732292056313	-26433.18291208017	0.396235001893342	-27752.137364345366
-31416.290351771866	-25722.13423104599	0.9175589778435604	-26191.56628195698
-27812.757715627904	-29110.46584573226	0.14165637873762615	-27996.586349996862
-28915.19442798967	-26150.14983117492	0.6900640630290078	-27007.13651905528
-28823.47462693496	-26200.402198823424	0.5807669205556416	-27300.080930466214
-28283.19154040752	-27145.906130083295	0.2657162293255727	-27980.99634950918
-27942.466442405042	-28409.174642390837	0.17011283598061447	-28021.859497880032
-29148.916965255507	-26066.703967327452	0.7695682019207815	-26776.943850503154
-27748.81751922067	-29521.475778093856	0.1284746275982875	-27976.55912888843
-29364.255870814628	-26009.969980089336	0.8118637521781692	-26641.0327416921
-28897.77824733593	-26158.23173058409	0.6813146815446003	-27031.284984698534
-28786.657770694223	-26228.933353093475	0.5262204498806508	-27440.73087699363
-28820.94695884031	-26202.09546010509	0.5740625568468546	-27317.562371474152
-41579.21558460579	-25395.50324629527	0.990379350120956	-25551.20107644532
-27164.144695985484	-40867.51889344912	0.014591869453772301	-27364.102543351066
-28665.861274744064	-26363.97949340649	0.43051658639084733	-27674.862987967328
-28822.89383877407	-26200.788105257652	0.5791236979057774	-27304.3702700801
-28644.40055540887	-26393.849503805388	0.41454919274136265	-27711.43643374342
-28273.821691888203	-27172.285880749896	0.26284748584703405	-27984.285773360025
-30383.557763208584	-25833.592672159062	0.8820160037512025	-26370.41573639361
-28303.74031625698	-27089.42464417145	0.27202525936958005	-27973.415780601368
-30631.814042640075	-25802.645301005643	0.8919846839066404	-26324.269489101458
-28512.371896451088	-26612.773748305874	0.34261447953919594	-27861.542065590696
-27738.0804086276	-29595.54498611561	0.12627964583132095	-27972.640377617012
-28449.078073357585	-26739.81825577509	0.31885310880657514	-27904.075266763248
-31109.745774242725	-25750.950493486445	0.9085065876153995	-26241.24495999333
-27679.30862961781	-30030.431379291105	0.11424781562969892	-27947.919268045276
-28882.503785884324	-26165.70175556012	0.6724956793604406	-27055.466158813622
-29033.723161660597	-26103.409433593246	0.7350760990020152	-26879.719577580796
-29498.733042763903	-25979.77331218535	0.8277764680385025	-26585.820985815866
-28079.49062547724	-27817.715810207235	0.20513284663256964	-28025.792012444188
-28848.71601735423	-26184.04050053398	0.6440514285121248	-27132.527944224865
-27113.310211841675	-46677.020576860945	0.0025974528666478855	-27164.126027411563
-28843.981367419445	-26186.913522750372	0.6375905997328412	-27149.859886806044
-28703.051529309316	-26316.250580896725	0.45900989230866684	-27607.486283016227
-28167.49719276593	-27500.872587722144	0.23061910667530053	-28013.760821862958
-28629.798947365904	-26415.085836987517	0.40426607047498675	-27734.4655810038
-35343.64158309501	-25508.75870590666	0.9682985988032438	-25820.538273719518
-27701.38002339796	-29860.971291657705	0.11877709254393201	-27957.889995325117
-28847.724196559204	-26184.633691617822	0.6427986491965756	-27135.89321729466
-28801.355268755793	-26216.629346297545	0.541996521585373	-27400.442809531876
-28086.502681922593	-27790.82903428273	0.20709052900012387	-28025.27146982146
-28202.49958196726	-27386.54167570635	0.24114172214632504	-28005.738087252594
-29683.6464752181	-25942.869747218803	0.8437993893023727	-26527.181356615765
-27993.81977650911	-28171.82509235851	0.18251669276245502	-28026.308718052078
-35588.22509941956	-25501.040155791437	0.9696924905541342	-25806.757608752643
-28772.91942058804	-26241.329689407678	0.5136777474090606	-27472.498110111403
-28568.559209247032	-26512.115730445574	0.368035473099019	-27811.715060624945
-28686.32968411019	-26337.05345899965	0.4461941514081527	-27638.096372423646
-29741.28785354644	-25932.24548875637	0.8479605024461325	-26511.370376060448
-27356.63452797099	-33966.310621380966	0.047374641720723885	-27669.76556478632
-28815.111263227165	-26206.165748899235	0.561905668498715	-27349.129989922007
-28912.514114050926	-26151.366691976444	0.6887861223280313	-27010.674088024203
-28901.55740505552	-26156.441528551157	0.6833112438332986	-27025.78886101479
-28198.17223044613	-27400.337355311352	0.2398341494883117	-28006.824181736065
-29394.975108295712	-26002.77477456403	0.8159675290392062	-26627.0497839747
-28062.93688194588	-27882.389719362407	0.20057230744433815	-28026.724120943985
-29502.125924759865	-25979.052111984467	0.8281195578522201	-26584.599596643566
-28660.36331858835	-26371.47611827866	0.42635568037384247	-27684.483259001332
-27340.03486679581	-34302.61110851853	0.04442112206996388	-27649.320315950805
-28548.664074710927	-26546.466738084633	0.3583816428544518	-27831.113303891987
-37182.885849018	-25459.41547289878	0.977190009749525	-25726.827717879794
-27345.03761422275	-34198.74829265133	0.04530314693178263	-27655.53227611553
-28772.55938362703	-26241.665430418892	0.513366615457131	-27473.28292078765
-28953.59411423061	-26133.62977256421	0.706533805836495	-26961.193975589842
-28829.226126201902	-26196.60303160119	0.6006093300393209	-27248.048133107724
-28541.81643589195	-26558.61624029243	0.3552419577978981	-27837.300515702
-29146.377051085085	-26067.452296734555	0.76888913866823	-26779.025248688213
-27425.71794343874	-32779.30057825744	0.060562058251725476	-27749.941926824056
-30222.09282838525	-25855.574982050326	0.8748433687408486	-26402.07364603057
-28698.680379929618	-26321.58257987518	0.45566779328808565	-27615.51347094885
-28304.46955546953	-27087.45434016183	0.2722496886349318	-27973.137542038035
-28636.307936976405	-26405.52940550133	0.40877854018406	-27724.41354540608
-36526.10725470363	-25474.900775918293	0.9743851765011189	-25757.97547932207
-28133.60669390754	-27617.726472548926	0.22059643422818723	-28019.80535658698
-29218.681421615176	-26046.9616640073	0.7864688769824372	-26724.222545746303
-28892.168092168366	-26160.92994500638	0.678228267659239	-27039.765175053864
-33934.252376361095	-25562.44684947068	0.9581769644393571	-25912.581169728608
-27629.98199588862	-30439.327198011088	0.10401491748014319	-27922.195805260624
-29114.726567616926	-26076.97704091108	0.7600836004178417	-26805.78297019075
-27864.57499822239	-28811.04208775876	0.15264341400437806	-28009.046966012007
-29053.93744028331	-26096.4895323616	0.7416187729774889	-26860.63855166557
-28811.580396739566	-26208.740995441338	0.5559693149236692	-27364.481557943458
-28607.59184432825	-26448.77488014004	0.3898363715876821	-27766.006472087185
-28729.509190026878	-26285.594417803637	0.4791464904427291	-27558.51600397497
-31004.10789475693	-25761.603660335313	0.9051172274846174	-26259.02699702087
-27151.861005078597	-41878.00559312883	0.012042526354083337	-27329.200989374232
-28686.921587110133	-26336.298475418025	0.4466488630545305	-27637.01844680315
-28827.06043881762	-26198.04052108159	0.5924791748121793	-27269.420887392596
-28673.916381055813	-26353.19553563314	0.4366646433440399	-27660.539640788244
-28339.74970568268	-26994.854980509175	0.2831698519443484	-27958.916065474565
-30760.730162811895	-25787.767567646686	0.8967538266836896	-26301.20692564264
-28386.525128889974	-26880.019509384092	0.2979581565130179	-27937.6494917255
-32747.81514200585	-25624.1498852274	0.9447721217775121	-26017.57480252653
-28359.545079616357	-26945.17792025639	0.28937191660295297	-27950.26694393209
-27627.498123249912	-30461.11967941278	0.10349435370123636	-27920.76195483888
-28369.80262363515	-26920.063082825214	0.29261548722093267	-27945.5863815576
-30513.23120378117	-25817.027755144285	0.8873633217194824	-26345.992512128254
-27604.854741129948	-30665.59939706586	0.09872208972664538	-27907.0178496836
-28843.495166476776	-26187.214810652302	0.6368479072041711	-27151.848580922408
-29282.72599621923	-26030.05327241443	0.7990681925912896	-26683.61868171754
-29283.367429377686	-26029.88923823412	0.7991817384875485	-26683.247072448245
-28411.532089825523	-26822.180392871185	0.30610854382417274	-27925.017956246353
-29018.50110425959	-26108.787306121427	0.7300098837720778	-26894.38127267074
-27494.319488323697	-31844.37293801886	0.07492535622593746	-27820.248792643975
-29143.023649172435	-26068.443792785944	0.767986072433322	-26781.789140883568
-28818.398720028963	-26203.843840271653	0.5682950587913508	-27332.56010092407
-28623.410703669033	-26424.605005686517	0.399958621242876	-27743.979408322964
-28757.657973135043	-26256.029641462326	0.5010041348485087	-27504.331835112836
-41081.61168136271	-25400.24963866082	0.9892067883906946	-25569.501897509832
-27443.9489090603	-32511.235498296468	0.06427944605595698	-27769.671284023178
-28814.247439020095	-26206.788152162324	0.5603775458518463	-27353.085802942132
-28708.20104394367	-26310.066091868215	0.46293873741872305	-27598.01147707015
-27239.264630279482	-37054.102119534815	0.027654950189216713	-27510.693472160096
-27978.383143213767	-28241.05238352178	0.1787021886696059	-28025.32271135299
-29188.56099991761	-26055.30201337657	0.7795934672322796	-26745.892762863383
-27708.300144840952	-29809.4100994759	0.12019338651124697	-27960.839665721018
-29734.13066954142	-25933.544549472426	0.8474600558414849	-26513.285743997378
-28783.613815811746	-26231.608791184524	0.5233086214258031	-27448.127584502352
-28565.233301451117	-26517.76034237521	0.36636187269382464	-27815.1172738741
-28698.849036323798	-26321.375451734923	0.4557968665207645	-27615.2040262323
-30185.758905102863	-25860.747677890053	0.8731364975187862	-26409.43375044484
-27242.89229433182	-36924.69704018126	0.02824471604887113	-27516.35212021895
-28823.435505623773	-26200.428142091892	0.5806541386315257	-27300.37542432802
-28914.566358496577	-26150.434143946157	0.689766553611409	-27007.96040713986
-29319.711768723548	-26020.755709346406	0.8052588091128533	-26663.19834103388
-28010.155322034676	-28100.456859259077	0.18663852005455026	-28027.00906730089
-30176.79783868945	-25862.036942949242	0.8727096498118463	-26411.264368346165
-28204.18769891659	-27381.185420660393	0.24165221867628478	-28005.307372400344
-29495.42536226626	-25980.47816883777	0.8274397482040632	-26587.01834158521
-28695.814653952126	-26325.11911014318	0.4534732165661662	-27620.767720202006
-28070.066198999793	-27854.327124545183	0.2025257044494242	-28026.373490968606
-28618.491726696622	-26432.02933918253	0.39672717919620126	-27751.062671279564
-34850.09292934797	-25525.646476410213	0.9652109118725981	-25850.035465800705
-27593.204428637855	-30775.08372010826	0.09624769375212945	-27899.452972239542
-28833.249783103667	-26193.879399315803	0.6147464907649298	-27210.70610184119
-28947.84902197446	-26136.00223526924	0.7042421578884176	-26967.627973253562
-28863.002559375345	-26175.90424861667	0.6584749558252724	-27093.615617900363
-28583.34786692177	-26487.49016181656	0.3758030249827011	-27795.71820140993
-29259.13088641123	-26036.158476212844	0.7947258497614956	-26697.751398958462
-27236.313874155392	-37161.764443887994	0.027174538166258234	-27506.0334094799
-37960.46138650799	-25443.592925262587	0.9801275656361566	-25692.333572199546
-28311.26580227659	-27069.202845337055	0.27434337302243783	-27970.514061163576
-27959.864532448766	-28326.474476982225	0.17422533131869963	-28023.73727149984
-28450.604323232496	-26736.581889947858	0.31938766236580335	-27903.16670502317
-31346.654391994733	-25728.42483431864	0.9156034057440637	-26202.584274734538
-27816.54356289861	-29087.629918508897	0.1424471363479417	-27997.606174306235
-28894.468758031973	-26159.817386881437	0.6795128934327804	-27036.237892291552
-28822.064626704185	-26201.34216954485	0.5768881536762752	-27310.200887095583
-28487.868370027572	-26660.225552594817	0.3329722478714577	-27879.314032800863
-27905.92798368508	-28590.99117678857	0.1617436206472091	-28016.732584909776
-29135.503328183895	-26070.682046908798	0.7659343564950325	-26788.051412338173
-27810.525232980013	-29124.00623363609	0.141190796542876	-27995.97666170658
-29214.803768797818	-26048.020736077407	0.7856195447023835	-26726.917124460775
-29182.97054502884	-26056.87957636134	0.778246564491782	-26750.100988374572
-28791.221509285297	-26225.00127827708	0.5307739315515161	-27429.138708046026
-28822.52697833504	-26201.03276085652	0.5781191340164711	-27306.99101149717
-35308.74713066337	-25509.893579725904	0.9680929083979422	-25822.546497570816
-27287.913746789243	-35540.336210999165	0.03557941703375072	-27581.53012718206
-28743.466611135547	-26270.541444687933	0.489845129038937	-27532.11626387338
-28845.63597243358	-26185.897287219363	0.6399961417817139	-27143.413475748912
-28779.28213954523	-26235.486786082285	0.5193076567228309	-27458.269735355963
-28430.385816843114	-26780.158849475076	0.3124182398122188	-27914.824812407336
-30020.99741152205	-25885.36069174274	0.8648652079161908	-26444.229100004282
-28245.97689187405	-27253.053831718607	0.25434531959021683	-27993.431558810316
-31331.465243713734	-25729.816046764096	0.9151690332254673	-26205.009363673118
-28533.317672785008	-26573.928585552832	0.3514599362374262	-27844.67090912208
-27442.345317714033	-32534.18776963821	0.06394896948434818	-27767.96339529124
-28417.406192878563	-26808.943297633537	0.30805725765467407	-27921.907524330083
-31363.582667391438	-25726.882467547737	0.9160842089283642	-26199.890623851268
-27596.11051998902	-30747.49066013519	0.09686611189912478	-27901.3724612811
-28889.931936337176	-26162.01964148763	0.6769524330518262	-27043.265071186786
-29387.253683736202	-26004.565503377155	0.8149669702070722	-26630.474546233716
-33488.0033073018	-25583.49894271959	0.9538759483204341	-25948.086710532934
-28129.749385199724	-27631.42458878459	0.21946971941486382	-28020.382181953024
-28891.824630146173	-26161.0967765479	0.6780340968249545	-27040.29803625692
-27393.815358231586	-33290.01485927615	0.05428831506951316	-27713.910094457
-28887.884371069384	-26163.024856794375	0.6757590252542084	-27046.535961748246
-28760.149243275282	-26253.565261657437	0.5030129594106655	-27499.30501667032
-28456.660896187524	-26723.824174429898	0.3215239193907049	-27899.51244174387
-28684.392071756945	-26339.534372204427	0.44470548486888556	-27641.620991528904
-36194.185740674475	-25483.567639048222	0.9728290445462215	-25774.58536636994
-27769.504054886133	-29383.03651680958	0.1327126189422416	-27983.640173656317
-28865.352590438237	-26174.626936328248	0.6604114134756552	-27088.366657932253
-28816.15119967299	-26205.423177576926	0.5638215712408998	-27344.16642417214
-28494.608575804315	-26646.95614690786	0.33555903679215493	-27874.612106437136
-28267.387424878718	-27190.631491383192	0.26087992912126834	-27986.4834132675
-29863.721352921988	-25910.83942298066	0.8559242140363711	-26480.353993858385
-28134.90103656127	-27613.148540516046	0.2209752308409802	-28019.60665830582
-33925.9357840294	-25562.81856715215	0.9581030432255122	-25913.20772768763
-28690.90010810858	-26331.259022600043	0.449704024159297	-27629.760016383778
-28431.177387821124	-26778.42399407995	0.31268684576357897	-27914.383142307146
-28646.358322051787	-26391.057683354593	0.4159695335515387	-27708.221967354428
-29678.74164310009	-25943.791330586613	0.8434306963061922	-26528.56990034782
-27123.97107831981	-45185.77169244909	0.005169461381458016	-27217.340859074146
-28787.16957843524	-26228.487611423097	0.5267192325120031	-27439.4625765283
-28854.59301677028	-26180.608013150508	0.6506706140367446	-27114.709552539956
-28865.499697386593	-26174.547469853995	0.6605297544050462	-27088.045683418775
-28146.204734822637	-27573.56143062209	0.22429787721326655	-28017.762057290063
-29810.47509294797	-25919.965534154264	0.8525895396646073	-26493.46733915529
-28201.329940680374	-27390.261229792486	0.24078814719430094	-28006.03420853841
-30167.577166491654	-25863.369230667395	0.8722679254977895	-26413.154639399105
-28721.006214928842	-26295.143562293673	0.4726795029496107	-27574.350662057226
-27801.833250996136	-29177.256076540514	0.1393828760284375	-27993.54364017567
-28633.355846345923	-26409.845773178335	0.4067169746679883	-27729.016556243405
-46347.67692198768	-25354.11655044222	0.9994370028904306	-25365.935864250972
-27204.36922286572	-38494.369720040704	0.02188440845099098	-27451.44420515779
-28747.8236718767	-26266.0006536747	0.4932295667218857	-27523.715179928524
-29078.101930930952	-26088.517594179903	0.7491805335038129	-26838.363542569157
-28819.556174701505	-26203.044193831614	0.5708101051745247	-27326.02469571076
-28496.533774938962	-26643.196281427525	0.3363064953188575	-27873.244337853095
-29092.425670505138	-26083.931549915476	0.753528273653453	-26825.440289520648
-27576.05077796809	-30941.931980379886	0.09258186362515666	-27887.670332428257
-29337.123928050583	-26016.487966578326	0.8079418545988601	-26654.24315089102
-28661.584185114218	-26369.802015179423	0.4272764555479043	-27682.359622656593
-28351.148584193037	-26966.05306506362	0.2867328363371757	-27953.996217395146
-28624.01375905127	-26423.70046173266	0.4003599447655298	-27743.096448869932
-31536.60502589475	-25711.591693949846	0.9207999195176044	-26172.93321865091
-27818.85445853299	-29073.76805527488	0.14293060008301248	-27998.22001196764
-28930.02735227075	-26143.575570904297	0.6967853807283241	-26988.46848691021
-28824.873535580926	-26199.478441936044	0.5850095027116432	-27288.992457426146
-28229.34611729038	-27303.031263645425	0.24928283337406748	-27998.431725977283
-27671.011936447976	-30096.188096333473	0.1125388731379314	-27943.938528642466
-28982.420374033292	-26122.18014566483	0.7174177530625507	-26930.433256178076
-27613.85275789854	-30583.06294609399	0.10062432457928162	-27912.62752761963
-28983.530364014747	-26121.753403418163	0.7178198689972669	-26929.29000105991
-28832.727312067847	-26194.2338250276	0.613105066654996	-27215.053586827264
-28676.845618295112	-26349.333741681894	0.4389101206982645	-27655.27709960416
-28773.150895522016	-26241.114121727427	0.5138781640493935	-27471.992486898904
-31895.744429801896	-25682.362987551245	0.9294622749026434	-26120.640779649737
-27221.231810275123	-37749.31024635442	0.02470307465484059	-27481.307717853608
-28741.417854259133	-26272.7026440257	0.48826306385981805	-27536.03540191322
-28838.938132331074	-26190.102894672407	0.6288623864157431	-27173.185283554933
-28782.84778037543	-26232.288599344214	0.5225895937412717	-27449.952094147255
-28438.239845105778	-26763.049623792685	0.31509797896209807	-27910.39079199295
-31956.776825521432	-25677.702552665698	0.9307896408562513	-26112.279538180315
-28503.00440219411	-26630.657682070392	0.3388483197308781	-27868.562862126568
-35919.98230390178	-25491.196836982162	0.971461070339573	-25788.823211866264
-28265.17805863872	-27196.974595657368	0.26020473968498253	-27987.22645462306
-27787.578015867715	-29266.46107350793	0.13643246444534127	-27989.345676048033
-28392.000356939825	-26867.148100892784	0.2997245663188833	-27934.964675795756
-30509.240045587227	-25817.52416032991	0.8872035361633464	-26346.733121513193
-27647.234908879098	-30291.260787901665	0.10761561083837284	-27931.77336892258
-28844.461890896964	-26186.616963155433	0.6383079698018579	-27147.938291022103
-28998.924668105403	-26115.934543992684	0.7232926195682198	-26913.67918904661
-28966.195644482497	-26128.534663554714	0.7114056856670545	-26947.467488654922
-28247.180963938616	-27249.48651721928	0.2547123104584695	-27993.05590628315
-28900.344237375037	-26157.01388533739	0.6826770206222064	-27027.53564606351
-27207.267700365028	-38358.588679289096	0.022374816232722913	-27456.776458020562
-28943.54173605763	-26137.802310621242	0.702491103886428	-26972.53474986515
-28762.68228028858	-26251.08526304831	0.5050758866871725	-27494.135189805093
-28374.588966389198	-26908.488416548716	0.2941372412148391	-27943.354195315558
-28684.916450007655	-26338.861532863448	0.4451083788129242	-27640.667749231507
-39315.28871883932	-25421.382449212433	0.9845031763803719	-25636.693864060486
-27605.572850195364	-30658.948647222842	0.09887418665998994	-27907.472898693755
-28833.251753952598	-26193.878063578377	0.6147525574487238	-27210.69002773217
-28778.19548020023	-26236.472437750115	0.5183270153688997	-27460.7517617127
-28134.63331648046	-27614.094671136318	0.2208968518280988	-28019.647968469075
-28140.389874204273	-27593.83818050187	0.2225854534083742	-28018.73541765041
-29444.384275932945	-25991.584329892015	0.8219374593367064	-26606.398660686147
-27987.18737117995	-28201.352709124705	0.1808683406360392	-28025.923100475775
-30777.38121432646	-25785.900046743347	0.8973518747469108	-26298.266230831854
-28828.98000439487	-26196.767685956976	0.5996723819625015	-27250.51497356618
-28646.197962962393	-26391.285861666416	0.4158528629216592	-27708.48631000177
-28747.747849596115	-26266.07902832167	0.4931704086814771	-27523.862222796117
-30838.81428684629	-25779.112050767646	0.8995245171374254	-26287.488076078494
-27375.07386745919	-33618.705902873255	0.05074999994988685	-27691.938192943566
-28839.394968619396	-26189.80786292974	0.6297630157417548	-27170.783002469812
-29005.099259157476	-26113.65082820297	0.7254381656054806	-26907.532213462997
-31960.149617889107	-25677.447447916085	0.9308618210868442	-26111.82203460175
-27768.475198155596	-29389.793101339787	0.1325014292639892	-27983.302137618797
-29131.689769551518	-26071.825027164232	0.7648801896839639	-26791.259844987057
-27884.100064181006	-28705.169815846457	0.15689648458333955	-28012.92302181503
-29067.352156424786	-26092.02589961902	0.74585124000016	-26848.20137838117
-28537.059790157018	-26567.154481622892	0.35311021002083437	-27841.466112939375
-27103.426248369793	-47679.76313192706	0.00100018542005489	-27124.006400518865
-28385.18700249167	-26883.183102130428	0.2975278266846977	-27938.29904634525
-31657.474275979148	-25701.394514025273	0.9238820551435929	-26154.75906490604
-27330.5419641481	-34506.05989519445	0.04276563741782057	-27637.407562272296
-28771.12654135044	-26243.006950398354	0.5121353936354615	-27476.387019480673
-28929.32443695084	-26143.881292591188	0.6964787436249872	-26989.322495328397
-28830.022494936115	-26196.06788504364	0.6036208878009302	-27240.112474885467
-28542.16676877187	-26557.99058964722	0.3554005208629996	-27836.989521227013
-29152.579719143258	-26065.62877658983	0.7705398974993486	-26773.96085628262
-27344.264907174715	-34214.64471563217	0.045166466994834745	-27654.575690035388
-30649.352357333257	-25800.576346383543	0.8926484562478997	-26321.099936467144
-28514.129876535622	-26609.452787874885	0.34333341632499814	-27860.19058468978
-28085.512594595646	-27794.60729999751	0.20681320208154694	-28025.34953911733
-28522.15904556324	-26594.426576519723	0.3466693863220756	-27853.873213526786
-32457.910240726233	-25642.403558422644	0.9402744967503538	-26049.463124924554
-27942.237421682978	-28410.279493324113	0.17005927851619815	-28021.832318701498
-28977.55459476082	-26124.062652266093	0.7156419055790839	-26935.47618347933
-28833.003446329185	-26194.046429489223	0.6139809202055204	-27212.73418874697
-28761.775676637673	-26251.969898194242	0.504335025268941	-27495.99271594627
-28033.89966507886	-28000.05423120961	0.1927901176759706	-28027.374599900413
-29274.70576640606	-26032.112853351347	0.7976287727198996	-26688.320360735986
-27960.871547052462	-28321.76121359578	0.17446608182930287	-28023.834553146957
-29477.539194438505	-25984.32035101827	0.8255791428310717	-26593.61057596628
-28831.813783167618	-26194.854406207414	0.6100757326562396	-27223.06885928388
-28699.983914553086	-26319.984615211248	0.45666514101576267	-27613.12119890173
-28792.069344753832	-26224.28150384361	0.5316484258838983	-27426.9089811301
-37925.41331086542	-25444.253151556757	0.9800027942663766	-25693.841479056755
-27117.130749439813	-46171.823472002136	0.0034401164660134826	-27182.68111162953
-28618.28707702098	-26432.34000639488	0.3965943713852077	-27751.352772664686
-28805.30668923525	-26213.50951078897	0.5469715135848272	-27387.667463635604
-28507.035208161837	-26622.92344270106	0.34045587385280757	-27865.578290615533
-28208.453772499142	-27367.71298965865	0.2429432613154899	-28004.201464794936
-30040.706255058412	-25882.311011912338	0.8659061716108148	-26439.926150021172
-28254.030629291898	-27229.3226440881	0.25680116049082885	-27990.884429527345
-30772.867789720367	-25786.4050722115	0.8971901601307032	-26299.062505712805
-28505.555905791003	-26625.75508332783	0.3398636766787821	-27866.67988684487
-27552.067026514338	-31187.294923513	0.08741770805507984	-27869.85031752785
-28414.983433639463	-26814.386953226596	0.3072517488895962	-27923.19736576608
-31086.41903433533	-25753.268822771213	0.9077702628839853	-26245.14386478399
-27617.884941685043	-30546.63123942771	0.10147424322855132	-27915.0772558569
-28874.067596851903	-26170.0109693041	0.6669315942706802	-27070.646799243248
-29979.762185445456	-25891.840285379527	0.8626350886291337	-26453.377314873105
-31131.736332907865	-25748.782175432167	0.9091945069572925	-26237.58398172804
-28299.53443018049	-27100.83367192235	0.2707316496902148	-27975.008196412353
-28973.325538697583	-26125.714756398193	0.7140802081355888	-26939.90303858409
-27537.045862899176	-31348.700026560913	0.08416739763682696	-27857.86287454616
-29006.456914235932	-26113.152397438138	0.7259064598423186	-26906.188475201456
-28810.36284642589	-26209.647714090606	0.5540900186940466	-27369.33255013234
-28599.735971663842	-26461.096717670036	0.38509884725954546	-27776.14846024681
-28736.831827962604	-26277.60069850423	0.4847388516329545	-27544.746954368937
-36004.98262480942	-25488.784516119475	0.971893679592514	-25784.356149630912
-27703.58749915441	-29844.44434330227	0.11922903237230245	-27958.839789129783
-28850.297497679618	-26183.103386654457	0.6459583912174395	-27127.401080657175
-28802.460533103047	-26215.748080251902	0.5433456526020941	-27396.981567314677
-27954.897016644376	-28349.84121293591	0.17304214654214894	-28023.239008135028
-28203.01483195921	-27384.905316465072	0.2412975132585108	-28005.60704029735
-29725.78361735724	-25935.066644303515	0.8468708525503584	-26515.535902610118
-27967.48120139527	-28291.02121177769	0.1760538769251026	-28024.44167456348
-40864.876618738475	-25402.46096503396	0.9886774529862566	-25577.534893219068
-28560.311460094494	-26526.185520286235	0.3639309748143304	-27820.03002392496
-28485.757892673075	-26664.41436959579	0.33217152798064864	-27880.759431634837
-28645.506750626722	-26392.270418770117	0.41535063680519957	-27709.62360531747
-29463.73438409723	-25987.322023252014	0.8240947270770963	-26598.841288379048
-27268.846014932224	-36082.07156721818	0.032458642359611815	-27554.911351168466
-28784.618130271745	-26230.721473907168	0.5242594153931371	-27445.713762231564
-28861.56102368851	-26176.695304311248	0.6572412137386229	-27096.956619559776
-28829.88631301606	-26196.15964179437	0.6031095227624383	-27241.46067724884
-28093.493103494846	-27764.32070605612	0.20905687104868728	-28024.677352050712
-29897.21088597373	-25905.23516302358	0.8579335982632345	-26472.36078980363
-28190.389578639348	-27425.3867415027	0.23748661820102313	-28008.711641933576
-29548.234770152932	-25969.427308905186	0.8325672595877077	-26568.636849549854
-28695.338342896222	-26325.710043224215	0.45310820515275974	-27621.640317152654
-27991.471124340882	-28182.24444805121	0.1819313400681644	-28026.17877077276
-28614.258308422704	-26438.484928269798	0.3940066198993505	-27756.989193241672
-35658.866746139734	-25498.88541967858	0.9700803081768393	-25802.868929895365
-27419.746081866582	-32870.666524375236	0.059364382903527045	-27743.336610192327
-28801.814084138492	-26216.262719746133	0.5425528836076751	-27399.01573567166
-28846.514236665527	-26185.36335210007	0.6412039658044092	-27140.173735878245
-28775.590002182416	-26238.856341124323	0.5160090922375417	-27466.612368491413
-28423.018986001338	-26796.417752192086	0.30993335441234043	-27918.881009315584
-29014.099441898616	-26110.370939629687	0.7285205464551524	-26898.673566668254
-27123.79479017233	-45211.470531176914	0.005122855746063568	-27216.45534377507
-29387.477644699873	-26004.513397166087	0.814996273849641	-26630.374388393284
-28618.08412693699	-26432.648234455373	0.39646279596027634	-27751.640102611786
-28034.85041800629	-27996.113914901554	0.19304042555654027	-28027.37270696238
-28554.196095453495	-26536.77374261153	0.3609830664013384	-27825.940788298
-32553.19576691615	-25636.24174619108	0.9418234416104126	-26038.646325655885
-27940.174982901433	-28420.24845688823	0.16957762674517546	-28021.584703283424
-29040.178580589447	-26101.173066394233	0.7371875659989466	-26873.580259122395
-28835.903749471097	-26192.09502760473	0.6221009057735323	-27191.187948906067
-28831.6632574477	-26194.956665377154	0.6095577349777691	-27224.438359384225
-27645.537054359622	-30305.58130031324	0.10726239913704691	-27930.859781991305
-28999.655650219844	-26115.66272597154	0.7235480050279773	-26912.94832336518
-27670.129559232668	-30103.249995813334	0.11235687607819918	-27943.507370608895
-28984.231446840768	-26121.484378384775	0.7180732948764522	-26928.569226996668
-28877.391560830813	-26168.295781231747	0.6691978081980237	-27064.4706029246
-28706.275733092767	-26312.36606143479	0.46147083834673924	-27601.556229986392
-28788.709044403062	-26227.15408167091	0.5282368386512055	-27435.601348858123
-31805.747720591575	-25689.39126566006	0.9274302313297693	-26133.25383869911
-27295.495675878472	-35339.99755030176	0.036832873884144315	-27591.797798879867
-28763.089095746363	-26250.68938953103	0.5054092817684439	-27493.298964712823
-28852.48355312999	-26181.824724149792	0.6484336753475981	-27120.73843305485
-28808.895591923952	-26210.752634658147	0.5519191006357449	-27374.930867626714
-28473.890723503308	-26688.270194178884	0.32774520540091073	-27888.66215635179
-30167.265909370366	-25863.414304890684	0.8722529695911156	-26413.218566683478
-28261.2301558131	-27208.364975685694	0.258998762902391	-27988.5393766571
-33262.06582978867	-25595.087107560965	0.951397609012359	-25967.7206051126
-28326.98961605084	-27027.736779529827	0.2792040558767356	-27964.232954484818
-27240.48537842743	-37010.19875208563	0.027853505908240164	-27512.606147602433
-28278.803515227137	-27158.210796040054	0.26437221381650183	-27982.549937268996
-30274.487101244144	-25848.266464039934	0.8772410717563744	-26391.62456563294
-27486.071677439562	-31946.93546136405	0.07315451300020573	-27812.403995112814
-28832.58978027965	-26194.327209541007	0.6126618705930423	-27216.226898575303
-29152.255506932306	-26065.72376110208	0.7704542503962517	-26774.224004374446
-29340.380520747287	-26015.697246905926	0.8084286838469674	-26652.61119746769
-28398.957036113316	-26850.96267847165	0.301982770459518	-27931.489411336985
-28998.582899151766	-26116.061767782223	0.7231730837379895	-26914.021203639335
-27381.746399276744	-33499.00313296352	0.05199712869088534	-27699.82618489344
-29149.96123539072	-26066.39695082187	0.7698461514092022	-26776.09113829252
-28810.588811764024	-26209.478731998504	0.5544331912102057	-27368.447049550596
-28578.831445181127	-26494.929025920836	0.37337195230590886	-27800.760730486905
-28744.678723865756	-26269.27064933525	0.49078376873898333	-27529.788619880765
-45559.76402135387	-25364.272482038814	0.998146135397727	-25401.712188929054
-27534.533229852103	-31376.314048445664	0.08362304844631215	-27855.794653365465
-28835.103011355983	-26192.629823336018	0.620044810665339	-27196.65122380191
-28787.863847058332	-26227.884870637714	0.5274003602235002	-27437.73001272951
-28386.353088566448	-26880.425852457673	0.2979028003456475	-27937.73314781286
-28155.734268871933	-27540.728788934197	0.227117726136054	-28016.055622707263
-29505.757777347273	-25978.282136646292	0.828484266697044	-26583.299707869435
-28087.85985308919	-27785.65955653084	0.20747115565245725	-28025.162008323714
-30134.997518591135	-25868.123407387808	0.8706861326192186	-26419.889400334443
-28753.742004759177	-26259.953742119083	0.4978816442716131	-27512.13060409068
-28527.786699863285	-26584.032898371595	0.34906182974809846	-27849.296441334773
-28681.35656038222	-26343.450018984808	0.4423733579048914	-27647.128993196435
-29976.92385693219	-25892.291327318195	0.8624788611473967	-26454.014644585102
-27202.017444825167	-38607.16721874528	0.021484272087332765	-27447.048785764848
-28815.40333032619	-26205.956450930997	0.5624349866544475	-27347.759109538063
-28889.813308064924	-26162.07768421022	0.6768839653889938	-27043.45280245733
-29092.0427765165	-26084.052879993753	0.75341340336276	-26825.782871296502
-27951.369419553957	-28366.553263221216	0.17220633646457456	-28022.866708231177
-29652.737885793715	-25948.725221274963	0.8414338717095979	-26536.056168626317
-28135.551485080774	-27610.851491769292	0.22116572237455231	-28019.505832030118
-29351.959588999056	-26012.904447756984	0.8101233779914857	-26646.912958676192
-28664.586813878504	-26365.707522121585	0.42954895641408214	-27677.105613182375
-27880.39103875108	-28725.004462741927	0.15608289413717596	-28012.22074639468
-28579.09400067018	-26494.494615619184	0.37351181625514085	-27800.47149819543
-33807.33965319156	-25568.201458009513	0.9570248804025052	-25922.279407327747
-27529.612027980078	-31430.92574227789	0.08255664295592882	-27851.691391350432
-28826.862284357445	-26198.171017157663	0.5917630305604501	-27271.299973671514
-29180.54524858452	-26057.56695241268	0.7776553316373443	-26751.94452597878
-28941.51760186207	-26138.654718782713	0.7016577592650641	-26974.86711179339
-28638.836210481884	-26401.856333390846	0.41056316520413516	-27720.41467164543
-29394.92222766779	-26002.78699862614	0.8159607437896123	-26627.073043144017
-27645.21071098036	-30308.33999040295	0.107194481260629	-27930.683472618057
-34915.24108537819	-25523.3103819365	0.9656419488099711	-25845.998817818552
-28543.48341180925	-26555.643155072583	0.3559983979655456	-27835.815464999578
-28243.86103733812	-27259.339083460334	0.25370057134132323	-27994.08725514125
-28572.29202874141	-26505.827166127096	0.36994475626412815	-27807.814188813172
-30887.683910428066	-25773.823743836856	0.901215759299114	-26278.992537444075
-27723.797341083067	-29696.53131425542	0.12336137705311921	-27967.15652057308
-28866.885341758123	-26173.801702096956	0.6616288727673798	-27085.063448980833
-28810.281004024757	-26209.70899622748	0.5539663309416354	-27369.651670515777
-27564.06846266147	-31062.68643310306	0.09000674881950241	-27878.967691542406
-27847.18719214063	-28908.43830202173	0.14891303816016735	-28005.221319163873
-29068.766614323253	-26091.560878923083	0.746292495872861	-26846.900315324463
-27644.338722833727	-30315.720968649744	0.10701296145154093	-27930.21124812757
-29177.80282973493	-26058.34640764466	0.7769817656640506	-26754.042070987172
-28846.78999489535	-26185.196462279866	0.641574211421243	-27139.18022308369
-28735.394381482267	-26279.15310983479	0.48363824234183744	-27547.4621700952
-28805.164189648072	-26213.620514389233	0.5467842932783122	-27388.14881267179
-36140.68651068319	-25485.02177465085	0.972568304363076	-25777.324726498795
-27175.455447289958	-40084.408658095366	0.01676762012215507	-27391.90787090342
-28693.30749797878	-26328.239582232396	0.45155116443315835	-27625.35832666
-28828.381814596396	-26197.166385046858	0.5973979128846526	-27256.499208633606
-28689.20765753705	-26333.395280367295	0.4484046830667662	-27632.85035518748
-28347.339024756537	-26975.619259429834	0.28553969845439114	-27955.65857660122
-31415.503627558086	-25722.204510116946	0.9175372122545346	-26191.68982680994
-28437.948565480292	-26763.68001908698	0.3149980008121634	-27910.55732054371
-32401.55732705132	-25646.125780212165	0.9393233970516193	-26056.02241792469
-28632.335156211044	-26411.345064860972	0.4060099140784086	-27730.591160053005
-27966.640070422687	-28294.91431871018	0.17585107917591847	-28024.367451249705
-28556.387461932667	-26532.964278478616	0.36203046213704876	-27823.846631727978
-32316.415141156514	-25651.862969077214	0.9378345702396987	-26066.167719014473
-27816.830557861984	-29085.905210241788	0.1425071459403222	-27997.682764557838
-29009.846788666368	-26111.913614707722	0.7270704905296891	-26902.845094353997
-29173.09806322634	-26059.68910379061	0.7758138398311999	-26757.672303441646
-40572.01259801807	-25405.601487530097	0.9879429207639923	-25588.46410801512
-27733.90059517322	-29624.803103338447	0.1254255775937348	-27971.068134433288
-28839.13577301924	-26189.97509884676	0.6292552824607383	-27172.137424708955
-27172.408647094642	-40283.998511693724	0.01619450073609382	-27384.74429880825
-28830.990523798417	-26195.413272596255	0.6071827614410955	-27230.713450422158
-28676.61638304972	-26349.634793986566	0.43873427220502126	-27655.689809137613
-28182.66453795581	-27450.556233204854	0.23516234131973765	-28010.500234910953
-28611.53741759249	-26442.66635160944	0.39228775175034064	-27760.715863281635
-33885.16360478578	-25564.651742279657	0.9577375002091559	-25916.29737312854
-27648.75245363126	-30278.506364844965	0.10793111208518487	-27932.58471777892
-28837.42927045702	-26191.086460528124	0.6256843255909676	-27181.654054144154
-28788.96983542783	-26226.92925668541	0.5284966019651941	-27434.94009546552
-28166.938136524645	-27502.750220038648	0.23045222613625577	-28013.874552597645
-28168.64964105282	-27497.007201597127	0.2309632564196338	-28013.524916086506
-29523.76270150375	-25974.495371637833	0.8302547712756285	-26576.966566349864
-28005.64682401492	-28119.96350124926	0.18549202766671963	-28026.85165627124
-31462.028968498118	-25718.078730496734	0.9188115433470281	-26184.42118541154
-28820.61799006397	-26202.31870028729	0.5732683910666331	-27319.629768882784
-28596.17753086809	-26466.748243595677	0.3830144304757887	-27780.575385164982
-28702.62509879477	-26316.767425199087	0.45868414296605464	-27608.27001654255
-29877.463908246784	-25908.527350058645	0.8567565183135135	-26477.051641246293
-27394.703851019214	-33274.99567651987	0.05445879652384241	-27714.93746704497
-28822.031321819595	-26201.36450538696	0.5768009434864854	-27310.428229537527
-28942.086048415906	-26138.41490841234	0.7018924912352655	-26974.210327354383
-28970.452693243707	-26126.845690123966	0.7130090736965742	-26942.93509799221
-28237.275462882448	-27279.03783242594	0.2516950203123133	-27996.091823020673
-29489.772094151474	-25981.686933394674	0.8268590247117451	-26589.080219522362
-28105.142657621094	-27720.7896959541	0.21236501088286283	-28023.519536733824
-29626.36181318741	-25953.814630460187	0.8393311241458501	-26543.878657830293
-28677.20496177211	-26348.862218130387	0.4391858121304708	-27654.62986298773
-27499.242913179278	-31784.273881169574	0.0759857158131727	-27824.844058563634
-28576.552351888306	-26498.710088762757	0.37216530986088986	-27803.251542190133
-38630.901305457184	-25431.833666626117	0.9823947220163592	-25664.206921532616
-27287.912402058915	-35540.372456482386	0.03557919546139223	-27581.52829137258
-28746.124981405308	-26267.762005952023	0.49190654791760324	-27527.002005663282
-28933.331797574305	-26142.14574891624	0.6982129523202667	-26984.489546065615
-28814.332619608118	-26206.726554603607	0.5605258405951598	-27352.702038080428
-28484.605733712655	-26666.70798055198	0.3317361897464015	-27881.543259730588
-29074.110092298426	-26089.813498490646	0.7479507608204593	-26842.00318444599
-27450.82492674867	-32414.12246097994	0.06570358257813867	-27776.931356148907
-29404.87253599897	-26000.496415771613	0.81722162846459	-26622.742739120808
-28654.916303276772	-26379.01006512218	0.4222741915404374	-27693.859836538202
-28267.544156063126	-27190.18236587652	0.2609278346673511	-27986.430476996393
-28608.706222561614	-26447.044192169436	0.3905238123240892	-27764.52572549663
-32940.853995169	-25612.772566434804	0.9474403548928066	-25997.933925645688
-27995.164690500114	-28165.87674786915	0.18285269977562324	-28026.379851074293
-29052.248318100505	-26097.058616589653	0.741079728108424	-26862.217137596028
-28841.24542857944	-26188.62564271091	0.6331623818038734	-27161.70636693884
-28842.095581525635	-26188.089193892163	0.6346067490423606	-27157.8452159319
-27846.931053924076	-28909.895618916617	0.14885845032054898	-28005.16231181452
-29122.730176766287	-26074.532107489915	0.7623681822287347	-26798.88095561892
-27835.80006821203	-28973.87464213722	0.14649560684341933	-28002.522993552266
-29137.015906111945	-26070.23020219151	0.766349932412531	-26786.784889188802
-28813.410363781022	-26207.396048180548	0.5589464735455942	-27356.787852066802
-28610.487320014152	-26444.28689964834	0.3916305789013753	-27762.13699536989
-28740.266626806846	-26273.924360646466	0.48737631547381627	-27538.229820428256
-32085.682185488586	-25668.129916797836	0.9334631184155413	-26095.133832161788
-27101.98824060159	-47786.815922838825	0.0008348798491013862	-27119.257586415624
-28696.245802215173	-26324.58497606348	0.45380355834325464	-27619.977680124233
-28828.54295335944	-26197.059188876578	0.5980093582598996	-27254.8910360897
-28686.401165932035	-26336.962210725178	0.44624906678442716	-27637.966224703996
-28364.550215143197	-26932.870307792196	0.29095173881131325	-27948.000456678205
-30736.39809800568	-25790.518290863056	0.8958727132144546	-26305.519335948233
-28380.21865444508	-26894.9909139782	0.2959345316850977	-27940.6884786243
-39663.37201646726	-25416.601683169974	0.9855071634916935	-25623.077796381844
-28099.27294874757	-27742.62308506637	0.2106934183645901	-28024.129169809312
-27400.814878777644	-33172.997131442724	0.05563806414869419	-27721.96792522938
-28254.580403928077	-27227.71375685117	0.2569689006311412	-27990.70761053394
-29948.46070113529	-25896.851201001657	0.8608916962609846	-26460.463725978127
-27495.22498559852	-31833.25760858445	0.07512020723293569	-27821.09889522046
-28827.125963586666	-26197.99734361158	0.5927174655651114	-27268.795511310334
-29279.144715187045	-26030.97097446286	0.7984299772654306	-26685.705429226466
-29090.971041071512	-26084.39284777213	0.7530914753622158	-26826.742633687816
-28337.87834666683	-26999.634754634048	0.2825868510290437	-27959.70830408449
-28978.977452130897	-26123.510158121237	0.7161634599866895	-26933.99611497411
-27497.11207022741	-31810.183234909782	0.07552652951295277	-27822.863366838257
-29040.40623535484	-26101.094663672477	0.7372616436565389	-26873.364554797616
-28810.051601811996	-26209.880990265887	0.5536213274238295	-27370.541696319407
-28594.21569380691	-26469.882821391955	0.3818812754037332	-27782.97274710701
-28738.91628044901	-26275.36408541168	0.4863380458999106	-27540.79711994212
-37266.23847704768	-25457.596035973	0.97752312192487	-25723.01745235384
-27509.21004990295	-31665.08695781311	0.07813804236564532	-27833.942135799643
-28822.820787393455	-26200.83676490857	0.5789216464478655	-27304.897480136508
-28731.832140708884	-26283.035555941336	0.4809170991281213	-27554.163990807625
-27410.559233108263	-33014.8911197531	0.05754247074831355	-27733.046336759366
-28032.22248958186	-28007.019921820043	0.1923493114192316	-28027.37479302688
-29258.73495081977	-26036.262126203794	0.7946501423154418	-26697.99646213104
-27768.8083356252	-29387.603913774146	0.13256980549005912	-27983.411750548574
-30238.244809744167	-25853.30324258727	0.8755903000715474	-26398.83250716106
-28810.51723188833	-26209.532226588744	0.5543242154051845	-27368.728259544987
-28604.320853541158	-26453.879548776946	0.38784078759913443	-27770.292004215695
-28721.88957368085	-26294.138157183486	0.473350834627397	-27572.711414413978
-30557.389113433725	-25811.59012274244	0.8891122380128441	-26337.8411516611
-27280.95558198569	-35731.434221067015	0.034436051884420664	-27571.956702849282
-28830.563420000737	-26195.702551417453	0.6056292721007703	-27234.81455007384
-28951.806216450062	-26134.364665083798	0.7058257598867355	-26963.183392520506
-30659.090614004097	-25799.43380073756	0.8930149268365964	-26319.344540453912
-27888.027075658352	-28684.30851626052	0.1577609485298636	-28013.649191024477
-30507.351580854425	-25817.75932888973	0.8871278312479085	-26347.083776931988
-28182.596187074785	-27450.78030055584	0.23514180474756247	-28010.515678775784
-29348.914557954864	-26013.636089118914	0.8096830923284579	-26648.39597353125
-28676.027416434365	-26350.409184905784	0.4382825566341186	-27656.7495121651
-28078.341279104865	-27822.151411728664	0.2048134033460896	-28025.87016046476
-28602.406419324907	-26456.88428170643	0.3866880966643775	-27772.75854757793
-33453.87089695945	-25585.207213421974	0.9535159014958187	-25950.974951183805
-27569.062097273112	-31011.928061942624	0.09108124262135657	-27882.642607513986
-28829.14944881097	-26196.654366855437	0.6003175417519123	-27248.816472537426
-28935.850607443226	-26141.063923131565	0.6992863158125044	-26981.49452348908
-28836.332136219593	-26191.810406034256	0.6231491517320039	-27188.40066331775
-28559.5317790455	-26527.528069512573	0.36355075136916437	-27820.795303659877
-29188.80249341752	-26055.23408107987	0.7796511490802028	-26745.712280017044
-27307.742087841187	-35032.385416229474	0.03887753001510156	-27608.057140696557
-31655.44342600501	-25701.562715008706	0.9238316906570104	-26155.059742795132
-28564.496923083803	-26519.01539993675	0.3659947473633454	-27815.861429783206
-28086.800369868357	-27789.694187006316	0.20717397008202704	-28025.24770242891
-28537.16379299671	-26566.9669289053	0.35315640661914194	-27841.376148141888
-32219.01459893774	-25658.598645440255	0.9360512423520079	-26078.129095320488
-27930.67102245527	-28466.638566227142	0.1673731702184094	-28020.377609390544
-28985.259154737934	-26121.090728855615	0.7184440211534523	-26927.51447358629
-28832.5027593055	-26194.386310554637	0.6123790604444599	-27216.97548707637
-28755.45360239672	-26258.23102896438	0.4992415243292326	-27508.73639824699
-28040.125307253118	-27974.36207819433	0.19443473964425206	-28027.338650932907
-29265.697890417312	-26034.445185306176	0.7959675638496242	-26693.725546547492
-27921.248007141498	-28513.378209296698	0.16521114191591485	-28019.07451400246
-29599.15688114143	-25959.157299075494	0.8370727319795122	-26552.212486577213
-28966.184027901058	-26128.539294130984	0.7114012821642104	-26947.479925970507
-28807.289100444104	-26211.97734710902	0.5496460490221126	-27380.786249242825
-28826.12023996912	-26198.658960210203	0.5891466194553551	-27278.160309249313
-44382.92949788306	-25374.007785458485	0.99609318610048	-25448.272105019474
-27172.52359371949	-40276.32775869356	0.016216281583727572	-27385.01857187673
-28677.44002298267	-26348.554038867576	0.4393661756825241	-27654.20629454139
-28826.068381695863	-26198.693034699776	0.5889678901637263	-27278.62866690739
-28667.394848275446	-26361.907983186262	0.4316830955299151	-27672.155141650186
-28290.7429691949	-27124.93265540704	0.2680316247573692	-27978.26893663144
-29525.55234755014	-25974.121700582215	0.8304274527461256	-26576.34684178404
-28103.0147928681	-27728.68131679837	0.2117579348132754	-28023.7467090441
-30064.583573353375	-25878.656180282636	0.8671469727887242	-26434.76930613869
-28375.499795938427	-26906.296122315947	0.29442746830504407	-27942.92587788929
-27144.801940575846	-42561.204420013	0.010457648081328444	-27306.02125238592
-28284.40291799722	-27142.52447923082	0.26608744247568045	-27980.563404607747
-30443.90188307557	-25825.7702002395	0.8845455233468514	-26358.954176796666
-27473.758814660305	-32104.626928205675	0.07052711881480743	-27800.360600320022
-28835.416778697385	-26192.41984618719	0.6208660494012067	-27194.46971463027
-29142.44603539708	-26068.614979927825	0.7678297796523434	-26782.26701338759
-29661.072451346587	-25947.13495259983	0.8420817992916038	-26533.63327994536
-28123.44139045428	-27654.005137473327	0.2176343526265256	-28021.27593543735
-28872.5155039714	-26170.820036816705	0.6658359513886785	-27073.629532235973
-27278.61498727876	-35797.3618776284	0.03405274279650667	-27568.70168408438
-28870.159050207923	-26172.058818978163	0.6641220946775901	-27078.291072993525
-28738.760035552765	-26275.531138683218	0.48621803187242746	-27541.09372926556
-28358.548873927044	-26947.63967388098	0.28905809079308237	-27950.714154279332
-28665.405845053217	-26364.596327700816	0.43017060872938795	-27675.665214403365
-37264.97958586217	-25457.62328398549	0.9775181258911187	-25723.074781922987
-27809.511762146627	-29130.171394974266	0.1409796095054908	-27995.69784147233
-28880.93552710757	-26166.49207426245	0.6715061445311437	-27058.170069539738
-28821.539633865683	-26201.695034797493	0.5755354693993265	-27313.72614278768
-28579.486348387065	-26493.84591002915	0.3737211535897007	-27800.038397790617
-28300.69587367164	-27097.67537055688	0.27108874560164037	-27974.570554549206
-30003.948910378476	-25888.023204429664	0.8639519725589769	-26447.9867778178
-28179.1760493372	-27462.02298863992	0.23411487710339268	-28011.279848667735
-35339.27973245676	-25508.900096442798	0.9682729842579678	-25820.788705904764
-28597.367341992383	-26464.853699092695	0.38370718672034876	-27779.106531432582
-28384.591614242465	-26884.592978455068	0.29733652291903856	-27938.58723549414
-28617.05979436401	-26434.206069466614	0.3958006748475668	-27753.084816956096
-29402.7036567348	-26000.994066272913	0.8169494752213186	-26623.678791951636
-27140.897921605978	-42979.73814271419	0.009534880395725557	-27291.919368721254
-28754.838831566583	-26258.84844270499	0.4987522459385769	-27509.958019280763
-28840.858293536523	-26188.87130125353	0.6324816281263255	-27163.52524288754
-28814.225003321957	-26206.804384412346	0.5603385708029671	-27353.186660239957
-28064.09123040954	-27877.824270559537	0.20088747520981456	-28026.672531130265
-29674.64754251177	-25944.56275815155	0.8431210610914793	-26529.7345011608
-28161.72566936238	-27520.33623322385	0.22889848026795268	-28014.91260217035
-29623.848356862785	-25954.30420405328	0.8391264168600044	-26544.636920406163
-28691.578211729517	-26330.40623085057	0.45022445821786494	-27628.52083587909
-27815.541579905777	-29093.65845626661	0.1422376973154148	-27997.33798129931
-28603.839483297223	-26454.633877586166	0.3875498954365808	-27770.91507553219
-37238.89497054222	-25458.189461384285	0.977414367087603	-25724.26415146318
-27415.08152896965	-32943.326795181965	0.058436161428667865	-27738.1309617633
-28798.9772655658	-26218.547364691334	0.5391906697569625	-27407.633539052404
-29837.53749534797	-25915.29331080672	0.8543069926057097	-26486.7368617873
-28852.80735940288	-26181.636893503397	0.6487861175234517	-27119.789043588644
-28605.93603113241	-26451.35432293199	0.38882205054469365	-27768.187153283834
-29258.440653474358	-26036.339194947825	0.794593806869667	-26698.178789423455
-27714.5628611761	-29763.368650449742	0.12147410604826071	-27963.439712894615
-30513.97278535806	-25816.93561107608	0.887392979480398	-26345.854972541783
-28761.613121212627	-26252.12886687976	0.5042024905966195	-27496.324910064995
-28507.90919959414	-26621.254185650385	0.3408069870401536	-27864.92398870777
-28686.122266202725	-26337.318344631058	0.4460348019462245	-27638.47397423399
-32937.01812053083	-25612.992948749674	0.9473896136343603	-25998.312742788752
-27957.902924943442	-28335.678479439033	0.17375723263184448	-28023.544159848556
-29078.34430865609	-26088.439165628522	0.7492549530829979	-26838.143070994356
-28839.792720397734	-26189.552022838798	0.630526144493114	-27168.746671387158
-29287.610648298552	-26028.806649334678	0.7999271095630694	-26680.804984774808
-27600.86337387542	-30702.770129696695	0.09787581382435584	-27904.465022008695
-28980.79082937765	-26122.808439411136	0.7168254348978136	-26932.11635975961
-27645.141234334067	-30308.92755667946	0.10718002078846041	-27930.645907739065
-28960.35978656006	-26130.87614437481	0.7091741046775962	-26953.763257913433
-28837.02035163443	-26191.35543257509	0.6247633827156382	-27184.10578727082
-28677.40897175891	-26348.594736919775	0.4393423489501742	-27654.26225555608
-28771.509750168858	-26242.647326380076	0.512463607049721	-27475.559790741558
-31500.494870925322	-25714.713631137194	0.9198454563377484	-26178.470286142026
-27247.001099757705	-36781.88590833756	0.02891188916152456	-27522.67263251127
-28739.70000274585	-26274.527608771732	0.4869404091615134	-27539.307948570426
-28839.607619724833	-26189.670963285887	0.6301733737226423	-27169.688096785405
-28777.358318831182	-26237.235244077714	0.5175772609218455	-27462.648375395907
-28432.478644139508	-26775.577201919834	0.31312910599755067	-27913.65457681121
-31231.52973671374	-25739.14603724485	0.9122409273869552	-26221.152537145244
-28442.966196535483	-26752.865030630852	0.3167269692144524	-27907.665576592695
-33492.946043810036	-25583.25278228471	0.9539276848665386	-25947.670662838722
-28426.73466246369	-26788.191491933867	0.31118336904815475	-27916.847278327372
-27751.994317169658	-29499.855953470204	0.12912451288068946	-27977.68609953981
-28418.152539705712	-26807.270846960895	0.3083059130562489	-27921.508188598425
-30767.293879025397	-25787.029972849345	0.8969900469152132	-26300.046724174397
-27660.420458554563	-30181.843258021006	0.11035088413275126	-27938.661693748163
-28858.00009958746	-26178.67556814006	0.6540220106824444	-27105.662882259436
-29010.351746938068	-26111.729778711477	0.7272432574870878	-26902.348464541326
-29124.277460485722	-26074.062386255246	0.7628054770627052	-26797.55669564349
-28308.426697583564	-27076.802996803093	0.27346827337171636	-27971.616690687446
-28926.289537524855	-26145.207724002972	0.6951422840587423	-26993.041973519023
-27149.420513443572	-42104.392959619625	0.01150595061259212	-27321.49168782195
-29031.24671998696	-26104.27420752825	0.7342604025550805	-26882.086704721372
-28776.599470722944	-26237.929283459984	0.516901783628991	-27464.356322880976
-28383.40057198777	-26887.417545916847	0.29695413607218873	-27939.162224902222
-28698.713688333108	-26321.54166470279	0.4556932850523142	-27615.45235975055
-43194.1979276194	-25382.508408101618	0.9938324256350197	-25492.363327779185
-27529.720218789444	-31429.717539558926	0.08258008958433993	-27851.782346917273
-28827.34169860413	-26197.855083289374	0.5935069328312391	-27266.723162627874
-28752.32711367535	-26261.386666397644	0.49676277583016387	-27514.920622658046
-27932.62768465416	-28457.0266922467	0.16782502740353675	-28020.634962473763
-28079.729923202012	-27816.79332042247	0.20519940728659555	-28025.7754881577
-29320.72265806131	-26020.506073172823	0.8054183862214938	-26662.667542079016
-27905.550529984514	-28592.929250692854	0.16165889863449567	-28016.671416919013
-30156.339441746994	-25865.00080651659	0.8717260689271389	-26415.46768282244
-28850.769863643734	-26182.82549083171	0.6465081716401784	-27125.92202513933
-28657.980405197264	-26374.75902916595	0.42456449553670195	-27688.605673483915
-28753.105027544963	-26260.5978479802	0.4973773665617976	-27513.388370436667
-30686.31903059434	-25796.262611877115	0.894031784273508	-26314.453165370458
-27440.08927363256	-32566.67743788287	0.06348512845694522	-27765.551381785845
-28839.35268042951	-26189.835119775053	0.6296807518428229	-27171.00247081585
-29027.294335914205	-26105.66242454153	0.7329518464715647	-26885.878831763355
-30247.25064234615	-25852.043880013713	0.8760037106185979	-26397.03320960698
-28126.953472639347	-27641.405443324187	0.21865510008297215	-28020.78591969435
-29342.187084392455	-26015.25960321534	0.8086967861606367	-26651.71152257502
-28042.406225351628	-27965.01348648344	0.19504057729293564	-28027.311500884494
-29320.79510572538	-26020.48819137784	0.8054298037331812	-26662.62955544318
-28639.605496051096	-26400.743048259978	0.4111095566649094	-27719.187747705975
-27428.50153282803	-32737.332023737727	0.06112380494845362	-27752.997452258798
-28524.663740148637	-26589.786618670118	0.3477284496252794	-27851.851918481487
-34243.89766921726	-25549.118916995452	0.9607853219215148	-25890.081866727483
-27447.526250621373	-32460.449914661327	0.06501896260911405	-27773.46134689593
-28820.26442959426	-26202.559428031225	0.5724325234693853	-27321.8049498511
-29090.021430583118	-26084.69452125172	0.7528057391006973	-26827.594085364683
-28966.314403113727	-26128.487330931443	0.7114506862163895	-26947.340385246192
-28635.124722981192	-26407.255865412862	0.4079493302395888	-27726.267114674556
-29411.093628578055	-25999.073969877525	0.8179941724076644	-26620.081431620634
-27532.909208445988	-31394.258542832467	0.08327115759385412	-27854.44823739461
-44941.138189550526	-25369.757114501623	0.9970876147197109	-25426.756516659523
-28127.078024476657	-27640.95988481784	0.2186913519444059	-28020.76819130997
-28114.8328194842	-27685.184313178877	0.215144840890589	-28022.39615995626
-28500.713967340835	-26635.0786970801	0.3379432436346848	-27870.235132669648
-32642.602954042482	-25630.60641197548	0.9432124756190597	-26028.80033656718
-27896.062893868635	-28642.060628856863	0.15954003825265833	-28015.07940104505
-28929.21415132393	-26143.92931015395	0.6964305360122919	-26989.45673644101
-28829.080303871346	-26196.700629368846	0.6000543133716804	-27249.50952575418
-28691.80088200852	-26330.12658894177	0.4503953315184286	-27628.113805844172
-27951.692149288636	-28365.020209543836	0.1722826517152894	-28022.90140353774
-29223.21447859178	-26045.728922033224	0.7874485746364279	-26721.10800615191
-27949.38553596876	-28375.9955313446	0.17173787317760353	-28022.650629250915
-29253.43477439969	-26037.653528603485	0.7936273066523389	-26701.302965515344
-28828.87650787776	-26196.836817419404	0.5992782606592012	-27251.552340193895
-28673.53111993351	-26353.705840522613	0.43636960180041023	-27661.22988651045
-28775.27886768595	-26239.14294745382	0.5157352610181749	-27467.30414688746
-33113.593596519604	-25603.07693609394	0.949637273474978	-25981.32703272458
-27136.050595280176	-43545.92859702869	0.00833910222759184	-27272.894245479067
-28646.636017611203	-26390.662754757956	0.4161717107751073	-27707.763765346666
-28816.743743255593	-26205.00339240116	0.564954040151459	-27341.23048021379
-28591.032823844824	-26474.996810588156	0.38006664662094586	-27786.79811215721
-28255.961802352016	-27223.677386615487	0.25739042927567546	-27990.261673451
-30346.638745272805	-25838.480500279416	0.8804303951760861	-26377.519200116945
-28311.1423865392	-27069.532499717436	0.2743053178252689	-27970.56219191956
-31133.378580919725	-25748.620909991616	0.9092456391679988	-26237.311150651913
-28549.957946456176	-26544.189884824966	0.35898472970863776	-27829.91784099328
-27684.4578948263	-29990.195968154407	0.11530650754490167	-27950.324499375074
-28462.3084873391	-26712.050032742074	0.323538619559072	-27896.032283067183
-31388.298253754627	-25724.64582302635	0.9167799444706853	-26195.975292810293
-27676.829217026818	-30049.961327929817	0.11373753257078793	-27946.74340778543
-28904.420708193415	-26155.099162345174	0.6847844407716968	-27021.72809091815
-29414.14832407268	-25998.37820368505	0.8183691990524311	-26618.78726650383
-31576.46593798007	-25708.186357381404	0.9218354677842904	-26166.8776857099
-28052.60099265008	-27923.6457011273	0.1977698630063498	-28027.097522311677
-28885.090323589026	-26164.40837282008	0.6740886855543985	-27051.10940358361
-27411.63589517464	-32997.751432039586	0.05775467813349109	-27734.26020002277
-28873.175322818694	-26170.475436561785	0.6663048111990342	-27072.353385378632
-28753.69511769607	-26260.001098616834	0.4978444925754617	-27512.223284129104
-28454.74339935461	-26727.848555577148	0.32084493692331445	-27900.677932129634
-28679.519201292926	-26345.83720956313	0.44096220491217664	-27650.453644655914
-33253.866644092865	-25595.52036027616	0.9513032672835722	-25968.456802309032
-27572.727205989868	-30975.06994457187	0.0918686982693778	-27885.296004449665
-28829.14633175453	-26196.656452980526	0.6003056767806949	-27248.847713458774
-28756.331059941724	-26257.352422814376	0.49994156213567187	-27506.987776352606
-27189.073133500377	-39275.35847669349	0.019238351743047104	-27421.59334219956
-28081.594340822227	-27809.617994248554	0.20571860026282104	-28025.643747500493
-29371.348329580072	-26008.29175169307	0.812841205239991	-26637.71736752012
-27775.40161201308	-29344.56023457981	0.13392424961977695	-27985.55000307473
-31808.047910498346	-25689.20926625658	0.9274832944499187	-26132.92728652952
-28713.408062929055	-26303.919500769032	0.4669033255715201	-27588.40984033
-28497.637878852936	-26641.046054457533	0.33673695011191834	-27872.454810303305
-28663.232503931933	-26367.550276239283	0.42852264138705526	-27679.480691935758
-29701.300849227853	-25939.575822697672	0.8451066704588712	-26522.24193687512
-27211.929225802374	-38147.286261781825	0.023157822397969426	-27465.168281899972
-28801.53658645039	-26216.484325825597	0.542215775923379	-27399.880469153235
-28871.358725109007	-26171.426554228023	0.6650025163041079	-27075.89703762274
-28884.39259849666	-26164.75605023856	0.6736635671635872	-27052.272540008642
-28171.558099767397	-27487.283097606185	0.23183261001651898	-28012.920840047303
-30499.285489508024	-25818.765883599164	0.8868037417316249	-26348.583189739817
-28292.708041267422	-27119.51642459871	0.2686347000003802	-27977.54806328066
-30199.548751367234	-25858.774193427304	0.8737887509798844	-26406.62877209964
-28749.556178111176	-26264.216059026985	0.49458412371113525	-27520.346413189793
-28183.190031259204	-27448.83436946292	0.23532024741519403	-28010.381275234555
-28668.743986864345	-26360.09272054866	0.43271107895713906	-27669.76500648112
-42784.779711400275	-25385.541091628984	0.9930026873071426	-25507.289004869166
-27347.827658067992	-34141.78528913327	0.04579803859496802	-27658.977591868097
-28791.67159810613	-26224.61874849775	0.5312369595417904	-27427.958247297087
-28842.59838980777	-26187.773833830262	0.635430460655123	-27155.64199924445
-28752.629891467666	-26261.079357112067	0.4970018233653958	-27514.324732885907
-28383.03474962544	-26888.2862181962	0.29683676910543766	-27939.338424930887
-28978.54221382546	-26123.678983218604	0.7160041238876386	-26934.448367575766
-27174.500430963733	-40146.14923760549	0.016588898676854417	-27389.685798688854
-29179.92484336415	-26057.74308002428	0.7775034207110265	-26752.417842285817
-28581.40162878308	-26490.686966078378	0.37474881966346857	-27797.908776681386
-28044.601720412124	-27956.047375112696	0.19562538726700784	-28027.278242318745
-28535.449270015335	-26570.063746773976	0.35239714480155376	-27842.85302319077
-32188.95538206006	-25660.715557656084	0.9354829156618167	-26081.898556987042
-27921.644682689042	-28511.395481888758	0.16530169466198938	-28019.13148922502
-28995.061315433028	-26117.377763780063	0.721936446787142	-26917.55667717488
-28832.448624797948	-26194.42308091093	0.612202197758039	-27217.443589088467
-28755.301042557756	-26258.38410343536	0.4991200166094387	-27509.039818430596
-27767.01067682876	-29399.433569612094	0.13220090055128203	-27982.818453335243
-29057.667920175183	-26095.2383661331	0.7428044163023777	-26857.16216444804
-27740.073075936358	-29581.68097160634	0.1266868695145767	-27973.380615112113
-29065.866966533507	-26092.51530609944	0.7453868863364675	-26849.569630379192
-29079.848901421257	-26087.952960166956	0.7497162765896256	-26836.77581640047
-28749.70072442197	-26264.067706844482	0.4946973901381738	-27520.064557785114
-28809.406733480944	-26210.366219697516	0.552664469560729	-27373.009386563983
-32685.432495560683	-25627.955646110335	0.9438568671700531	-26024.1845063133
-27355.806429393233	-33982.53756602951	0.04722544320386234	-27668.756744313716
-28794.298028443613	-26222.405852791326	0.5339959191509178	-27420.918102149117
-28885.653248170165	-26164.128511035447	0.6744292816910952	-27050.17727459985
-28830.920611881094	-26195.460664747865	0.6069307103780553	-27231.37903399461
-28533.0399806307	-26574.433273629133	0.3513383847573497	-27844.90626381786
-30555.120764048952	-25811.86703724319	0.8890232292525491	-26338.258018679906
-28345.054816959226	-26981.38374106482	0.28482546843661133	-27956.646563974144
-36791.23491852698	-25468.395535779244	0.9755580976137045	-25745.147270708065
-28216.643998839983	-27342.10116974562	0.24542539932176258	-28002.008975785517
-27363.99635945344	-33824.443473634456	0.048709924324459204	-27678.684249487367
-28266.828475692993	-27192.234121088597	0.26070909261276665	-27986.67195657728
-30061.189469487374	-25879.173077366548	0.8669719154820832	-26435.49870743291
-27497.002240180544	-31811.522853463	0.07550287232424231	-27822.760939185522
-28829.22189000605	-26196.605868623054	0.6005932146170792	-27248.090570871213
-29174.785331126674	-26059.20676922943	0.7762344882884514	-26756.365800409898
-29135.115028776552	-26070.798178096484	0.7658274393166452	-26788.37710176539
-28351.9576115328	-26964.02917000102	0.2869865471847278	-27953.640820358112
-28974.84369044867	-26125.119953124464	0.7146428521512832	-26938.308990964084
-27433.700263850234	-32659.973669505947	0.06217871989717471	-27758.663254046554
-29061.270381492068	-26094.037436568822	0.7439430483659637	-26853.818059233952
-28806.161613561897	-26212.84597652064	0.5481084970221101	-27384.743277439276
-28572.48328438531	-26505.50629054248	0.3700434826331342	-27807.611919061143
-28734.940715955003	-26279.64475933275	0.48329121900452277	-27548.317740062157
-41105.54726896431	-25400.011032741855	0.9892645309120021	-25568.617331516252
-27667.473557674497	-30124.587238000415	0.11180875291606007	-27942.20037404473
-28841.483476497906	-26188.475018516772	0.6335736433557593	-27160.607241921156
-28798.249863496614	-26219.139932721926	0.5383565159871743	-27409.769226816832
-28341.80755751355	-26989.615658361632	0.2838115508916215	-27958.039877512158
-28195.30334288113	-27409.535469652285	0.23896814692044205	-28007.529850306015
-29591.60387718423	-25960.657968280768	0.8364283656447213	-26554.57772485572
-28072.057147486892	-27846.54706627192	0.20307413504349692	-28026.261882800572
-31251.959032545696	-25737.213351787697	0.9128494428317192	-26217.826510507126
-28775.237769451232	-26239.180836387834	0.5156991354467804	-27467.395401626625
-28535.54533726383	-26569.889948966524	0.35243955828031265	-27842.77062048101
-28696.04100198204	-26324.838604685578	0.45364664950453026	-27620.35297915139
-30542.122298948085	-25813.458859031205	0.888511462183354	-26340.65063177457
-27125.202184083155	-45006.94587684845	0.005496185131741768	-27223.483557896947
-28824.812733422255	-26199.518463695444	0.5848163880036691	-27289.497621153892
-28906.117141894178	-26154.30936185617	0.6856423403338149	-27019.361215440116
-33323.781318838264	-25591.855165394547	0.9520974561814086	-25962.234096761997
-27626.393795523793	-30470.84802890799	0.10326272918849198	-27920.119902714803
-29282.568274612408	-26030.093622142816	0.7990402371190256	-26683.710157079484
-28005.238277585988	-28121.7382533291	0.18538847301545153	-28026.83603019534
-29134.91645718102	-26070.857587758524	0.7657727250933211	-26788.543746896994
-28588.989340244843	-26478.2987314343	0.3789168759497772	-27789.21304865782
-27565.767575178063	-31045.345058196242	0.09037255126331013	-27880.225869636783
-28478.674844836114	-26678.59115680057	0.3295146046141388	-27885.520980100722
-31984.390558723822	-25675.621391450317	0.9313770229597466	-26108.547913168386
-27419.30457994755	-32877.49451323111	0.0592762504037559	-27742.845613184127
-28802.040421771548	-26216.082275471006	0.5428292512732212	-27398.306697391337
-29193.092736104576	-26054.030163360283	0.780668971499281	-26742.5239859684
-28858.220019770386	-26178.552141280303	0.6542285897248957	-27105.104682694717
-28606.72027063518	-26450.13145197096	0.38930140221125614	-27767.157219536082
-29265.283783573916	-26034.55289852858	0.795890036342885	-26693.9772620611
-27650.56564871582	-30263.322800733276	0.10830783577798035	-27933.54772126427
-30988.330737409287	-25763.22945127359	0.9045988458734916	-26261.71014439884
-28596.669311149664	-26465.96458310213	0.383300256814502	-27779.96964169317
-28295.95394103732	-27110.607312973996	0.2696313951205944	-27976.347276011114
-28595.041387811525	-26468.561917362495	0.38235682042823455	-27781.96745878472
-31124.982468913844	-25749.446358211906	0.9089838712764897	-26238.70684482143
-27766.77190053835	-29401.007906898696	0.13215191179170072	-27982.739313097703
-28886.328650558793	-26163.793482259665	0.6748351772179378	-27049.066147777583
-28817.618797228086	-26204.38791439598	0.5666860122294629	-27336.73740920108
-27984.03516711487	-28215.50009823408	0.18008992962050185	-28025.719670269744
-27892.402231516986	-28661.233452013974	0.1587278661152647	-28014.437170549267
-29105.326684108855	-26079.882125255896	0.7573535813152089	-26813.995412390956
-27697.182374487948	-29892.60561382414	0.11791725678298165	-27956.060660348077
-29247.71859645257	-26039.162327843595	0.7925043768383496	-26704.923710247833
-28866.423851673284	-26174.049532879435	0.661265881555729	-27086.048574278066
-28761.02499386417	-26252.704911114437	0.503723729816331	-27497.524646208265
-28813.8414963971	-26207.082371903325	0.5596776956184686	-27354.89655656801
-37932.950769436145	-25444.11076279856	0.9800296837700362	-25693.516847076535
-27166.238156744716	-40713.369436948546	0.015005164785879772	-27369.51509398012
-28667.29189053858	-26362.046786595394	0.43160471183389054	-27672.337241744695
-28823.128325080164	-26200.63209986808	0.579779173865223	-27302.659630162034
-28644.565698718292	-26393.613495203863	0.4146686575796052	-27711.16637021111
-28283.236505497563	-27145.78048916554	0.2657300069643087	-27980.98031035606
-31888.83757420188	-25682.89572215434	0.9293095048839989	-26121.59682433669
-28398.809869046396	-26851.303131834768	0.30193482946851935	-27931.56368624502
-31106.2956531743	-25751.29219299758	0.9083981115790877	-26241.820622450286
-28581.86808677988	-26489.919571293707	0.37500056460512965	-27797.3862123477
-27962.653859642567	-28313.43864638046	0.17489293214025498	-28024.00363954535
-28521.564391671705	-26595.531488614215	0.3464192694860873	-27854.349480388362
-31603.648218686612	-25705.888335545034	0.9225308247609859	-26162.782929449757
-27786.448437378087	-29273.63133428284	0.13619936176990316	-27989.00179877163
-28937.33195707691	-26140.430880459757	0.699911874849067	-26979.747680774424
-29137.706667042323	-26070.024134975934	0.7665392336314871	-26786.207649887452
-30218.02589914643	-25856.14965295071	0.8746541700284877	-26402.892651263137
-28171.067961314853	-27488.91870918965	0.2316860246613338	-28013.023512864263
-28878.642775905973	-26167.656104342885	0.6700247566023784	-27062.214591139622
-27241.165559344725	-36985.89486902357	0.02796409479253098	-27513.66809348814
-28886.543256210716	-26163.68719912862	0.6749635288618773	-27048.714723339646
-28745.002533891424	-26268.932149716988	0.49103487861860856	-27529.1656133472
-28350.836036001438	-26966.83566523689	0.28663485250769677	-27954.133293856743
-28669.719714294726	-26358.784050186852	0.43345547480164265	-27668.0319987728
-37143.28474552164	-25460.290886347364	0.9770300718154279	-25728.648416273394
-27795.582094531823	-29216.083588090463	0.13808699460419427	-27991.734876608105
-28877.52211119146	-26168.228888887817	0.6692847284585614	-27064.233532587346
-28819.252692294824	-26203.252962931492	0.5701349759105233	-27327.779749612324
-28495.551164870703	-26645.113615580052	0.3359245060820647	-27873.943845089536
-28284.479410819906	-27142.311164418174	0.266110885517316	-27980.53600736018
-29974.193700515854	-25892.72580118884	0.8623282438005644	-26454.62865476081
-28130.183100242957	-27629.880233423646	0.21959624401447708	-28020.318469819762
-39828.485579332766	-25414.449731106284	0.985968854809172	-25616.69516087855
-28694.7022803532	-26326.50055910112	0.4526206655125166	-27622.805241212198
-28537.51772880075	-26566.32895177875	0.3533137562639165	-27841.069617685833
-28668.753010337598	-26360.080601985315	0.4327179596177261	-27669.748996369657
-29596.07538626367	-25959.76861964857	0.8368107871286579	-26553.174658651224
-27326.422472770977	-34597.07170621595	0.042054312404256125	-27632.18462701604
-28804.082499019114	-26214.46685427286	0.5453834278390697	-27391.74904190172
-28888.091661308903	-26162.92276257764	0.67588098458451	-27046.201822875333
-28850.059170939585	-26183.24394041027	0.6456776771830255	-27128.156107415103
-28149.121637065542	-27563.45948182518	0.22515928876418506	-28017.254362735523
-29319.61099150699	-26020.780608732788	0.8052428744466447	-26663.251331769967
-28023.21449250081	-28044.757471166155	0.18999814439476786	-28027.30761847196
-29371.128854951323	-26008.34352859482	0.8128112387273969	-26637.81914826118
-28641.191676023707	-26398.453971651823	0.4122409965861358	-27716.64324969214
-27224.11242670383	-37631.91758840288	0.025177787677810815	-27486.15793525711
-28517.504415925996	-26603.10922429795	0.34472480278765705	-27857.56491103438
-35348.21488535637	-25508.61060486376	0.9683254257588501	-25820.27588114976
-27311.565110215455	-34940.11774172452	0.039521585172307826	-27613.057602783072
-28754.527877478016	-26259.161309909545	0.4985051285403743	-27510.574845956944
-28917.219268439803	-26149.236642254782	0.6910153855495089	-27004.50068681222
-28821.692450617335	-26201.592147760137	0.5759244257527981	-27312.71268827957
-28509.610179879975	-26618.01334826935	0.34149300111443454	-27863.64310095471
-29102.885132973533	-26080.642845865706	0.7566364612621721	-26816.146423779373
-27379.687676254922	-33535.60952631459	0.05161086167467628	-27697.400107338468
-29776.161342831394	-25925.994051155267	0.8503390906597634	-26502.213589139552
-28674.68955882801	-26352.173082226796	0.43725698132197593	-27659.15301519881
-28248.93541757492	-27244.30081389237	0.25524715993393354	-27992.505288213597
-28616.8967702047	-26434.454331281853	0.3956956004824136	-27753.31389881682
-34708.475072916095	-25530.843750637487	0.9642465500756553	-25858.975732542673
-28087.65702286419	-27786.431433102072	0.20741423568606793	-28025.178547394597
-29155.836253413057	-26064.676705416732	0.7713962499916538	-26771.327369962797
-28868.742179110715	-26172.809934475677	0.6630599738823231	-27081.177415394493
-29718.827723824503	-25936.34093334584	0.8463751704266861	-26517.424821896435
-27787.368833988785	-29267.787762171138	0.1363892901461218	-27989.28212072246
-29129.6869813517	-26072.427482654435	0.7643229317116838	-26792.953438304015
-27868.31905970335	-28790.458624996783	0.15345342293537304	-28009.824532421764
-29102.329825512694	-26080.816225929837	0.7564729071403807	-26816.636648872052
-28815.730863376753	-26205.722429629855	0.563036597440597	-27346.20059554864
-28618.336826910316	-26432.26447074828	0.3966266446277529	-27751.282283372282
-28739.64061863735	-26274.590904905173	0.48689474462298354	-27539.420867786765
-31511.472980698978	-25713.76074262392	0.9201372790163536	-26176.78181743678
-27138.68096732646	-43231.998882212334	0.008994946713096013	-27283.439504407772
-28697.49848277888	-26323.037219453145	0.4547630176516439	-27617.681313371933
-28828.804838432112	-26196.884652524284	0.5990053908460913	-27252.270458796676
-28693.283248432923	-26328.269884062043	0.45153256546415743	-27625.40269666152
-28363.49542333182	-26935.455630334265	0.2906183635245808	-27948.48083564289
-30802.542947003785	-25783.10057900109	0.8982481240282374	-26293.83825627751
-28397.95596418231	-26853.28019471599	0.3016568102835582	-27931.9939986428
-34856.79772990018	-25525.40448330784	0.9652556294124985	-25849.617868365152
-28437.16680052146	-26765.37350556025	0.31472990235499904	-27911.003460040574
-27583.754093122505	-30866.14954586496	0.09423130450560815	-27893.058498537703
-28386.999203440166	-26878.90039092726	0.2981107414407679	-27937.418748276003
-30732.73182155739	-25790.93502055659	0.895739202349917	-26306.170696853562
-27607.351920432837	-30642.51983431477	0.09925078494719004	-27908.594718332144
-28852.921440955724	-26181.570811717345	0.6489094711615753	-27119.456716849505
-29674.055798071637	-25944.674421604024	0.8430761636081635	-26529.90325456759
-29811.005821055838	-25919.873218166547	0.8526236924989952	-26493.333973177145
-28497.182567386786	-26641.932232108422	0.3365592794506951	-27872.78085134484
-29094.572673402607	-26083.252462027856	0.7541709822339245	-26823.522351769243
-27592.63375968986	-30780.52460512301	0.09612616279437486	-27899.073474068664
-29326.270497248923	-26019.14017530261	0.8062856527076948	-26659.77876702903
-28829.220483492594	-26196.606810554433	0.6005878647356576	-27248.104658988766
-28689.493737076824	-26333.03340064878	0.44862435188156063	-27632.328245912187
-28789.95704208006	-26226.081053044738	0.5294872749334866	-27432.41733137835
-46081.33875872621	-25358.24534260515	0.9990069996347211	-25378.82338193707
-27358.74380890465	-33925.2272363739	0.04775557909625693	-27672.33002760942
-28813.49092290865	-26207.337342876745	0.5590821863406125	-27356.436881445
-28706.89790695684	-26311.621207162767	0.4619453266081392	-27600.4110295536
-27535.931544359744	-31360.924210839865	0.08392600069031193	-27856.947881527194
-27975.750343290325	-28253.036992679332	0.17805922144377634	-28025.123788197285
-29181.29706259325	-26057.35367910774	0.7778390534106863	-26751.371898274305
-27763.133674547757	-29425.084944438582	0.13140578840610734	-27981.52369146029
-29525.87046512541	-25974.055329828192	0.830458086708983	-26576.236863522474
-28787.208308556044	-26228.453929259867	0.5267570910588897	-27439.366294983796
-28573.649631559438	-26503.552270017273	0.37064748640802797	-27806.373247883945
-28698.099179565346	-26322.29721462243	0.45522292586842106	-27616.579657800088
-30029.009490775104	-25884.117298236077	0.8652902597266401	-26442.474648954085
-27300.096131295177	-35222.21257405155	0.037597849157277624	-27597.95067031632
-28822.070329408612	-26201.338345694316	0.5769031056162873	-27310.1619090159
-28918.17648871804	-26148.80673492636	0.6914610664812829	-27003.265125280235
-29107.906066401523	-26079.08124580157	0.7581076327030141	-26811.730851784363
-27958.25559433611	-28334.02150053117	0.17384130569832704	-28023.579230105974
-29651.90521912785	-25948.88456436211	0.8413687179810685	-26536.299478170182
-28128.77521427855	-27634.897213895783	0.2191856843589232	-28020.524226774836
-29312.82367280318	-26022.46292832643	0.8041584710212532	-26666.852207416403
-28657.937786208196	-26374.817929068282	0.4245325362831541	-27688.679122618156
-27888.213858269683	-28683.319820657205	0.15780214521148336	-28013.683284804876
-28572.98361056801	-26504.66748884748	0.37030217330125154	-27807.081655620885
-33397.213629198035	-25588.07555624509	0.9529073117986052	-25955.828860636306
-27523.15943241677	-31503.610857564316	0.08115829172057115	-27846.206070358458
-28825.48842124471	-26199.074094879812	0.5870078833464978	-27283.762506734332
-28887.98483349566	-26162.975367896026	0.6758181646849276	-27046.37393770506
-28830.001960068163	-26196.08172708355	0.6035439064978717	-27240.315453248844
-28531.88295046574	-26576.53907986503	0.3508332580362884	-27845.883289761605
-29157.680291769688	-26064.13918590096	0.7718779749774984	-26769.844047462084
-27105.139472958846	-47539.783427387534	0.0012177160059079859	-27130.023065977184
-32170.03295841109	-25662.0575762179	0.9351206918030109	-26084.29051677763
-28315.85586364902	-27056.988950765346	0.27575970794722376	-27968.711091407793
-27868.022720983445	-28792.082851405175	0.1533892193948083	-28009.7635830627
-28422.771759321724	-26796.966948859266	0.30985041526535323	-27919.01546365952
-31117.322615802674	-25750.201525775436	0.9087442918474532	-26239.98196158634
-27778.627495586934	-29323.69507785503	0.13458782342148043	-27986.574778523485
-28881.22962950141	-26166.34350316416	0.6716931405008615	-27057.659241199723
-28817.771913719735	-26204.280765981992	0.5669968460640524	-27335.930675736116
-28253.86956402482	-27229.794260581028	0.256752020660201	-27990.936160557416
-27881.00761676879	-28721.69831567847	0.15621795177779538	-28012.338595831105
-29105.1142240853	-26079.94821963603	0.7572913079434079	-26814.182303829977
-27744.3464964656	-29552.130335061887	0.12756037519020252	-27974.94808117973
-29195.251104917792	-26053.426571627246	0.7811760726702871	-26740.932954982727
-28945.566916168656	-26136.953638809115	0.7033180899847722	-26970.218390430273
-28775.64329676126	-26238.807289166754	0.516056058083634	-27466.493706677415
-28818.1208707167	-26204.03718194701	0.5677143764125346	-27334.067979456635
-35516.54062401057	-25503.260349797198	0.9692923576188718	-25810.74457951975
-27251.601821940538	-36626.47187848334	0.029658354786644858	-27529.64504415618
-28727.356573928122	-26287.984754141544	0.47750770536850945	-27562.537733721227
-28837.03772078254	-26191.34398703691	0.6248030601034686	-27184.0001798417
-28754.17623619107	-26259.515580860876	0.4982259636910475	-27511.271527107045
-28403.639798112406	-26840.173411205957	0.30351223282104495	-27929.10862408178
-29856.703529538616	-25912.026845865246	0.8554948809277093	-26482.052819741155
-28195.39940256803	-27409.22681316204	0.23899713174053103	-28007.506408646972
-31342.99872243598	-25728.759032866325	0.9154991191543527	-26203.167231913554
-28513.288639003003	-26611.04056079136	0.3429888896232804	-27860.838682869173
-27232.390080025492	-37308.43102842729	0.02653445617247246	-27499.752346962898
-28379.27253511606	-26897.250510482	0.2956318963650402	-27941.139553518737
-31286.134112772197	-25734.009712237446	0.9138559619915093	-26212.29212762498
-27539.224116743706	-31324.906142496562	0.08463919769825577	-27859.641206144137
-28875.666870924597	-26169.182810630053	0.6680350231639	-27067.640729013005
-29265.517622488253	-26034.492069408032	0.7959338270950532	-26693.8350885832
-34510.66338135846	-25538.387550467975	0.9628320661561953	-25871.86850497888
-27949.5300617316	-28375.306599054144	0.17177196236082884	-28022.66653307469
-28856.852378121956	-26179.322226423657	0.6529256698792119	-27108.624210202557
-27296.631001026195	-35310.67221405497	0.03702133109963435	-27593.321474219847
-28845.26713669645	-26186.122632841918	0.6394752506685848	-27144.810038530082
-28716.17279785697	-26300.699658107744	0.4690058770359885	-27583.30169949201
-28330.213382436636	-27019.364918683634	0.28020398769756966	-27962.90841562581
-28648.861976095563	-26387.506725766525	0.41779848367253186	-27704.071181463172
-36901.41985276298	-25465.795339585922	0.9760288129709074	-25739.920833585766
-27763.2721429011	-29424.16552324591	0.13143417485071943	-27981.570293861743
-28864.43435723694	-26175.12425292099	0.6596652634452823	-27090.3898987873
-28817.344650183197	-26204.580165860076	0.5661354011380663	-27338.166180771634
-28554.39387135239	-26536.429227411452	0.36107719432493196	-27825.752859471286
-28272.230737105914	-27176.80450023487	0.2623608084224663	-27984.83382403325
-29867.27643225698	-25910.239643425663	0.8561405844814258	-26479.496643052433
-28171.8294185112	-27486.37823754402	0.23191376690939597	-28012.863853100607
-32318.935559470738	-25651.691139706276	0.9378795639731398	-26065.863270159694
-28681.696122270892	-26343.010251121454	0.4426342050004532	-27646.513760948867
-28457.59960097933	-26721.85900318783	0.32185723162765784	-27898.938937350424
-28648.083502031976	-26388.608515845175	0.4172283340148007	-27705.36651779714
-29595.174153868313	-25959.947650993246	0.8367339318282015	-26553.456789031574
-27174.58457647005	-40140.679794859454	0.01660467871697999	-27389.882421785176
-28787.836512485672	-26227.908559903397	0.5273734425130159	-27437.79849554706
-28857.477877894293	-26178.969274813917	0.6535270238696836	-27107.00012211383
-28844.257790541604	-26186.742780104058	0.6380052378091683	-27148.749294325964
-28138.032421543463	-27602.111597840383	0.22189310543249025	-28019.115285706048
-29952.15638051484	-25896.255329791482	0.8610999249466412	-26459.620290145955
-28224.220705556512	-27318.701706498432	0.247725269417027	-27999.90076755261
-29957.38157625853	-25895.414803096544	0.8613932209762207	-26458.430934026142
-28722.158070349447	-26293.833178737255	0.47355489310284105	-27572.212935883068
-27983.688702112144	-28217.059566754422	0.1800045681633715	-28025.69652382399
-28638.64573766823	-26402.13229189219	0.41042812072273194	-27720.71772714725
-41100.43667933293	-25400.06188691103	0.9892522137560468	-25568.80615912993
-27378.364875681495	-33559.28290017805	0.051363370641057636	-27695.837659075703
-28788.100571256175	-26227.67985903555	0.5276338242296026	-27437.135999230522
-29013.331213491216	-26110.648690918206	0.7282594223202903	-26899.425316422992
-28825.422648072647	-26199.117321367172	0.5867901749761556	-27284.332485874333
-28525.786118544092	-26587.714723131863	0.3482059911333563	-27850.93804741737
-29121.15844109287	-26075.01021704703	0.7619225115706858	-26800.22953561128
-27531.194027635036	-31413.29315025167	0.0828994805625762	-27853.018028392387
-29602.316207678203	-25958.531855908168	0.8373399574647608	-26551.22997355632
-28686.0389390488	-26337.424805364346	0.4459707847067075	-27638.62565087628
-28346.341496659494	-26978.1340025739	0.28522768414307714	-27956.09084169426
-28633.60195241144	-26409.4847982587	0.4068879044796114	-27728.635584241078
-31812.948773998767	-25688.821911019888	0.9275961550846568	-26132.232242648897
-27821.042867217486	-29060.69454329046	0.14338900323110898	-27998.795285403365
-28961.70761952828	-26130.33263444577	0.7096931109950436	-26952.300297971527
-28826.973835657325	-26198.097567952886	0.592165343160563	-27270.244418465467
-27717.042114814376	-29745.302391292877	0.12198090545149141	-27964.451139830515
-27740.410705913277	-29579.33726740643	0.12675587274291977	-27973.505447125477
-28999.867107826565	-26115.584168494526	0.7236218113377695	-26912.73706285649
-27586.93579783819	-30835.258972208005	0.09491107447461973	-27895.237640558436
-29039.422863829128	-26101.433554691357	0.7369414751603902	-26874.296688347684
-28832.25808635379	-26194.552523227285	0.6115740516022936	-27219.105808178603
-28686.189004066844	-26337.233098087614	0.4460860738938543	-27638.352486218788
-28781.200060449493	-26233.759612569513	0.5210601865520424	-27453.830265446933
-32896.87961843374	-25615.312621545396	0.9468533019788415	-26002.303863849855
-27192.9137487701	-39068.09685922414	0.019913368660223526	-27429.38864795623
-28752.139958629756	-26261.5768055045	0.4966151158562177	-27515.28864979323
-28841.29819153018	-26188.592228959187	0.6332540105075561	-27161.461502034792
-28804.120556687525	-26214.436965924542	0.5454321239605486	-27391.62393539189
-28457.740476745694	-26721.564361608464	0.32190730602023604	-27898.85270074519
-31942.367680857336	-25678.795265323195	0.9304798983273816	-26114.239456484935
-28527.74325389417	-26584.112702670936	0.34904317983407956	-27849.33226587255
-44216.17600914005	-25375.215328467762	0.995788283794466	-25454.568107894378
-28145.228820169694	-27576.951596379342	0.2240100256328927	-28017.92902470183
-27726.07345480985	-29680.24614982988	0.12382642730323311	-27968.051677967713
-28359.850596635104	-26944.423753599927	0.28946820098113557	-27950.129534761305
-30331.853364172377	-25840.460330735445	0.8797868494626956	-26380.3848375862
-27613.980163035605	-30581.906621309012	0.10065120320680594	-27912.705532090138
-28837.63522779095	-26190.95137780009	0.6261379865117851	-27180.445931024413
-28965.542809124687	-26128.795081482243	0.7111580238065375	-26948.1669010968
-28907.447038959104	-26153.69301877323	0.6863074915346568	-27017.52502506186
-28206.056404808452	-27375.27279757546	0.24221758038562635	-28004.826009640434
-28881.670886439104	-26166.120906734122	0.6719724542488456	-27056.896101941344
-27166.94195482848	-40662.560030684996	0.015142932370300326	-27371.305186646576
-28904.70284445004	-26154.96752814628	0.6849278691230102	-27021.332493601818
-28746.51927865469	-26267.352141668216	0.4922132195893211	-27526.240440258538
-28310.669183816433	-27070.7970752464	0.2741594184623229	-27970.74656756322
-28669.607444296926	-26358.934451000667	0.43336978480764826	-27668.23158643128
-38097.108937597965	-25441.063555903085	0.9806077831840888	-25686.492331976922
-27566.28224871741	-31040.106642819563	0.09048331545200453	-27880.605397193824
-28829.9648692508	-26196.106723691104	0.6034047407335904	-27240.682377800298
-28764.719722410595	-26249.109377562963	0.506751803701426	-27489.92964274909
-28025.687130612754	-28034.343830072306	0.19064077576972957	-28027.33745051333
-28108.08361410911	-27709.926021615334	0.21320607545873846	-28023.193996399412
-29373.712936053755	-26007.734536278913	0.8131629462069929	-26636.624023623746
-27942.357820991292	-28409.698604939244	0.17008743257643666	-28021.84661507126
-30437.980461185125	-25826.528860002698	0.8843005792801432	-26360.07113893716
-29028.562477612224	-26105.215921487048	0.7333726119133817	-26884.660178218714
-28680.47991629686	-26344.587396880488	0.44169999869262805	-27648.716193524528
-28769.602612943534	-26244.44312807208	0.5108375940104617	-27479.656217199103
-30931.05809707386	-25769.210065088082	0.9026900114703286	-26271.509437872526
-27481.663916078433	-32002.74206810472	0.07221148797049008	-27808.137696667123
-28850.452478085244	-26183.01211109482	0.6461397274242406	-27126.913286437637
-29068.136344036975	-26091.767958792905	0.7460959951539977	-26847.479811703404
-31202.04059433804	-25741.95943969242	0.911353505699899	-26225.9764926458
-27967.724317164622	-28289.896986487962	0.17611253285164688	-28024.462961974732
-29282.812510113807	-26030.031142282445	0.79908351999613	-26683.568524929295
-28009.52439942975	-28103.1779892488	0.1864776678887004	-28026.988702448612
-29174.831177444958	-26059.193675865747	0.776245890448487	-26756.330370716903
-28604.18357715569	-26454.09458567589	0.3877577589177717	-27770.469888345713
-27500.68200007358	-31766.862328149706	0.07629604454638643	-27826.17468442739
-28487.55802251836	-26660.840505934477	0.3328542318580414	-27879.527366714203
-32421.903715692544	-25644.77505772421	0.9396698801616528	-26053.640041819337
-27425.04350966422	-32789.52766482401	0.060426283653611745	-27749.19935087921
-28807.246701103348	-26212.00987779446	0.5495874050978018	-27380.937229766754
-29075.29571524666	-26089.42776349122	0.7483168283474707	-26840.92047972467
-28864.6914044716	-26174.984809900394	0.6598754552040494	-27089.82004101359
-28604.683001759833	-26453.31257236981	0.3880601031860451	-27769.821970939334
-29271.741991045485	-26032.877988534263	0.7970874790977236	-26690.084048143453
-27555.52589154193	-31150.995940489156	0.08816475058487565	-27872.51961164275
-31830.842062471977	-25687.41248305537	0.9280059206908948	-26129.703039425793
-28614.640299216877	-26437.899916121627	0.3942497943463391	-27756.460850836203
-28249.748616871064	-27241.902122442574	0.2554951085425	-27992.24876738288
-28589.592743549634	-26477.32221853791	0.37925515361864764	-27788.50326110217
-32652.81797107686	-25629.97136000226	0.9433673746271184	-26027.693601178456
-27966.00440584912	-28297.860065333665	0.1756979632660111	-28024.310769318854
-29005.07661342526	-26113.659153269036	0.7254303443588318	-26907.554649618993
-28835.830425470587	-26192.143850664743	0.6219179756317291	-27191.674222662557
-28804.716635081208	-26213.96989466677	0.5462003922269119	-27389.64974930625
-28065.323051486932	-27872.96168288398	0.2012242735221234	-28026.61527483608
-29312.018345740853	-26022.663242014387	0.804028323638392	-26667.283675840274
-27977.009786158807	-28247.29742724496	0.17836652236610726	-28025.220052737885
-29638.857121849767	-25951.392717415485	0.840337432652863	-26540.142751228643
-28834.328315845712	-26193.15039740351	0.6179261986349714	-27202.275284784097
-28717.41173220456	-26299.26663498649	0.46994769492917127	-27581.010017762652
-28800.06258681392	-26217.668304731742	0.5404557013842997	-27404.392873840392
-42630.18814660538	-25386.72215077109	0.9926818444691466	-25512.912516819586
-27112.911887311842	-46726.41432360743	0.002516512005071132	-27162.26950165427
-28605.35325275407	-26452.264423910667	0.38846706978779005	-27768.949144420447
-28798.87272540696	-26218.63235958076	0.5390701280172321	-27407.9422210858
-28470.06798563358	-26696.06437210965	0.32634513517762737	-27891.130536572513
-28185.31906620592	-27441.872793483915	0.2359603140683286	-28009.89525020151
-29944.788210771836	-25897.444473556134	0.8606841219445913	-26461.3037200984
-28232.98336339637	-27291.98779392848	0.25038895362122215	-27997.3684673951
-30532.91032697095	-25814.592164808193	0.888146985319077	-26342.35027546985
-28477.019947980854	-26681.929816016614	0.3289003213814113	-27886.614226669215
-27524.91197607923	-31483.74655039614	0.0815380661571516	-27847.707691505104
-28394.539120810987	-26861.219598385487	0.30054681424392715	-27933.704823127984
-30916.083443899297	-25770.794554598087	0.9021838522301195	-26274.0868929127
-27599.831514346075	-30712.436492360735	0.09765678575538646	-27903.798511825204
-28861.773623865363	-26176.57826682961	0.6574255066292697	-27096.45770586757
-29673.110283976206	-25944.85292855667	0.8430043503143808	-26530.17311426595
-30527.374055212407	-25815.275350178435	0.8879272184934303	-26343.3733587851
-28251.62181386732	-27236.388572076885	0.2560663585467372	-27991.654734566444
