alpha	beta	x	y
-77854.8219586193	-124961.76035430476	9.99999999999999e-16	-77854.82195861934
-128562.52880143779	-72902.63656590437	0.9999999999999991	-72902.63656590441
-128562.52880143779	-72902.63656590437	0.9999999999999991	-72902.63656590441
-128326.4206573297	-72926.72673606627	0.9994997498749365	-72954.44043987886
-128083.90096414636	-72942.6911509369	0.998999499749874	-72997.85994514725
-127840.17634937892	-72955.74666644406	0.9984992496248114	-73038.11449488273
-127596.34353789281	-72967.0001888279	0.9979989994997489	-73076.31353219776
-127352.91678919371	-72976.97611207442	0.9974987493746864	-73112.98396769508
-127110.19386194814	-72985.98228262126	0.9969984992496238	-73148.43614429013
-126868.36730224457	-72994.22128769901	0.9964982491245613	-73182.87512566896
-126627.57040546898	-73001.83641744273	0.9959979989994988	-73216.44665851542
-126387.89976073452	-73008.93420941163	0.9954977488744362	-73249.2597171465
-126149.42763396118	-73015.59683188598	0.9949974987493737	-73281.39888692393
-125912.20934355863	-73021.88945961441	0.9944972486243112	-73312.9317401164
-125676.28793033354	-73027.8649439706	0.9939969984992487	-73343.91350616993
-125441.69725968025	-73033.56691520197	0.9934967483741861	-73374.39017407056
-125208.46416332545	-73039.03192439975	0.9929964982491236	-73404.4006344273
-124976.60996604475	-73044.29097034362	0.9924962481240611	-73433.97820642947
-124746.15160341357	-73049.37061738626	0.9919959979989985	-73463.15175584376
-124517.10245897202	-73054.29383278302	0.991495747873936	-73491.9465324555
-124289.4730037154	-73059.08062632372	0.9909954977488735	-73520.38480981204
-124063.27129296746	-73063.74854738405	0.9904952476238109	-73548.48638238464
-123838.50335838896	-73068.31307703812	0.9899949974987484	-73576.26895779205
-123615.17352127141	-73072.78794154394	0.9894947473736859	-73603.74847039556
-123393.28464604216	-73077.18536597084	0.9889944972486233	-73630.93933503621
-123172.83834750645	-73081.51628160544	0.9884942471235608	-73657.85465454982
-122953.83516198184	-73085.79049720532	0.9879939969984983	-73684.50639112965
-122736.2746897349	-73090.0168416485	0.9874937468734357	-73710.90550908334
-122520.15571470592	-73094.20328370691	0.9869934967483732	-73737.06209471545
-122305.4763055527	-73098.35703335489	0.9864932466233107	-73762.9854577418
-122092.23390188484	-73102.48462803171	0.9859929964982481	-73788.68421766053
-121880.42538792765	-73106.59200655528	0.9854927463731856	-73814.16637777083
-121670.04715613372	-73110.68457281266	0.9849924962481231	-73839.43938897061
-121461.09516219044	-73114.76725093831	0.9844922461230605	-73864.51020503981
-121253.56497290672	-73118.84453335208	0.983991995997998	-73889.38533078371
-121047.45180810615	-73122.920522774	0.9834917458729355	-73914.07086415272
-120842.75057735936	-73126.99896913095	0.9829914957478729	-73938.57253325294
-120639.45591239541	-73131.08330210559	0.9824912456228104	-73962.89572899915
-120437.56219581257	-73135.17665995052	0.9819909954977479	-73987.04553403312
-120237.06358643709	-73139.28191509012	0.9814907453726854	-74011.02674842675
-120037.95404212273	-73143.40169693826	0.9809904952476228	-74034.84391260464
-119840.2273399303	-73147.53841230593	0.9804902451225603	-74058.50132785243
-119643.87709429639	-73151.69426370272	0.9799899949974978	-74082.00307472015
-119448.89677338288	-73155.87126579716	0.9794897448724352	-74105.35302958461
-119255.27971374104	-73160.07126026218	0.9789894947473727	-74128.55487959494
-119063.01913362241	-73164.29592919526	0.9784892446223102	-74151.61213619399
-118872.10814496345	-73168.54680728221	0.9779889944972476	-74174.5281473813
-118682.53976434763	-73172.82529284415	0.9774887443721851	-74197.30610886103
-118494.30692286545	-73177.1326578957	0.9769884942471226	-74219.94907419819
-118307.40247517538	-73181.4700573184	0.97648824412206	-74242.45996409147
-118121.8192077287	-73185.83853724632	0.9759879939969975	-74264.84157485675
-117937.54984634477	-73190.23904274317	0.975487743871935	-74287.09658620317
-117754.58706307455	-73194.67242484665	0.9749874937468724	-74309.22756837416
-117572.92348253472	-73199.13944704135	0.9744872436218099	-74331.23698871731
-117392.55168776814	-73203.64079121471	0.9739869934967474	-74353.12721773841
-117213.46422555746	-73208.17706315016	0.9734867433716851	-74374.90053468976
-117035.6536113607	-73212.7487975976	0.9729864932466223	-74396.55913273682
-116859.11233387474	-73217.35646296114	0.9724862431215598	-74418.1051237417
-116683.83285921245	-73222.00046564016	0.9719859929964975	-74439.54054269874
-116509.80763484287	-73226.68115405198	0.9714857428714347	-74460.86735185346
-116337.0290931064	-73231.39882236953	0.9709854927463722	-74482.08744453202
-116165.48965463223	-73236.15371399019	0.9704852426213098	-74503.20264870653
-115995.18173136377	-73240.94602476832	0.9699849924962471	-74524.214730319
-115826.09772949848	-73245.7759060218	0.9694847423711846	-74545.12539638305
-115658.2300520709	-73250.64346734082	0.9689844922461222	-74565.93629788277
-115491.57110151596	-73255.54877920444	0.9684842421210595	-74586.64903248394
-115326.11328194386	-73260.49187542916	0.967983991995997	-74607.26514707349
-115161.84900130169	-73265.47275545787	0.9674837418709346	-74627.78614014018
-114998.77067335669	-73270.49138650345	0.9669834917458722	-74648.21346400838
-114836.8707196339	-73275.54770555455	0.9664832416208095	-74668.54852693694
-114676.14157105118	-73280.6416212627	0.965982991495747	-74688.79269509246
-114516.57566968852	-73285.77301570444	0.9654827413706846	-74708.94729440627
-114358.16547021257	-73290.94174604531	0.9649824912456219	-74729.01361232434
-114200.90344134226	-73296.14764609862	0.9644822411205594	-74748.99289945648
-114044.7820671944	-73301.39052779293	0.963981990995497	-74768.88637113308
-113889.79384848854	-73306.67018255548	0.9634817408704343	-74788.69520887523
-113735.93130376027	-73311.9863826121	0.9629814907453718	-74808.42056178421
-113583.18697043788	-73317.33888221456	0.9624812406203094	-74828.0635478558
-113431.55340586841	-73322.72741879788	0.9619809904952467	-74847.6252552248
-113281.02318826894	-73328.1517140724	0.9614807403701842	-74867.10674334364
-113131.58891765654	-73333.61147505393	0.9609804902451218	-74886.50904409998
-112983.24321663362	-73339.10639504007	0.9604802401200591	-74905.83316287697
-112835.97873123578	-73344.63615452897	0.9599799899949966	-74925.08007955979
-112689.78813164133	-73350.20042209135	0.9594797398699342	-74944.25074949185
-112544.66411288556	-73355.79885519375	0.9589794897448717	-74963.34610438373
-112400.59939547765	-73361.43110098013	0.958479239619809	-74982.36705317792
-112257.58672603809	-73367.0967970095	0.9579789894947465	-75001.31448287166
-112115.61887787432	-73372.79557195556	0.9574787393696841	-75020.18925930081
-111974.68865146299	-73378.52704627263	0.9569784892446214	-75038.99222788666
-111834.78887503473	-73384.29083282102	0.9564782391195589	-75057.72421434811
-111695.91240497041	-73390.0865374669	0.9559779889944965	-75076.38602538104
-111558.05212625946	-73395.91375964774	0.9554777388694338	-75094.97844930683
-111421.20095291427	-73401.77209290958	0.9549774887443713	-75113.50225669172
-111285.35182837895	-73407.66112541598	0.9544772386193089	-75131.95820093859
-111150.49772582916	-73413.58044043549	0.9539769884942462	-75150.34701885284
-111016.63164853671	-73419.52961680066	0.9534767383691837	-75168.66943118362
-110883.7466302062	-73425.50822934412	0.9529764882441213	-75186.92614314157
-110751.8357352105	-73431.51584931719	0.9524762381190588	-75205.11784489494
-110620.89205888679	-73437.55204478388	0.9519759879939961	-75223.24521204448
-110490.9087278086	-73443.61638099565	0.9514757378689337	-75241.30890607864
-110361.87889998281	-73449.70842075061	0.9509754877438712	-75259.30957481005
-110233.79576505051	-73455.82772473438	0.9504752376188085	-75277.2478527941
-110106.65254455806	-73461.97385183975	0.949974987493746	-75295.12436173065
-109980.44249205058	-73468.14635947917	0.9494747373686835	-75312.93971084975
-109855.15889331345	-73474.34480387371	0.948974487243621	-75330.69449728187
-109730.79506646577	-73480.56874033499	0.9484742371185584	-75348.3893064138
-109607.34436217291	-73486.81772352672	0.9479739869934959	-75366.0247122307
-109484.80016368793	-73493.09130772173	0.9474737368684334	-75383.60127764495
-109363.15588703529	-73499.38904703862	0.9469734867433709	-75401.11955481237
-109242.40498110518	-73505.7104956711	0.9464732366183083	-75418.58008543674
-109122.54092772162	-73512.05520810715	0.9459729864932458	-75435.98340106284
-109003.55724174413	-73518.42273933518	0.9454727363681833	-75453.3300233585
-108885.44747114857	-73524.81264504076	0.9449724862431207	-75470.62046438639
-108768.2051970944	-73531.2244817944	0.9444722361180583	-75487.85522686612
-108651.82403395069	-73537.65780723162	0.9439719859929956	-75505.03480442651
-108536.29762937673	-73544.11218022104	0.9434717358679332	-75522.15968184918
-108421.61966437387	-73550.58716102535	0.9429714857428707	-75539.23033530338
-108307.78385326438	-73557.08231145806	0.942471235617808	-75556.24723257251
-108194.78394376041	-73563.59719502727	0.9419709854927456	-75573.21083327294
-108082.6137169947	-73570.13137707383	0.9414707353676831	-75590.12158906522
-107971.26698747219	-73576.68442490698	0.9409704852426204	-75606.97994385783
-107860.73760312912	-73583.2559079269	0.940470235117558	-75623.7863340045
-107751.01944534005	-73589.8453977432	0.9399699849924955	-75640.5411884944
-107642.10642885389	-73596.45246829189	0.939469734867433	-75657.24492913633
-107533.99250184046	-73603.07669593932	0.9389694847423704	-75673.89797073671
-107426.67164584047	-73609.71765958614	0.9384692346173079	-75690.50072127164
-107320.13787576069	-73616.37494076314	0.9379689844922454	-75707.05358205366
-107214.38523983711	-73623.0481237233	0.9374687343671828	-75723.55694789253
-107109.40781960917	-73629.73679552882	0.9369684842421203	-75740.01120725177
-107005.19972987741	-73636.44054613341	0.9364682341170578	-75756.4167423993
-106901.7551186832	-73643.158968459	0.9359679839919952	-75772.77392955392
-106799.06816726731	-73649.89165846935	0.9354677338669327	-75789.08313902712
-106697.1330899575	-73656.6382152438	0.9349674837418702	-75805.34473536027
-106595.94413422482	-73663.39824103563	0.9344672336168075	-75821.55907745776
-106495.49558052665	-73670.17134134124	0.9339669834917451	-75837.72651871618
-106395.78174231874	-73676.95712495343	0.9334667333666826	-75853.84740714935
-106296.79696597648	-73683.75520401765	0.9329664832416199	-75869.92208550966
-106198.53563072463	-73690.56519408403	0.9324662331165575	-75885.95089140596
-106100.99214855648	-73697.38671415682	0.931965982991495	-75901.93415741765
-106004.16096419372	-73704.21938673774	0.9314657328664323	-75917.87221120573
-105908.03655499389	-73711.06283786995	0.9309654827413699	-75933.7653756204
-105812.61343090526	-73717.91669717553	0.9304652326163074	-75949.61396880558
-105717.88613433456	-73724.78059789664	0.9299649824912449	-75965.41830430052
-105623.84924013012	-73731.65417692522	0.9294647323661823	-75981.1786911383
-105530.49735544658	-73738.53707483914	0.9289644822411198	-75996.89543394184
-105437.82511971107	-73745.42893592783	0.9284642321160573	-76012.5688330169
-105345.82720450658	-73752.32940822198	0.9279639819909947	-76028.19918444261
-105254.49831346865	-73759.23814352004	0.9274637318659322	-76043.78678015966
-105163.83318225492	-73766.1547974063	0.9269634817408697	-76059.3319080556
-105073.82657839841	-73773.07902927638	0.9264632316158071	-76074.83485204827
-104984.47330123634	-73780.01050235466	0.9259629814907446	-76090.29589216683
-104895.76818181243	-73786.94888371137	0.9254627313656821	-76105.71530463039
-104807.70608278774	-73793.89384427758	0.9249624812406195	-76121.0933619247
-104720.28189833873	-73800.8450588592	0.924462231115557	-76136.43033287693
-104633.49055405884	-73807.80220614866	0.9239619809904945	-76151.72648272815
-104547.32700685009	-73814.76496873616	0.9234617308654319	-76166.98207320413
-104461.78624485208	-73821.73303311583	0.9229614807403694	-76182.19736258428
-104376.86328728378	-73828.7060896977	0.9224612306153069	-76197.37260576869
-104292.5531843964	-73835.6838328088	0.9219609804902444	-76212.50805434343
-104208.8510173537	-73842.66596069906	0.9214607303651818	-76227.60395664444
-104125.75189809833	-73849.6521755467	0.9209604802401193	-76242.66055781943
-104043.25096927852	-73856.64218345736	0.9204602301150568	-76257.67809988838
-103961.3434041265	-73863.63569446611	0.9199599799899942	-76272.65682180264
-103880.02440633855	-73870.63242253783	0.9194597298649317	-76287.59695950229
-103799.28920999984	-73877.6320855627	0.9189594797398692	-76302.49874597233
-103719.133079438	-73884.63440535661	0.9184592296148066	-76317.36241129725
-103639.55130912432	-73891.63910765655	0.9179589794897441	-76332.18818271445
-103560.53922357963	-73898.64592211416	0.9174587293646816	-76346.97628466635
-103482.0921772282	-73905.65458229298	0.916958479239619	-76361.7269388509
-103404.20555431173	-73912.66482565977	0.9164582291145565	-76376.44036427153
-103326.87476877493	-73919.67639357675	0.915957978989494	-76391.11677728528
-103250.09526413132	-73926.68903129503	0.9154577288644314	-76405.75639164989
-103173.86251336287	-73933.70248794438	0.914957478739369	-76420.35941857028
-103098.17201881032	-73940.71651652256	0.9144572286143064	-76434.9260667433
-103023.01931203857	-73947.73087388623	0.9139569784892438	-76449.45654240162
-102948.39995374749	-73954.74532073729	0.9134567283641813	-76463.951049357
-102874.30953361589	-73961.75962161396	0.9129564782391189	-76478.40978904186
-102800.74367022514	-73968.77354487454	0.9124562281140562	-76492.83296055057
-102727.69801091624	-73975.78686268606	0.9119559779889937	-76507.22076067934
-102655.16823168268	-73982.7993510092	0.9114557278639313	-76521.57338396531
-102583.1500370544	-73989.81078958345	0.9109554777388688	-76535.89102272496
-102511.63915996253	-73996.82096191336	0.9104552276138062	-76550.17386709136
-102440.63136163479	-74003.82965525145	0.9099549774887437	-76564.42210505088
-102370.122431494	-74010.83666058003	0.9094547273636812	-76578.63592247872
-102300.1081869819	-74017.84177259995	0.9089544772386186	-76592.81550317402
-102230.58447350802	-74024.84478970667	0.9084542271135561	-76606.9610288941
-102161.54716428765	-74031.84551397631	0.9079539769884936	-76621.07267938768
-102092.99216022326	-74038.8437511476	0.907453726863431	-76635.15063242776
-102024.91538981428	-74045.83931060007	0.9069534767383685	-76649.19506384364
-101957.31280900504	-74052.83200533813	0.906453226613306	-76663.20614755212
-101890.18040106105	-74059.82165197194	0.9059529764882434	-76677.18405558815
-101823.51417649767	-74066.80807069273	0.9054527263631809	-76691.12895813504
-101757.31017289693	-74073.79108525871	0.9049524762381184	-76705.04102355351
-101691.56445482685	-74080.77052297058	0.9044522261130558	-76718.92041841059
-101626.27311370015	-74087.74621465286	0.9039519759879933	-76732.76730750785
-101561.43226768618	-74094.71799462907	0.9034517258629308	-76746.58185390873
-101497.0380615292	-74101.68570070677	0.9029514757378682	-76760.3642189657
-101433.0866665062	-74108.64917414749	0.9024512256128057	-76774.11456234659
-101369.57428023395	-74115.6082596523	0.9019509754877432	-76787.83304206053
-101306.49712659199	-74122.56280533483	0.9014507253626806	-76801.51981448325
-101243.85145558226	-74129.51266270087	0.9009504752376181	-76815.17503438199
-101181.63354323154	-74136.45768662306	0.9004502251125556	-76828.79885493979
-101119.83969143569	-74143.39773532162	0.899949974987493	-76842.39142777928
-101058.46622786365	-74150.33267033855	0.8994497248624305	-76855.95290298617
-100997.50950583834	-74157.26235651408	0.898949474737368	-76869.48342913216
-100936.9659041997	-74164.18666196465	0.8984492246123055	-76882.98315329719
-100876.83182719746	-74171.10545805791	0.8979489744872429	-76896.45222109168
-100817.10370435374	-74178.01861939068	0.8974487243621804	-76909.89077667806
-100757.77799038579	-74184.92602375979	0.8969484742371179	-76923.2989627918
-100698.85116502037	-74191.82755214536	0.8964482241120553	-76936.67692076226
-100640.31973293127	-74198.72308868002	0.8959479739869928	-76950.0247905331
-100582.18022359557	-74205.6125206268	0.8954477238619303	-76963.34271068209
-100524.42919116377	-74212.49573835578	0.8949474737368677	-76976.63081844068
-100467.06321436266	-74219.37263531687	0.8944472236118052	-76989.88924971342
-100410.0788963575	-74226.24310801688	0.8939469734867427	-77003.11813909654
-100353.47286464892	-74233.10705599262	0.8934467233616801	-77016.31761989648
-100297.24177093715	-74239.96438178804	0.8929464732366176	-77029.4878241482
-100241.38229100985	-74246.81499092809	0.8924462231115551	-77042.62888263275
-100185.89112462536	-74253.65879189325	0.8919459729864925	-77055.74092489484
-100130.76499540269	-74260.49569609335	0.89144572286143	-77068.82407926001
-100076.00065068043	-74267.32561784476	0.8909454727363675	-77081.87847285137
-100021.59486141951	-74274.14847434254	0.8904452226113049	-77094.90423160612
-99967.54442207022	-74280.96418563687	0.8899449724862424	-77107.90148029188
-99913.84615046927	-74287.77267460556	0.8894447223611799	-77120.87034252247
-99860.4968877121	-74294.57386692976	0.8889444722361173	-77133.81094077353
-99807.49349802834	-74301.36769106949	0.8884442221110548	-77146.72339639808
-99754.8328686816	-74308.15407823565	0.8879439719859923	-77159.60782964132
-99702.51190985534	-74314.93296236417	0.8874437218609298	-77172.46435965558
-99650.5275544948	-74321.70428009548	0.8869434717358672	-77185.29310451483
-99598.87675824939	-74328.46797074162	0.8864432216108047	-77198.09418122901
-99547.55649932552	-74335.22397626423	0.8859429714857422	-77210.86770575798
-99496.56377835033	-74341.9722412516	0.8854427213606796	-77223.6137930253
-99445.89561830959	-74348.7127128862	0.8849424712356171	-77236.33255693193
-99395.54906437869	-74355.44534092575	0.8844422211105546	-77249.02411036931
-99345.52118383866	-74362.17007767363	0.883941970985492	-77261.68856523257
-99295.80906596522	-74368.88687795273	0.8834417208604295	-77274.32603243344
-99246.40982187014	-74375.5956990855	0.882941470735367	-77286.93662191274
-99197.32058444916	-74382.2965008602	0.8824412206103044	-77299.52044265282
-99148.53850822127	-74388.98924551156	0.8819409704852419	-77312.07760268991
-99100.0607692367	-74395.67389769213	0.8814407203601794	-77324.6082091259
-99051.88456495485	-74402.35042444814	0.8809404702351168	-77337.11236814031
-99004.00711412715	-74409.01879519445	0.8804402201100543	-77349.59018500183
-98956.42565670531	-74415.67898168611	0.8799399699849918	-77362.04176407964
-98909.13745370042	-74422.33095799702	0.8794397198599292	-77374.46720885472
-98862.13978708105	-74428.97470049301	0.8789394697348667	-77386.8666219309
-98815.42995967872	-74435.61018780427	0.8784392196098042	-77399.24010504565
-98769.00529505024	-74442.23740080335	0.8779389694847416	-77411.58775908063
-98722.86313736977	-74448.85632257994	0.8774387193596791	-77423.90968407247
-98677.00085134816	-74455.46693841109	0.8769384692346166	-77436.20597922277
-98631.41582207909	-74462.06923574224	0.876438219109554	-77448.47674290845
-98586.10545493776	-74468.66320416114	0.8759379689844915	-77460.72207269173
-98541.067175516	-74475.24883536619	0.875437718859429	-77472.94206532984
-98496.29842943836	-74481.82612315216	0.8749374687343665	-77485.13681678477
-98451.79668231965	-74488.39506337588	0.8744372186093039	-77497.30642223277
-98407.55941961275	-74494.9556539376	0.8739369684842414	-77509.45097607376
-98363.58414651461	-74501.50789475409	0.8734367183591789	-77521.5705719404
-98319.86838785504	-74508.05178773447	0.8729364682341163	-77533.66530270729
-98276.40968800268	-74514.58733675376	0.8724362181090538	-77545.73526049989
-98233.2056107225	-74521.11454763325	0.8719359679839913	-77557.78053670323
-98190.25373910888	-74527.63342811026	0.8714357178589287	-77569.80122197053
-98147.55167544614	-74534.14398781874	0.8709354677338662	-77581.7974062319
-98105.09704110734	-74540.64623826403	0.8704352176088037	-77593.76917870248
-98062.88747648921	-74547.14019279274	0.8699349674837411	-77605.71662789084
-98020.92064082104	-74553.62586658128	0.8694347173586786	-77617.6398416071
-97979.19421215354	-74560.10327659786	0.8689344672336161	-77629.53890697086
-97937.70588717211	-74566.5724415907	0.8684342171085535	-77641.41391041908
-97896.45338114668	-74573.03338205615	0.867933966983491	-77653.26493771395
-97855.43442779547	-74579.4861202197	0.8674337168584285	-77665.09207395038
-97814.64677920697	-74585.93068000837	0.8669334667333659	-77676.89540356358
-97774.08820570218	-74592.36708703247	0.8664332166083034	-77688.67501033655
-97733.75649575758	-74598.79536855807	0.8659329664832409	-77700.43097740725
-97693.64945588684	-74605.21555348602	0.8654327163581783	-77712.16338727584
-97653.76491055162	-74611.62767232672	0.8649324662331158	-77723.87232181184
-97614.10070203044	-74618.0317571814	0.8644322161080533	-77735.55786226099
-97574.65469036145	-74624.42784171208	0.8639319659829908	-77747.22008925218
-97535.42475318692	-74630.81596112723	0.8634317158579282	-77758.85908280424
-97496.4087856974	-74637.19615215172	0.8629314657328657	-77770.47492233259
-97457.60470049485	-74643.56845300978	0.8624312156078032	-77782.06768665582
-97419.01042751328	-74649.93290339907	0.8619309654827406	-77793.63745400215
-97380.62391391487	-74656.28954446885	0.8614307153576781	-77805.18430201591
-97342.44312397251	-74662.63841880027	0.8609304652326156	-77816.7083077637
-97304.46603900049	-74668.97957037938	0.8604302151075531	-77828.20954774071
-97266.69065721944	-74675.31304458065	0.8599299649824905	-77839.68809787674
-97229.11499367737	-74681.63888814187	0.859429714857428	-77851.14403354232
-97191.73708014836	-74687.95714914257	0.8589294647323655	-77862.57742955461
-97154.55496503675	-74694.26787698183	0.8584292146073029	-77873.98836018321
-97117.56671326533	-74700.57112235893	0.8579289644822404	-77885.37689915605
-97080.77040618086	-74706.8669372513	0.8574287143571779	-77896.74311966498
-97044.16414147333	-74713.15537489024	0.8569284642321153	-77908.08709437138
-97007.7460330518	-74719.4364897444	0.8564282141070528	-77919.40889541186
-96971.51421097732	-74725.71033749325	0.8559279639819903	-77930.70859440342
-96935.4668213266	-74731.97697501312	0.8554277138569277	-77941.98626244915
-96899.6020261433	-74738.23646034815	0.8549274637318652	-77953.24197014337
-96863.91800329562	-74744.48885269728	0.8544272136068027	-77964.4757875768
-96828.4129464087	-74750.73421238903	0.8539269634817401	-77975.68778434189
-96793.08506477269	-74756.97260086036	0.8534267133566776	-77986.87802953787
-96757.93258321949	-74763.20408064101	0.8529264632316151	-77998.04659177562
-96722.95374205166	-74769.42871532933	0.8524262131065525	-78009.19353918282
-96688.1467969513	-74775.64656957165	0.85192596298149	-78020.31893940877
-96653.51001886089	-74781.85770904632	0.8514257128564275	-78031.42285962909
-96619.0416939253	-74788.06220043798	0.8509254627313649	-78042.50536655067
-96584.74012334815	-74794.26011142656	0.8504252126063024	-78053.56652641634
-96550.60362336214	-74800.45151065617	0.84992496248124	-78064.60640500925
-96516.63052507874	-74806.63646772622	0.8494247123561774	-78075.62506765775
-96482.81917443097	-74812.81505316561	0.848924462231115	-78086.62257923973
-96449.16793207011	-74818.98733841555	0.8484242121060525	-78097.59900418711
-96415.67517327204	-74825.15339581072	0.8479239619809898	-78108.55440649019
-96382.33928784859	-74831.31329855998	0.8474237118559274	-78119.48884970207
-96349.15868005865	-74837.46712072694	0.8469234617308649	-78130.40239694281
-96316.13176852053	-74843.61493721078	0.8464232116058023	-78141.29511090368
-96283.25698609815	-74849.75682373196	0.8459229614807398	-78152.16705385143
-96250.53277985285	-74855.89285680611	0.8454227113556773	-78163.01828763225
-96217.95761091405	-74862.0231137328	0.8449224612306147	-78173.84887367587
-96185.5299544187	-74868.14767257229	0.8444222111055522	-78184.65887299963
-96153.24829940137	-74874.26661213115	0.8439219609804897	-78195.44834621236
-96121.11114872128	-74880.38001194141	0.843421710855427	-78206.21735351827
-96089.11701896056	-74886.48795224533	0.8429214607303646	-78216.96595472087
-96057.26444035527	-74892.59051397406	0.8424212106053021	-78227.69420922674
-96025.55195668366	-74898.68777873457	0.8419209604802395	-78238.4021760492
-95993.97812520176	-74904.77982878813	0.841420710355177	-78249.08991381222
-95962.54151654293	-74910.86674703522	0.8409204602301145	-78259.75748075382
-95931.24071463759	-74916.94861699738	0.8404202101050519	-78270.40493472987
-95900.07431662103	-74923.02552280127	0.8399199599799894	-78281.03233321765
-95869.04093275254	-74929.09754916067	0.8394197098549269	-78291.63973331926
-95838.13918633437	-74935.16478135885	0.8389194597298644	-78302.22719176512
-95807.36771361527	-74941.22730523416	0.8384192096048018	-78312.79476491756
-95776.72516371947	-74947.28520716072	0.8379189594797393	-78323.34250877406
-95746.21019854386	-74953.33857403553	0.8374187093546768	-78333.87047897061
-95715.82149269838	-74959.38749325735	0.8369184592296142	-78344.37873078501
-95685.55773339709	-74965.43205271573	0.8364182091045517	-78354.86731914035
-95655.41762039381	-74971.4723407708	0.8359179589794892	-78365.3362986079
-95625.39986589663	-74977.50844623809	0.8354177088544266	-78375.78572341052
-95595.50319447689	-74983.54045837438	0.8349174587293641	-78386.21564742584
-95565.72634298593	-74989.56846686198	0.8344172086043016	-78396.62612418916
-95536.068060486	-74995.59256179079	0.833916958479239	-78407.01720689677
-95506.52710815934	-75001.61283364476	0.8334167083541766	-78417.38894840883
-95477.10225922853	-75007.62937328605	0.8329164582291139	-78427.74140125244
-95447.79229887563	-75013.64227193997	0.8324162081040515	-78438.07461762454
-95418.59602415809	-75019.65162118062	0.831915957978989	-78448.38864939495
-95389.51224394652	-75025.65751291228	0.8314157078539265	-78458.68354810915
-95360.53977881561	-75031.66003936045	0.8309154577288639	-78468.9593649912
-95331.67746098194	-75037.6592930538	0.8304152076038014	-78479.21615094658
-95302.92413423382	-75043.65536680764	0.8299149574787389	-78489.45395656498
-95274.27865382815	-75049.64835371429	0.8294147073536763	-78499.67283212292
-95245.73988643725	-75055.63834712394	0.8289144572286138	-78509.87282758676
-95217.30671005012	-75061.62544063437	0.8284142071035513	-78520.05399261517
-95188.9780138988	-75067.60972807607	0.8279139569784886	-78530.21637656183
-95160.75269840492	-75073.5913034934	0.8274137068534262	-78540.36002847814
-95132.62967506074	-75079.5702611394	0.8269134567283637	-78550.48499711578
-95104.60786638997	-75085.54669545412	0.826413206603301	-78560.59133092924
-95076.68620583935	-75091.52070105795	0.8259129564782386	-78570.67907807844
-95048.86363774084	-75097.49237272999	0.8254127063531761	-78580.74828643125
-95021.13911719546	-75103.46180540303	0.8249124562281134	-78590.7990035658
-94993.51161002922	-75109.42909414406	0.824412206103051	-78600.83127677323
-94965.98009269657	-75115.39433414544	0.8239119559779885	-78610.84515305991
-94938.54355221787	-75121.35762070934	0.8234117058529258	-78620.84067914983
-94911.20098609407	-75127.31904923731	0.8229114557278634	-78630.8179014871
-94883.95140225769	-75133.27871521212	0.8224112056028009	-78640.77686623823
-94856.79381895854	-75139.23671419377	0.8219109554777382	-78650.71761929446
-94829.72726472978	-75145.19314179855	0.8214107053526758	-78660.64020627402
-94802.75077828916	-75151.14809369214	0.8209104552276133	-78670.54467252444
-94775.86340847252	-75157.10166557613	0.8204102051025506	-78680.43106312482
-94749.06421417634	-75163.05395317238	0.8199099549774882	-78690.29942288795
-94722.35226425737	-75169.00505221734	0.8194097048524257	-78700.14979636265
-94695.72663748595	-75174.95505844458	0.8189094547273632	-78709.98222783578
-94669.18642245981	-75180.90406757615	0.8184092046023006	-78719.79676133442
-94642.730717543	-75186.85217530894	0.8179089544772381	-78729.59344062822
-94616.35863078006	-75192.7994773062	0.8174087043521756	-78739.37230923114
-94590.06927984377	-75198.74606918202	0.816908454227113	-78749.13341040374
-94563.86179195579	-75204.69204649233	0.8164082041020505	-78758.87678715521
-94537.73530381055	-75210.6375047249	0.815907953976988	-78768.60248224543
-94511.6889615219	-75216.58253928456	0.8154077038519255	-78778.31053818681
-94485.72192053974	-75222.52724548559	0.8149074537268629	-78788.00099724649
-94459.83334557762	-75228.47171854156	0.8144072036018004	-78797.67390144822
-94434.0224105654	-75234.41605354981	0.8139069534767379	-78807.32929257423
-94408.28829856125	-75240.36034548524	0.8134067033516753	-78816.96721216726
-94382.63020168916	-75246.30468918869	0.8129064532266128	-78826.58770153247
-94357.04732107498	-75252.24917935557	0.8124062031015503	-78836.19080173915
-94331.53886677403	-75258.1939105268	0.8119059529764877	-78845.77655362284
-94306.1040577069	-75264.13897707811	0.8114057028514252	-78855.344997787
-94280.74212159154	-75270.08447321001	0.8109054527263627	-78864.89617460483
-94255.45229488188	-75276.03049293687	0.8104052026013001	-78874.43012422111
-94230.23382268513	-75281.9771300811	0.8099049524762376	-78883.94688655411
-94205.08595872381	-75287.92447825658	0.8094047023511751	-78893.44650129712
-94180.0079652497	-75293.87263086415	0.8089044522261125	-78902.92900792032
-94154.99911297322	-75299.82168108335	0.80840420210105	-78912.39444567257
-94130.05868101674	-75305.77172185885	0.8079039519759875	-78921.84285358303
-94105.18595684867	-75311.72284589121	0.8074037018509249	-78931.27427046282
-94080.38023620182	-75317.67514563227	0.8069034517258624	-78940.68873490684
-94055.64082302846	-75323.62871327125	0.8064032016007999	-78950.08628529529
-94030.96702941885	-75329.58364073021	0.8059029514757373	-78959.46695979535
-94006.35817555648	-75335.54001965086	0.8054027013506748	-78968.83079636286
-93981.81358964679	-75341.49794138767	0.8049024512256123	-78978.17783274388
-93957.33260784746	-75347.457497001	0.8044022011005497	-78987.50810647623
-93932.91457421826	-75353.41877724574	0.8039019509754872	-78996.82165489119
-93908.55884064833	-75359.38187256538	0.8034017008504247	-79006.11851511497
-93884.26476680193	-75365.34687308186	0.8029014507253622	-79015.39872407021
-93860.03172005853	-75371.3138685871	0.8024012006002996	-79024.66231847765
-93835.85907544034	-75377.28294853764	0.8019009504752371	-79033.90933485754
-93811.74621556142	-75383.25420204419	0.8014007003501746	-79043.13980953112
-93787.69253056271	-75389.22771786488	0.800900450225112	-79052.35377862214
-93763.69741805768	-75395.20358439609	0.8004002001000495	-79061.55127805842
-93739.76028306485	-75401.18188966643	0.799899949974987	-79070.73234357308
-93715.88053794901	-75407.1627213292	0.7993996998499244	-79079.89701070616
-93692.05760236907	-75413.146166653	0.7988994497248619	-79089.045314806
-93668.290903207	-75419.13231251744	0.7983991995997994	-79098.17729103065
-93644.57987452761	-75425.12124540108	0.7978989494747368	-79107.29297434913
-93620.92395749195	-75431.11305138169	0.7973986993496743	-79116.39239954311
-93597.3226003294	-75437.10781612119	0.7968984492246118	-79125.475601208
-93573.77525825833	-75443.10562486424	0.7963981990995492	-79134.5426137544
-93550.28139344377	-75449.10656242768	0.7958979489744867	-79143.59347140946
-93526.84047491962	-75455.11071319882	0.7953976988494242	-79152.62820821824
-93503.4519785588	-75461.11816112182	0.7948974487243616	-79161.64685804487
-93480.11538698849	-75467.12898969854	0.7943971985992991	-79170.64945457407
-93456.83018956313	-75473.14328197429	0.7938969484742366	-79179.63603131227
-93433.59588227326	-75479.16112054058	0.793396698349174	-79188.60662158892
-93410.41196772398	-75485.18258752012	0.7928964482241115	-79197.56125855785
-93387.27795505666	-75491.2077645664	0.792396198099049	-79206.49997519846
-93364.19335990767	-75497.2367328539	0.7918959479739865	-79215.42280431683
-93341.15770433718	-75503.26957307661	0.7913956978489239	-79224.32977854718
-93318.17051679017	-75509.30636543786	0.7908954477238614	-79233.22093035297
-93295.23133203528	-75515.34718964642	0.790395197598799	-79242.09629202809
-93272.339691108	-75521.39212491135	0.7898949474737363	-79250.95589569805
-93249.49514126935	-75527.44124993334	0.7893946973486738	-79259.79977332127
-93226.69723593269	-75533.49464290416	0.7888944472236114	-79268.62795669008
-93203.94553462375	-75539.55238149788	0.7883941970985487	-79277.44047743198
-93181.239602924	-75545.61454286664	0.7878939469734862	-79286.23736701088
-93158.57901242201	-75551.68120363397	0.7873936968484238	-79295.01865672799
-93135.96334065161	-75557.75243989259	0.7868934467233611	-79303.78437772319
-93113.39217105406	-75563.82832719536	0.7863931965982986	-79312.53456097608
-93090.86509290278	-75569.90894055646	0.7858929464732362	-79321.26923730696
-93068.38170128368	-75575.99435443823	0.7853926963481735	-79329.98843737805
-93045.94159701698	-75582.08464275347	0.784892446223111	-79338.6921916946
-93023.5443866108	-75588.17987885968	0.7843921960980486	-79347.38053060592
-93001.18968223006	-75594.2801355488	0.783891945972986	-79356.05348430635
-92978.87710161736	-75600.385485051	0.7833916958479235	-79364.71108283651
-92956.60626806042	-75606.49599902499	0.782891445722861	-79373.35335608422
-92934.37681034161	-75612.61174855406	0.7823911955977984	-79381.98033378548
-92912.1883626802	-75618.73280414421	0.7818909454727359	-79390.59204552576
-92890.0405646907	-75624.85923571751	0.7813906953476734	-79399.18852074067
-92867.93306132666	-75630.99111261021	0.7808904452226108	-79407.76978871718
-92845.86550284136	-75637.12850356621	0.7803901950975483	-79416.33587859463
-92823.83754472254	-75643.27147673765	0.7798899449724858	-79424.88681936564
-92801.84884766616	-75649.4200996749	0.7793896948474233	-79433.42263987708
-92779.89907751231	-75655.57443932752	0.7788894447223607	-79441.94336883113
-92757.9879051996	-75661.73456203999	0.7783891945972982	-79450.44903478622
-92736.11500672223	-75667.90053354655	0.7778889444722357	-79458.93966615786
-92714.28006307661	-75674.07241896991	0.7773886943471731	-79467.41529121979
-92692.48276022632	-75680.25028281425	0.7768884442221106	-79475.8759381048
-92670.72278903778	-75686.43418896687	0.7763881940970481	-79484.32163480564
-92648.99984524454	-75692.62420069198	0.7758879439719855	-79492.752409176
-92627.31362940557	-75698.82038062632	0.775387693846923	-79501.16828893143
-92605.66384684615	-75705.02279077978	0.7748874437218605	-79509.56930165016
-92584.05020761974	-75711.23149253029	0.7743871935967979	-79517.95547477409
-92562.47242646418	-75717.44654662051	0.7738869434717354	-79526.32683560968
-92540.93022275133	-75723.66801315645	0.7733866933466729	-79534.68341132878
-92519.42332044784	-75729.89595160296	0.7728864432216103	-79543.02522896943
-92497.95144806402	-75736.13042078327	0.7723861930965478	-79551.35231543698
-92476.51433861395	-75742.37147887483	0.7718859429714853	-79559.66469750468
-92455.11172956902	-75748.61918340751	0.7713856928464227	-79567.96240181463
-92433.74336281634	-75754.87359126065	0.7708854427213602	-79576.24545487872
-92412.40898461055	-75761.1347586619	0.7703851925962977	-79584.51388307933
-92391.10834553858	-75767.40274118252	0.7698849424712351	-79592.76771267017
-92369.84120046286	-75773.67759373946	0.7693846923461726	-79601.00696977723
-92348.60730849333	-75779.95937058853	0.7688844422211101	-79609.23168039946
-92327.40643293876	-75786.24812532427	0.7683841920960475	-79617.44187040957
-92306.23834125677	-75792.54391088033	0.767883941970985	-79625.63756555501
-92285.10280502569	-75798.8467795233	0.7673836918459225	-79633.81879145859
-92263.99959989102	-75805.15678285436	0.76688344172086	-79641.9855736193
-92242.92850552888	-75811.47397180594	0.7663831915957974	-79650.13793741306
-92221.88930559905	-75817.79839664206	0.7658829414707349	-79658.27590809372
-92200.88178771894	-75824.13010695162	0.7653826913456724	-79666.39951079349
-92179.9057434042	-75830.46915165287	0.7648824412206098	-79674.50877052388
-92158.96096803696	-75836.81557898929	0.7643821910955473	-79682.60371217661
-92138.04726082491	-75843.16943652787	0.7638819409704848	-79690.68436052397
-92117.16442475813	-75849.53077115919	0.7633816908454222	-79698.75074021988
-92096.31226657712	-75855.89962909363	0.7628814407203597	-79706.80287580058
-92075.49059671917	-75862.27605586433	0.7623811905952972	-79714.84079168527
-92054.69922929254	-75868.66009632182	0.7618809404702347	-79722.86451217679
-92033.93798202684	-75875.05179463653	0.7613806903451721	-79730.87406146254
-92013.2066762417	-75881.4511942952	0.7608804402201096	-79738.86946361508
-91992.50513680633	-75887.85833810037	0.7603801900950471	-79746.8507425927
-91971.8331920958	-75894.27326817148	0.7598799399699845	-79754.81792224036
-91951.19067395774	-75900.69602594245	0.759379689844922	-79762.77102629031
-91930.57741767095	-75907.12665216181	0.7588794397198595	-79770.71007836262
-91909.99326191169	-75913.56518689104	0.7583791895947969	-79778.63510196607
-91889.43804871051	-75920.01166950574	0.7578789394697344	-79786.5461204988
-91868.91162342341	-75926.46613869214	0.7573786893446719	-79794.44315724875
-91848.4138346866	-75932.92863244964	0.7568784392196093	-79802.32623539469
-91827.94453437874	-75939.39918809051	0.7563781890945468	-79810.19537800665
-91807.503577589	-75945.87784223801	0.7558779389694843	-79818.05060804657
-91787.09082258414	-75952.36463082516	0.7553776888444217	-79825.89194836901
-91766.70613076331	-75958.85958909742	0.7548774387193592	-79833.7194217219
-91746.34936662475	-75965.36275161162	0.7543771885942967	-79841.53305074692
-91726.02039773375	-75971.87415223474	0.7538769384692342	-79849.33285798038
-91705.71909468106	-75978.393824146	0.7533766883441716	-79857.11886585376
-91685.44533105635	-75984.92179983389	0.7528764382191091	-79864.89109669428
-91665.19898340669	-75991.4581110985	0.7523761880940466	-79872.6495727256
-91644.97993119917	-75998.00278905257	0.751875937968984	-79880.39431606844
-91624.78805679215	-76004.55586411967	0.7513756878439215	-79888.1253487411
-91604.62324539623	-76011.11736603623	0.750875437718859	-79895.84269266018
-91584.4853850468	-76017.68732384943	0.7503751875937964	-79903.54636964107
-91564.3743665613	-76024.26576592082	0.7498749374687339	-79911.23640139868
-91544.29008350865	-76030.85271992542	0.7493746873436713	-79918.91280954784
-91524.23243218342	-76037.44821285005	0.7488744372186088	-79926.57561560412
-91504.20131156029	-76044.05227099774	0.7483741870935463	-79934.22484098421
-91484.19662326227	-76050.66491998799	0.7478739369684837	-79941.86050700663
-91464.2182715403	-76057.28618475348	0.7473736868434212	-79949.48263489224
-91444.26616322667	-76063.9160895453	0.7468734367183587	-79957.0912457648
-91424.34020771104	-76070.55465793093	0.7463731865932961	-79964.68636065155
-91404.44031689991	-76077.20191279818	0.7458729364682336	-79972.26800048386
-91384.56640519827	-76083.8578763512	0.7453726863431711	-79979.83618609766
-91364.7183894598	-76090.5225701176	0.7448724362181085	-79987.39093823392
-91344.89618896793	-76097.19601494548	0.744372186093046	-79994.93227753953
-91325.09972540772	-76103.87823100308	0.7438719359679835	-80002.46022456746
-91305.32892281345	-76110.56923778733	0.743371685842921	-80009.97479977754
-91285.58370756987	-76117.26905411396	0.7428714357178584	-80017.47602353684
-91265.864008347	-76123.97769813074	0.7423711855927959	-80024.96391612042
-91246.169756099	-76130.69518730843	0.7418709354677334	-80032.43849771161
-91226.50088401302	-76137.42153844949	0.7413706853426708	-80039.89978840265
-91206.8573274909	-76144.15676768534	0.7408704352176083	-80047.34780819525
-91187.23902411338	-76150.9008904798	0.7403701850925458	-80054.78257700098
-91167.64591361445	-76157.65392162929	0.7398699349674832	-80062.20411464195
-91148.07793784792	-76164.41587526572	0.7393696848424207	-80069.61244085118
-91128.5350407613	-76171.18676485683	0.7388694347173582	-80077.0075752731
-91109.01716836431	-76177.96660320887	0.7383691845922956	-80084.38953746416
-91089.52426869953	-76184.75540246852	0.7378689344672331	-80091.75834689327
-91070.0562918183	-76191.55317412275	0.7373686843421706	-80099.11402294225
-91050.61318974754	-76198.35992900241	0.736868434217108	-80106.45658490634
-91031.19491646074	-76205.17567728445	0.7363681840920455	-80113.78605199477
-91011.80142785485	-76212.00042849185	0.735867933966983	-80121.10244333111
-90992.43268171388	-76218.8341914987	0.7353676838419204	-80128.40577795384
-90973.08863769822	-76225.676974526	0.7348674337168579	-80135.69607481679
-90953.76925728835	-76232.52878515417	0.7343671835917954	-80142.97335278962
-90934.47450379274	-76239.38963031226	0.7338669334667328	-80150.23763065824
-90915.20434228929	-76246.25951629161	0.7333666833416703	-80157.48892712542
-90895.95873961851	-76253.13844874063	0.7328664332166078	-80164.72726081107
-90876.73766434914	-76260.02643266974	0.7323661830915453	-80171.95265025277
-90857.54108674801	-76266.92347245496	0.7318659329664827	-80179.16511390623
-90838.36897876716	-76273.82957183557	0.7313656828414202	-80186.36467014586
-90819.22131399636	-76280.74473392377	0.7308654327163577	-80193.55133726497
-90800.0980676631	-76287.6689611978	0.7303651825912951	-80200.72513347636
-90780.9992165808	-76294.60225551412	0.7298649324662326	-80207.88607691284
-90761.92473914409	-76301.54461810173	0.7293646823411701	-80215.03418562746
-90742.8746152887	-76308.49604957041	0.7288644322161075	-80222.16947759409
-90723.8488264784	-76315.45654990891	0.728364182091045	-80229.29197070793
-90704.84735566993	-76322.42611849081	0.7278639319659825	-80236.40168278568
-90685.8701872936	-76329.40475407551	0.7273636818409199	-80243.4986315662
-90666.91730722731	-76336.39245481137	0.7268634317158574	-80250.58283471088
-90647.98870277194	-76343.38921823818	0.7263631815907949	-80257.65430980395
-90629.08436262292	-76350.39504129172	0.7258629314657323	-80264.713074353
-90610.20427685961	-76357.4099203015	0.7253626813406698	-80271.75914578946
-90591.34843690388	-76364.43385099997	0.7248624312156073	-80278.79254146878
-90572.51683550925	-76371.46682852063	0.7243621810905447	-80285.81327867108
-90553.70946673008	-76378.50884740383	0.7238619309654822	-80292.82137460148
-90534.9263258998	-76385.55990159875	0.7233616808404197	-80299.8168463904
-90516.16740961255	-76392.61998446484	0.7228614307153571	-80306.79971109408
-90497.43271569793	-76399.68908877551	0.7223611805902947	-80313.76998569495
-90478.72224318869	-76406.76720672491	0.7218609304652323	-80320.72768710203
-90460.03599231418	-76413.85432992454	0.7213606803401696	-80327.67283215118
-90441.37396446204	-76420.95044941301	0.7208604302151072	-80334.60543760579
-90422.73616217254	-76428.05555565224	0.7203601800900447	-80341.52552015692
-90404.12258910201	-76435.16963853635	0.719859929964982	-80348.43309642369
-90385.53325000672	-76442.2926873928	0.7193596798399196	-80355.32818295379
-90366.96815072227	-76449.42469098508	0.7188594297148571	-80362.21079622385
-90348.42729813611	-76456.56563751803	0.7183591795897944	-80369.08095263959
-90329.9107001817	-76463.7155146356	0.717858929464732	-80375.93866853655
-90311.41836579295	-76470.87430943311	0.7173586793396695	-80382.78396018015
-90292.95030490543	-76478.04200845238	0.716858429214607	-80389.61684376626
-90274.50652842093	-76485.21859769044	0.7163581790895444	-80396.4373354214
-90256.08704819757	-76492.40406259902	0.7158579289644819	-80403.24545120331
-90237.6918770198	-76499.59838809147	0.7153576788394194	-80410.0412071011
-90219.32102858351	-76506.80155854429	0.7148574287143568	-80416.82461903572
-90200.97451747433	-76514.01355780112	0.7143571785892943	-80423.59570286036
-90182.65235914667	-76521.23436917661	0.7138569284642318	-80430.35447436065
-90164.35456990812	-76528.46397545842	0.7133566783391692	-80437.10094925517
-90146.08116689585	-76535.70235891233	0.7128564282141067	-80443.83514319574
-90127.83216805157	-76542.9495012879	0.7123561780890442	-80450.5570717677
-90109.60759211505	-76550.20538381726	0.7118559279639816	-80457.26675049037
-90091.40745859913	-76557.4699872209	0.7113556778389191	-80463.96419481732
-90073.23178776275	-76564.74329171462	0.7108554277138566	-80470.64942013675
-90055.08060060538	-76572.02527700788	0.710355177588794	-80477.32244177174
-90036.95391883836	-76579.31592231165	0.7098549274637315	-80483.98327498074
-90018.85176487426	-76586.61520633896	0.709354677338669	-80490.63193495778
-90000.7741617963	-76593.92310731352	0.7088544272136064	-80497.26843683278
-89982.72113335764	-76601.23960296674	0.7083541770885439	-80503.89279567204
-89964.69270394562	-76608.5646705485	0.7078539269634814	-80510.50502647842
-89946.68889857682	-76615.8982868258	0.7073536768384188	-80517.10514419166
-89928.70974287116	-76623.24042809021	0.7068534267133563	-80523.69316368883
-89910.75526304031	-76630.59107015906	0.7063531765882938	-80530.26909978452
-89892.82548586585	-76637.95018838135	0.7058529264632312	-80536.83296723122
-89874.92043868292	-76645.31775764136	0.7053526763381687	-80543.38478071964
-89857.04014936514	-76652.69375236183	0.7048524262131062	-80549.92455487906
-89839.18464630774	-76660.0781465077	0.7043521760880437	-80556.4523042775
-89821.35395840289	-76667.47091359374	0.7038519259629811	-80562.96804342217
-89803.5481150387	-76674.87202668196	0.7033516758379186	-80569.47178675978
-89785.76714606414	-76682.2814583934	0.7028514257128561	-80575.96354867675
-89768.01108178901	-76689.69918090534	0.7023511755877935	-80582.44334349953
-89750.27995295658	-76697.12516596046	0.701850925462731	-80588.91118549508
-89732.57379073293	-76704.55938486825	0.7013506753376685	-80595.36708887086
-89714.89262669077	-76712.00180850962	0.7008504252126059	-80601.81106777543
-89697.23649279069	-76719.45240734232	0.7003501750875434	-80608.2431362986
-89679.60542136768	-76726.91115140404	0.6998499249624809	-80614.66330847167
-89661.99944511807	-76734.37801031578	0.6993496748374183	-80621.07159826785
-89644.41859707783	-76741.8529532889	0.6988494247123558	-80627.46801960253
-89626.8629106126	-76749.33594912694	0.6983491745872933	-80633.85258633348
-89609.33241940578	-76756.8269662287	0.6978489244622307	-80640.2253122612
-89591.82715743253	-76764.32597259733	0.6973486743371682	-80646.58621112925
-89574.34715895314	-76771.83293584119	0.6968484242121057	-80652.9352966245
-89556.89245850137	-76779.34782317665	0.6963481740870431	-80659.2725823773
-89539.46309086015	-76786.87060143711	0.6958479239619806	-80665.59808196199
-89522.05909105737	-76794.40123707276	0.6953476738369181	-80671.91180889698
-89504.68049434488	-76801.93969615774	0.6948474237118555	-80678.21377664508
-89487.32733618535	-76809.4859443947	0.694347173586793	-80684.50399861386
-89469.99965224296	-76817.03994711667	0.6938469234617305	-80690.78248815585
-89452.69747836374	-76824.60166929435	0.693346673336668	-80697.04925856876
-89435.42085056668	-76832.17107553843	0.6928464232116054	-80703.30432309589
-89418.1698050284	-76839.74813010491	0.6923461730865429	-80709.5476949263
-89400.94437807059	-76847.33279689909	0.6918459229614804	-80715.77938719507
-89383.74460614142	-76854.92503948262	0.6913456728364178	-80721.99941298361
-89366.57052581165	-76862.52482107395	0.6908454227113553	-80728.20778532003
-89349.42217375788	-76870.13210455424	0.6903451725862928	-80734.40451717908
-89332.2995867463	-76877.7468524737	0.6898449224612302	-80740.58962148272
-89315.20280162324	-76885.36902705485	0.6893446723361677	-80746.76311110036
-89298.13185530463	-76892.99859019567	0.6888444222111052	-80752.92499884889
-89281.08678475823	-76900.63550347705	0.6883441720860426	-80759.07529749315
-89264.06762699841	-76908.27972816404	0.6878439219609801	-80765.21401974616
-89247.07441906724	-76915.93122521335	0.6873436718359176	-80771.34117826923
-89230.10719802647	-76923.5899552764	0.686843421710855	-80777.45678567237
-89213.16600094514	-76931.25587870403	0.6863431715857925	-80783.56085451454
-89196.2508648883	-76938.92895555095	0.68584292146073	-80789.65339730376
-89179.36182690354	-76946.60914558104	0.6853426713356674	-80795.73442649742
-89162.49892400594	-76954.29640827398	0.6848424212106049	-80801.80395450267
-89145.66219318294	-76961.99070282222	0.6843421710855424	-80807.86199367646
-89128.85167136294	-76969.69198814484	0.6838419209604799	-80813.90855632586
-89112.06739541441	-76977.4002228876	0.6833416708354173	-80819.94365470826
-89095.30940213458	-76985.11536542806	0.6828414207103548	-80825.96730103184
-89078.5777282394	-76992.83737387933	0.6823411705852923	-80831.97950745544
-89061.87241034873	-77000.56620609698	0.6818409204602297	-80837.98028608903
-89045.19348497846	-77008.30181968266	0.6813406703351672	-80843.96964899403
-89028.54098853114	-77016.04417198781	0.6808404202101047	-80849.94760818324
-89011.91495728286	-77023.79322012006	0.6803401700850421	-80855.91417562134
-88995.31542737776	-77031.54892094563	0.6798399199599796	-80861.86936322505
-88978.74243481092	-77039.31123109718	0.6793396698349171	-80867.81318286332
-88962.19601542593	-77047.08010697509	0.6788394197098545	-80873.7456463575
-88945.67620489787	-77054.85550475582	0.678339169584792	-80879.66676548186
-88929.18303873103	-77062.63738039264	0.6778389194597295	-80885.57655196339
-88912.71655224283	-77070.42568962378	0.6773386693346669	-80891.47501748236
-88896.27678055907	-77078.22038797491	0.6768384192096044	-80897.36217367245
-88879.86375860265	-77086.0214307646	0.6763381690845419	-80903.23803212089
-88863.47752108406	-77093.82877310924	0.6758379189594793	-80909.10260436872
-88847.11810249159	-77101.64236992842	0.6753376688344168	-80914.95590191116
-88830.78553708458	-77109.46217594817	0.6748374187093543	-80920.79793619763
-88814.47985888406	-77117.28814570607	0.6743371685842917	-80926.62871863198
-88798.20110166371	-77125.1202335564	0.6738369184592292	-80932.4482605729
-88781.94929893802	-77132.95839367609	0.6733366683341667	-80938.25657333394
-88765.72448396095	-77140.80258006604	0.6728364182091042	-80944.05366818374
-88749.52668971031	-77148.65274655959	0.6723361680840416	-80949.83955634634
-88733.35594888343	-77156.50884682527	0.6718359179589791	-80955.61424900143
-88717.21229388857	-77164.37083437157	0.6713356678339166	-80961.37775728437
-88701.09575683606	-77172.23866255222	0.670835417708854	-80967.13009228648
-88685.00636952848	-77180.112284572	0.6703351675837915	-80972.87126505541
-88668.9441634606	-77187.99165348736	0.669834917458729	-80978.60128659509
-88652.90916980062	-77195.87672221678	0.6693346673336664	-80984.32016786607
-88636.90141939098	-77203.76744354157	0.6688344172086039	-80990.02791978585
-88620.92094273656	-77211.66377011222	0.6683341670835414	-80995.72455322875
-88604.96777000003	-77219.56565445225	0.6678339169584788	-81001.4100790264
-88589.04193099243	-77227.47304896399	0.6673336668334163	-81007.08450796796
-88573.14345516596	-77235.38590593298	0.6668334167083538	-81012.7478508
-88557.27237161146	-77243.30417753078	0.6663331665832912	-81018.40011822704
-88541.42870904123	-77251.22781582488	0.6658329164582287	-81024.04132091168
-88525.61249579531	-77259.15677277636	0.6653326663331662	-81029.67146947456
-88509.82375982463	-77267.09100025034	0.6648324162081036	-81035.29057449485
-88494.06252869012	-77275.03045001747	0.6643321660830411	-81040.8986465104
-88478.32882954943	-77282.9750737619	0.6638319159579786	-81046.49569601765
-88462.62268915963	-77290.92482308182	0.663331665832916	-81052.08173347221
-88446.94413386738	-77298.87964949565	0.6628314157078535	-81057.65676928882
-88431.29318959558	-77306.83950445047	0.662331165582791	-81063.22081384165
-88415.66988184748	-77314.80433932137	0.6618309154577284	-81068.77387746428
-88400.07423569723	-77322.77410541833	0.6613306653326659	-81074.31597045026
-88384.50627578016	-77330.74875399235	0.6608304152076034	-81079.84710305295
-88368.96602629166	-77338.72823623796	0.6603301650825409	-81085.36728548582
-88353.45351097957	-77346.71250329904	0.6598299149574783	-81090.87652792274
-88337.96875314045	-77354.70150627235	0.6593296648324158	-81096.37484049806
-88322.51177560852	-77362.69519621503	0.6588294147073533	-81101.86223330676
-88307.0826007583	-77370.69352414524	0.6583291645822907	-81107.33871640473
-88291.68125049195	-77378.69644105065	0.6578289144572282	-81112.80429980895
-88276.30774623899	-77386.70389789029	0.6573286643321657	-81118.25899349753
-88260.96210894822	-77394.71584560102	0.6568284142071031	-81123.70280741002
-88245.64435908505	-77402.73223510088	0.6563281640820406	-81129.13575144763
-88230.3545166245	-77410.75301729467	0.6558279139569781	-81134.55783547323
-88215.09260104713	-77418.77814307828	0.6553276638319155	-81139.96906931167
-88199.85863133475	-77426.80756334317	0.654827413706853	-81145.36946274998
-88184.65262596458	-77434.84122898137	0.6543271635817905	-81150.75902553735
-88169.47460290634	-77442.87909088944	0.6538269134567279	-81156.13776738555
-88154.32457961727	-77450.9210999733	0.6533266633316654	-81161.50569796894
-88139.20257303584	-77458.96720715363	0.652826413206603	-81166.86282692465
-88124.10859958034	-77467.01736336929	0.6523261630815403	-81172.20916385288
-88109.04267514091	-77475.07151958361	0.6518259129564778	-81177.54471831692
-88094.00481508323	-77483.12962678484	0.6513256628314154	-81182.86949984336
-88078.9950342315	-77491.19163599779	0.6508254127063527	-81188.18351792233
-88064.01334688015	-77499.25749827993	0.6503251625812903	-81193.48678200757
-88049.05976677456	-77507.32716473419	0.6498249124562279	-81198.77930151671
-88034.134307122	-77515.40058650546	0.6493246623311653	-81204.06108583123
-88019.23698057132	-77523.47771479446	0.6488244122061028	-81209.33214429689
-88004.36779922963	-77531.55850085094	0.6483241620810403	-81214.59248622373
-87989.52677463922	-77539.6428959888	0.6478239119559777	-81219.8421208862
-87974.71391778692	-77547.73085158398	0.6473236618309152	-81225.0810575235
-87959.92923909583	-77555.82231908124	0.6468234117058527	-81230.30930533953
-87945.1727484234	-77563.91724999808	0.6463231615807901	-81235.52687350319
-87930.44445505558	-77572.01559593064	0.6458229114557276	-81240.73377114849
-87915.7443677101	-77580.11730855479	0.6453226613306651	-81245.93000737476
-87901.07249452398	-77588.22233963541	0.6448224112056026	-81251.11559124666
-87886.42884306118	-77596.33064102543	0.64432216108054	-81256.29053179453
-87871.81342030231	-77604.4421646742	0.6438219109554775	-81261.45483801448
-87857.22623264256	-77612.5568626312	0.643321660830415	-81266.60851886836
-87842.66728589279	-77620.67468704887	0.6428214107053524	-81271.75158328428
-87828.136585275	-77628.79559018773	0.6423211605802899	-81276.88404015642
-87813.63413541802	-77636.91952442173	0.6418209104552274	-81282.00589834536
-87799.15994035784	-77645.04644224113	0.6413206603301648	-81287.11716667819
-87784.71400353278	-77653.1762962583	0.6408204102051023	-81292.21785394869
-87770.29632778453	-77661.30903921003	0.6403201600800398	-81297.30796891742
-87755.9069153525	-77669.44462396369	0.6398199099549772	-81302.38752031184
-87741.54576787353	-77677.58300352086	0.6393196598299147	-81307.45651682666
-87727.21288638045	-77685.72413102092	0.6388194097048522	-81312.51496712376
-87712.90827129746	-77693.86795974676	0.6383191595797896	-81317.56287983239
-87698.6319224409	-77702.0144431279	0.6378189094547271	-81322.60026354942
-87684.38383901666	-77710.16353474483	0.6373186593296646	-81327.62712683942
-87670.16401961788	-77718.31518833357	0.6368184092046021	-81332.64347823472
-87655.97246222476	-77726.46935778903	0.6363181590795395	-81337.64932623564
-87641.80916420041	-77734.62599717097	0.635817908954477	-81342.64467931076
-87627.67412229184	-77742.78506070614	0.6353176588294145	-81347.62954589672
-87613.56733262632	-77750.94650279412	0.6348174087043519	-81352.60393439868
-87599.48879071367	-77759.11027800941	0.6343171585792894	-81357.56785319041
-87585.43849143945	-77767.27634110827	0.6338169084542269	-81362.52131061423
-87571.41642906921	-77775.44464702996	0.6333166583291643	-81367.46431498132
-87557.42259724492	-77783.61515090233	0.6328164082041018	-81372.3968745719
-87543.45698898127	-77791.78780804714	0.6323161580790393	-81377.31899763523
-87529.51959666835	-77799.96257398196	0.6318159079539767	-81382.23069238976
-87515.61041207363	-77808.1394044228	0.6313156578289142	-81387.13196702344
-87501.72942633054	-77816.3182552938	0.6308154077038517	-81392.02282969355
-87487.87662994959	-77824.49908272462	0.6303151575787891	-81396.90328852716
-87474.05201280814	-77832.68184306001	0.6298149074537266	-81401.7733516211
-87460.25556415664	-77840.86649285918	0.6293146573286641	-81406.63302704199
-87446.48727261466	-77849.05298890232	0.6288144072036015	-81411.48232282656
-87432.74712617032	-77857.24128819433	0.628314157078539	-81416.32124698181
-87419.03511218051	-77865.43134796801	0.6278139069534765	-81421.14980748482
-87405.35121737023	-77873.62312568852	0.6273136568284139	-81425.96801228327
-87391.69542783154	-77881.81657905749	0.6268134067033514	-81430.77586929534
-87378.06772902644	-77890.01166601494	0.6263131565782889	-81435.57338640993
-87364.46810578323	-77898.20834474495	0.6258129064532263	-81440.36057148664
-87350.89654229564	-77906.40657368042	0.6253126563281638	-81445.13743235616
-87337.3530221269	-77914.60631150383	0.6248124062031013	-81449.90397682015
-87323.8375282065	-77922.80751715325	0.6243121560780388	-81454.66021265149
-87310.35004283137	-77931.01014982507	0.6238119059529762	-81459.40614759433
-87296.89054766379	-77939.21416897957	0.6233116558279137	-81464.14178936437
-87283.45902373611	-77947.41953434114	0.6228114057028512	-81468.8671456487
-87270.05545144703	-77955.626205905	0.6223111555777886	-81473.58222410623
-87256.67981056155	-77963.83414394085	0.6218109054527261	-81478.28703236769
-87243.33208021596	-77972.04330899328	0.6213106553276636	-81482.98157803559
-87230.01223891266	-77980.25366188934	0.620810405202601	-81487.66586868458
-87216.72026452389	-77988.46516374001	0.6203101550775385	-81492.33991186155
-87203.45613429126	-77996.67777594397	0.619809904952476	-81497.00371508552
-87190.2198248265	-78004.89146019152	0.6193096548274134	-81501.65728584796
-87177.01131211293	-78013.10617846748	0.6188094047023509	-81506.30063161298
-87163.83057150264	-78021.32189305659	0.6183091545772884	-81510.93375981714
-87150.67757772258	-78029.53856654391	0.6178089044522258	-81515.55667786983
-87137.55230487164	-78037.75616182077	0.6173086543271633	-81520.1693931534
-87124.45472642074	-78045.97464208817	0.6168084042021008	-81524.77191302301
-87111.38481521828	-78054.19397085778	0.6163081540770382	-81529.36424480702
-87098.34254348642	-78062.41411195822	0.6158079039519757	-81533.94639580697
-87085.32788282503	-78070.63502953644	0.6153076538269132	-81538.51837329779
-87072.3408042085	-78078.8566880637	0.6148074037018506	-81543.08018452769
-87059.38127799447	-78087.07905233442	0.6143071535767881	-81547.63183671856
-87046.44927391682	-78095.30208747427	0.6138069034517256	-81552.17333706589
-87033.544761093	-78103.52575893982	0.6133066533266631	-81556.70469273893
-87020.66770802179	-78111.75003252392	0.6128064032016005	-81561.22591088078
-87007.81808258384	-78119.97487435957	0.612306153076538	-81565.7369986086
-86994.99585204823	-78128.20025091959	0.6118059029514755	-81570.23796301355
-86982.20098306795	-78136.42612902382	0.611305652826413	-81574.72881116104
-86969.43344168484	-78144.65247583999	0.6108054027013505	-81579.20955009076
-86956.69319333041	-78152.87925888714	0.6103051525762879	-81583.68018681677
-86943.98020282587	-78161.10644604012	0.6098049024512254	-81588.14072832771
-86931.29443438654	-78169.33400553053	0.6093046523261629	-81592.59118158683
-86918.6358516211	-78177.56190595143	0.6088044022011004	-81597.03155353207
-86906.00441753464	-78185.79011625951	0.6083041520760378	-81601.46185107614
-86893.40009452876	-78194.01860577936	0.6078039019509753	-81605.88208110679
-86880.82284440674	-78202.24734420398	0.6073036518259128	-81610.2922504867
-86868.2726283713	-78210.47630160063	0.6068034017008502	-81614.69236605373
-86855.74940702891	-78218.70544841219	0.6063031515757877	-81619.08243462097
-86843.25314039097	-78226.93475546037	0.6058029014507252	-81623.4624629768
-86830.7837878763	-78235.16419394856	0.6053026513256626	-81627.83245788502
-86818.34130831377	-78243.3937354641	0.6048024012006001	-81632.19242608504
-86805.92565994141	-78251.62335198311	0.6043021510755376	-81636.54237429178
-86793.53680041176	-78259.85301587121	0.603801900950475	-81640.88230919593
-86781.17468679325	-78268.08269988684	0.6033016508254125	-81645.21223746403
-86768.83927557162	-78276.31237718451	0.60280140070035	-81649.53216573848
-86756.5305226518	-78284.54202131771	0.6023011505752874	-81653.84210063767
-86744.24838336135	-78292.77160624099	0.6018009004502249	-81658.14204875616
-86731.99281245215	-78301.00110631305	0.6013006503251624	-81662.43201666466
-86719.76376410367	-78309.23049629861	0.6008004002000998	-81666.71201091014
-86707.56119192415	-78317.4597513722	0.6003001500750373	-81670.98203801602
-86695.3850489526	-78325.68884712069	0.5997998999499748	-81675.24210448214
-86683.23528766427	-78333.91775954416	0.5992996498249122	-81679.49221678489
-86671.11185996923	-78342.14646506097	0.5987993996998497	-81683.73238137734
-86659.01471721666	-78350.37494050922	0.5982991495747872	-81687.96260468935
-86646.94381019859	-78358.6031631483	0.5977988994497248	-81692.18289312751
-86634.89908915276	-78366.83111066135	0.5972986493246621	-81696.39325307535
-86622.88050376062	-78375.05876116104	0.5967983991995996	-81700.59369089354
-86610.88800315518	-78383.286093188	0.5962981490745372	-81704.78421291962
-86598.92153592216	-78391.5130857149	0.5957978989494745	-81708.96482546852
-86586.98105010422	-78399.73971814748	0.595297648824412	-81713.13553483233
-86575.06649319894	-78407.96597033016	0.5947973986993496	-81717.2963472805
-86563.17781216573	-78416.19182254576	0.594297148574287	-81721.44726905992
-86551.31495343041	-78424.41725551662	0.5937968984492245	-81725.58830639506
-86539.47786288284	-78432.6422504103	0.593296648324162	-81729.71946548793
-86527.66648588247	-78440.8667888401	0.5927963981990994	-81733.84075251818
-86515.88076726414	-78449.09085286564	0.5922961480740369	-81737.95217364343
-86504.12065133658	-78457.31442499752	0.5917958979489744	-81742.05373499886
-86492.38608188591	-78465.5374881998	0.5912956478239118	-81746.14544269783
-86480.67700218354	-78473.76002588843	0.5907953976988493	-81750.22730283161
-86468.9933549838	-78481.98202193728	0.5902951475737868	-81754.2993214696
-86457.33508252847	-78490.20346067894	0.5897948974487242	-81758.36150465925
-86445.70212655253	-78498.42432690559	0.5892946473236617	-81762.41385842641
-86434.0944282841	-78506.6446058727	0.5887943971985992	-81766.45638877523
-86422.51192844895	-78514.86428330028	0.5882941470735366	-81770.48910168816
-86410.9545672751	-78523.08334537414	0.5877938969484741	-81774.5120031262
-86399.4222844939	-78531.30177874916	0.5872936468234116	-81778.52509902901
-86387.91501934474	-78539.51957055	0.586793396698349	-81782.52839531461
-86376.43271057788	-78547.73670837392	0.5862931465732865	-81786.52189788001
-86364.97529645795	-78555.95318029201	0.585792896448224	-81790.50561260087
-86353.54271476658	-78564.16897485168	0.5852926463231615	-81794.47954533165
-86342.1349028087	-78572.38408107655	0.5847923961980989	-81798.44370190581
-86330.75179741222	-78580.59848847089	0.5842921460730364	-81802.39808813584
-86319.39333493325	-78588.8121870198	0.5837918959479739	-81806.3427098132
-86308.0594512602	-78597.02516719088	0.5832916458229113	-81810.27757270851
-86296.7500818163	-78605.23741993649	0.5827913956978488	-81814.20268257169
-86285.46516156412	-78613.44893669456	0.5822911455727863	-81818.11804513182
-86274.20462500908	-78621.65970939043	0.5817908954477237	-81822.02366609738
-86262.96840620042	-78629.86973044035	0.5812906453226612	-81825.9195511563
-86251.75643874003	-78638.07899274908	0.5807903951975987	-81829.8057059759
-86240.56865578073	-78646.2874897155	0.5802901450725361	-81833.6821362031
-86229.4049900339	-78654.49521523123	0.5797898949474736	-81837.54884746447
-86218.26537377098	-78662.70216368369	0.5792896448224111	-81841.40584536623
-86207.14973882723	-78670.90832995721	0.5787893946973485	-81845.25313549426
-86196.05801660843	-78679.11370943298	0.578289144572286	-81849.09072341443
-86184.99013809039	-78687.31829799277	0.5777888944472235	-81852.91861467231
-86173.94603382566	-78695.52209201861	0.577288644322161	-81856.73681479348
-86162.92563394515	-78703.7250883956	0.5767883941970984	-81860.5453292835
-86151.92886816573	-78711.92728451056	0.5762881440720359	-81864.34416362809
-86140.9556657898	-78720.12867825611	0.5757878939469734	-81868.13332329292
-86130.0059557112	-78728.32926803068	0.5752876438219108	-81871.9128137239
-86119.07966641997	-78736.52905273919	0.5747873936968483	-81875.68264034732
-86108.1767260042	-78744.72803179528	0.5742871435717858	-81879.44280856957
-86097.29706215588	-78752.92620512149	0.5737868934467232	-81883.19332377746
-86086.44060217352	-78761.12357315127	0.5732866433216607	-81886.93419133835
-86075.60727296714	-78769.32013682897	0.5727863931965982	-81890.66541659986
-86064.79700106129	-78777.51589761213	0.5722861430715356	-81894.38700489029
-86054.00971259945	-78785.71085747187	0.5717858929464731	-81898.0989615185
-86043.24533335	-78793.9050188924	0.5712856428214106	-81901.80129177393
-86032.50378870594	-78802.09838487544	0.570785392696348	-81905.49400092676
-86021.78500369328	-78810.29095893793	0.5702851425712855	-81909.177094228
-86011.08890297233	-78818.48274511454	0.569784892446223	-81912.85057690929
-86000.41541084429	-78826.67374795726	0.5692846423211604	-81916.51445418324
-85989.76445125212	-78834.86397253851	0.5687843921960979	-81920.16873124344
-85979.13594778725	-78843.0534244497	0.5682841420710354	-81923.81341326426
-85968.52982369435	-78851.24210980178	0.5677838919459728	-81927.44850540117
-85957.94600187211	-78859.43003522867	0.5672836418209103	-81931.07401279073
-85947.38440487978	-78867.61720788604	0.5667833916958478	-81934.68994055066
-85936.84495494307	-78875.80363545034	0.5662831415707852	-81938.29629377961
-85926.32757395373	-78883.98932612388	0.5657828914457227	-81941.89307755775
-85915.83218347708	-78892.17428863185	0.5652826413206602	-81945.48029694626
-85905.35870475642	-78900.35853222357	0.5647823911955977	-81949.05795698774
-85894.90705871608	-78908.54206667356	0.5642821410705351	-81952.6260627061
-85884.4771659661	-78916.724902282	0.5637818909454726	-81956.18461910669
-85874.0689468059	-78924.90704987543	0.5632816408204101	-81959.73363117623
-85863.68232122902	-78933.08852080705	0.5627813906953475	-81963.273103883
-85853.31720892804	-78941.26932695671	0.562281140570285	-81966.80304217678
-85842.97352929888	-78949.44948073103	0.5617808904452225	-81970.32345098887
-85832.65120144331	-78957.6289950655	0.5612806403201599	-81973.83433523226
-85822.35014417485	-78965.80788342356	0.5607803901950974	-81977.33569980157
-85812.07027602343	-78973.98615979645	0.5602801400700349	-81980.82754957309
-85801.81151523952	-78982.16383870383	0.5597798899449723	-81984.30988940489
-85791.5737797965	-78990.34093519571	0.5592796398199098	-81987.78272413682
-85781.35698739768	-78998.5174648502	0.5587793896948473	-81991.2460585905
-85771.16105547948	-79006.693443775	0.5582791395697847	-81994.69989756943
-85760.98590121612	-79014.86888860728	0.5577788894447222	-81998.14424585902
-85750.83144152472	-79023.04381651309	0.5572786393196597	-82001.5791082266
-85740.69759306648	-79031.21824519004	0.5567783891945971	-82005.00448942142
-85730.58427225561	-79039.39219286406	0.5562781390695346	-82008.42039417487
-85720.49139526104	-79047.56567829111	0.5557778889444721	-82011.82682720022
-85710.41887801133	-79055.73872075725	0.5552776388194095	-82015.22379319291
-85700.36663619883	-79063.91134007853	0.554777388694347	-82018.61129683044
-85690.33458528506	-79072.08355660041	0.5542771385692845	-82021.9893427725
-85680.32264050441	-79080.25539119806	0.553776888444222	-82025.35793566093
-85670.3307168685	-79088.42686527641	0.5532766383191594	-82028.7170801197
-85660.35872917126	-79096.59800076974	0.5527763881940969	-82032.06678075521
-85650.40659199386	-79104.76882014063	0.5522761380690344	-82035.40704215596
-85640.47421970608	-79112.93934638253	0.5517758879439718	-82038.73786889274
-85630.5615264749	-79121.10960301643	0.5512756378189093	-82042.05926551881
-85620.66842626694	-79129.27961409176	0.5507753876938468	-82045.37123656966
-85610.79483285247	-79137.44940418685	0.5502751375687842	-82048.67378656323
-85600.94065981114	-79145.6189984074	0.5497748874437218	-82051.96691999988
-85591.1058205358	-79153.78842238658	0.5492746373186593	-82055.25064136229
-85581.29022823638	-79161.95770228554	0.5487743871935967	-82058.52495511578
-85571.49379594601	-79170.12686479122	0.5482741370685342	-82061.78986570807
-85561.71643652456	-79178.29593711688	0.5477738869434717	-82065.04537756937
-85551.9580626625	-79186.46494700207	0.5472736368184091	-82068.29149511247
-85542.21858688597	-79194.63392271198	0.5467733866933466	-82071.5282227328
-85532.49792156268	-79202.802893035	0.5462731365682841	-82074.75556480819
-85522.79597890408	-79210.97188728486	0.5457728864432215	-82077.9735256992
-85513.11267097102	-79219.14093529888	0.545272636318159	-82081.18210974909
-85503.44790967774	-79227.31006743724	0.5447723861930965	-82084.3813212836
-85493.80160679754	-79235.47931458213	0.5442721360680339	-82087.57116461126
-85484.17367396582	-79243.64870813768	0.5437718859429714	-82090.75164402326
-85474.56402268639	-79251.8182800282	0.5432716358179089	-82093.92276379354
-85464.97256433342	-79259.98806269889	0.5427713856928463	-82097.08452817862
-85455.39921015881	-79268.15808911368	0.5422711355677838	-82100.23694141798
-85445.84387129404	-79276.3283927557	0.5417708854427213	-82103.38000773375
-85436.30645875554	-79284.49900762601	0.5412706353176587	-82106.51373133075
-85426.78688345163	-79292.66996824103	0.5407703851925962	-82109.63811639677
-85417.28505618365	-79300.84130963407	0.5402701350675337	-82112.75316710233
-85407.80088765133	-79309.01306735365	0.5397698849424711	-82115.85888760071
-85398.3342884581	-79317.18527746231	0.5392696348174086	-82118.95528202815
-85388.88516911588	-79325.3579765348	0.5387693846923461	-82122.04235450366
-85379.45344004751	-79333.53120165913	0.5382691345672836	-82125.1201091291
-85370.03901159375	-79341.70499043333	0.537768884442221	-82128.18854998922
-85360.64179401615	-79349.87938096594	0.5372686343171585	-82131.24768115176
-85351.2616975024	-79358.05441187364	0.536768384192096	-82134.29750666715
-85341.8986321699	-79366.23012228134	0.5362681340670334	-82137.33803056883
-85332.55250807018	-79374.40655182122	0.535767883941971	-82140.36925687327
-85323.22323519523	-79382.58374062928	0.5352676338169085	-82143.39118957963
-85313.91072347996	-79390.76172934634	0.5347673836918458	-82146.40383267014
-85304.61488280755	-79398.9405591161	0.5342671335667833	-82149.40719010997
-85295.33562301293	-79407.12027158422	0.5337668834417209	-82152.40126584713
-85286.0728538897	-79415.30090889537	0.5332666333166582	-82155.38606381268
-85276.8264851907	-79423.48251369497	0.5327663831915957	-82158.36158792059
-85267.59642663608	-79431.66512912471	0.5322661330665333	-82161.32784206775
-85258.38258791655	-79439.84879882232	0.5317658829414706	-82164.28483013407
-85249.18487869584	-79448.03356692164	0.5312656328164082	-82167.23255598238
-85240.00320861832	-79456.21947804857	0.5307653826913457	-82170.17102345849
-85230.8374873109	-79464.40657732163	0.530265132566283	-82173.10023639112
-85221.6876243895	-79472.5949103488	0.5297648824412206	-82176.02019859204
-85212.55352946087	-79480.7845232281	0.5292646323161581	-82178.93091385593
-85203.43511213001	-79488.97546254339	0.5287643821910955	-82181.8323859604
-85194.33228200187	-79497.16777536532	0.528264132066033	-82184.7246186661
-85185.24494868722	-79505.36150924812	0.5277638819409705	-82187.60761571661
-85176.173021807	-79513.55671222808	0.527263631815908	-82190.48138083842
-85167.11641099544	-79521.75343282291	0.5267633816908454	-82193.34591774098
-85158.07502590622	-79529.95172002874	0.5262631315657829	-82196.20123011677
-85149.04877621488	-79538.15162331956	0.5257628814407204	-82199.0473216411
-85140.03757162538	-79546.35319264392	0.5252626313156578	-82201.88419597228
-85131.0413218717	-79554.55647842542	0.5247623811905953	-82204.71185675157
-85122.05993672507	-79562.7615315582	0.5242621310655328	-82207.53030760307
-85113.09332599537	-79570.96840340778	0.5237618809404702	-82210.33955213384
-85104.14139953793	-79579.17714580716	0.5232616308154077	-82213.13959393393
-85095.20406725672	-79587.38781105526	0.5227613806903452	-82215.93043657612
-85086.28123910779	-79595.60045191643	0.5222611305652826	-82218.71208361615
-85077.3728251046	-79603.81512161733	0.5217608804402201	-82221.48453859273
-85068.47873532264	-79612.03187384433	0.5212606303151576	-82224.24780502729
-85059.59887990278	-79620.2507627426	0.520760380190095	-82227.00188642417
-85050.73316905557	-79628.47184291405	0.5202601300650325	-82229.74678627058
-85041.88151306527	-79636.69516941518	0.51975987993997	-82232.48250803653
-85033.04382229484	-79644.92079775437	0.5192596298149074	-82235.20905517478
-85024.22000718967	-79653.14878389049	0.5187593796898449	-82237.92643112101
-85015.40997828222	-79661.37918422988	0.5182591295647824	-82240.63463929361
-85006.61364619466	-79669.61205562575	0.5177588794397199	-82243.3336830937
-84997.8309216451	-79677.84745537427	0.5172586293146573	-82246.02356590521
-84989.06171544944	-79686.08544121428	0.5167583791895948	-82248.70429109481
-84980.3059385284	-79694.32607132228	0.5162581290645323	-82251.37586201179
-84971.56350190919	-79702.56940431264	0.5157578789394697	-82254.0382819882
-84962.83431672968	-79710.81549923513	0.5152576288144072	-82256.6915543388
-84954.11829424417	-79719.06441557106	0.5147573786893447	-82259.3356823609
-84945.41534582622	-79727.31621323193	0.5142571285642821	-82261.9706693345
-84936.72538297279	-79735.57095255738	0.5137568784392196	-82264.59651852224
-84928.04831730845	-79743.82869431212	0.5132566283141571	-82267.21323316927
-84919.38406058941	-79752.08949968393	0.5127563781890945	-82269.82081650331
-84910.73252470768	-79760.35343028094	0.512256128064032	-82272.4192717347
-84902.09362169435	-79768.62054812966	0.5117558779389695	-82275.0086020562
-84893.46726372522	-79776.89091567125	0.5112556278139069	-82277.5888106431
-84884.85336312182	-79785.16459576148	0.5107553776888444	-82280.15990065313
-84876.2518323591	-79793.44165166485	0.5102551275637819	-82282.72187522647
-84867.66258406639	-79801.72214705481	0.5097548774387193	-82285.2747374857
-84859.08553103165	-79810.00614601078	0.5092546273136568	-82287.81849053578
-84850.52058620761	-79818.29371301341	0.5087543771885943	-82290.35313746399
-84841.96766271324	-79826.58491294435	0.5082541270635317	-82292.87868133996
-84833.42667383839	-79834.87981108279	0.5077538769384692	-82295.39512521561
-84824.8975330484	-79843.17847310193	0.5072536268134067	-82297.90247212508
-84816.38015398568	-79851.48096506862	0.5067533766883441	-82300.40072508474
-84807.8744504771	-79859.78735343709	0.5062531265632816	-82302.88988709316
-84799.38033653444	-79868.09770504948	0.5057528764382191	-82305.36996113109
-84790.89772635936	-79876.41208713187	0.5052526263131566	-82307.84095016138
-84782.4265343481	-79884.73056729045	0.504752376188094	-82310.3028571289
-84773.96667509405	-79893.05321351017	0.5042521260630315	-82312.7556849607
-84765.51806339121	-79901.38009415184	0.503751875937969	-82315.19943656577
-84757.08061423954	-79909.71127794764	0.5032516258129064	-82317.63411483502
-84748.65424284687	-79918.04683400044	0.5027513756878439	-82320.05972264144
-84740.23886463356	-79926.38683177918	0.5022511255627814	-82322.47626283976
-84731.83439523568	-79934.73134111706	0.5017508754377188	-82324.88373826671
-84723.4407505087	-79943.08043220817	0.5012506253126563	-82327.28215174074
-84715.05784653264	-79951.43417560308	0.5007503751875938	-82329.67150606216
-84706.68559961164	-79959.79264220978	0.5002501250625313	-82332.05180401291
-84698.32392628244	-79968.15590328594	0.49974987493746875	-82334.42304835672
-84689.97274331431	-79976.52403043931	0.4992496248124062	-82336.78524183895
-84681.63196771464	-79984.89709562263	0.4987493746873437	-82339.13838718651
-84673.30151673126	-79993.27517113189	0.49824912456228115	-82341.48248710796
-84664.98130785632	-80001.65832960256	0.4977488744372186	-82343.8175442933
-84656.67125883025	-80010.04664400636	0.4972486243121561	-82346.14356141406
-84648.37128764467	-80018.44018764811	0.49674837418709356	-82348.46054112312
-84640.08131254544	-80026.83903416368	0.49624812406203106	-82350.76848605485
-84631.80125203652	-80035.24325751554	0.4957478739369685	-82353.06739882477
-84623.53102488433	-80043.65293198932	0.49524762381190596	-82355.35728202987
-84615.27055011889	-80052.06813219239	0.49474737368684346	-82357.6381382483
-84607.0197470396	-80060.48893304811	0.4942471235617809	-82359.9099700393
-84598.77853521623	-80068.9154097952	0.49374687343671836	-82362.17277994331
-84590.54683449405	-80077.34763798259	0.49324662331165586	-82364.4265704819
-84582.32456499632	-80085.7856934667	0.4927463731865933	-82366.67134415757
-84574.11164712768	-80094.22965240807	0.49224612306153076	-82368.90710345379
-84565.90800157763	-80102.67959126788	0.49174587293646826	-82371.13385083502
-84557.71354932267	-80111.13558680564	0.4912456228114057	-82373.35158874652
-84549.52821163058	-80119.5977160745	0.4907453726863432	-82375.5603196143
-84541.35191006398	-80128.06605641771	0.49024512256128067	-82377.76004584519
-84533.1845664821	-80136.54068546681	0.4897448724362181	-82379.95076982678
-84525.02610304444	-80145.02168113692	0.4892446223111556	-82382.1324939271
-84516.87644221443	-80153.50912162344	0.48874437218609307	-82384.30522049488
-84508.73550676205	-80162.00308539883	0.4882441220610305	-82386.46895185935
-84500.60321976659	-80170.50365120926	0.487743871935968	-82388.62369033018
-84492.47950462018	-80179.01089807064	0.48724362181090547	-82390.76943819734
-84484.36428503046	-80187.5249052659	0.4867433716858429	-82392.90619773135
-84476.25748502428	-80196.04575233984	0.4862431215607804	-82395.03397118273
-84468.15902894927	-80204.57351909789	0.48574287143571787	-82397.15276078234
-84460.06884147812	-80213.10828560077	0.4852426213106554	-82399.26256874124
-84451.9868476107	-80221.65013216154	0.4847423711855928	-82401.3633972504
-84443.91297267727	-80230.19913934196	0.4842421210605303	-82403.45524848088
-84435.84714234158	-80238.75538794878	0.4837418709354678	-82405.53812458378
-84427.78928260255	-80247.3189590306	0.4832416208104052	-82407.61202768984
-84419.73931979878	-80255.88993387329	0.4827413706853427	-82409.67695990979
-84411.69718061025	-80264.46839399714	0.4822411205602802	-82411.7329233341
-84403.66279206089	-80273.0544211531	0.4817408704352176	-82413.77992003277
-84395.63608152207	-80281.64809731858	0.4812406203101551	-82415.81795205545
-84387.61697671484	-80290.24950469456	0.4807403701850926	-82417.84702143144
-84379.60540571334	-80298.85872570043	0.48024012006003003	-82419.86713016937
-84371.60129694585	-80307.47584297227	0.4797398699349675	-82421.87828025718
-84363.60457919893	-80316.10093935793	0.479239619809905	-82423.88047366233
-84355.61518161991	-80324.73409791266	0.47873936968484243	-82425.87371233135
-84347.63303371842	-80333.37540189685	0.47823911955977993	-82427.85799818994
-84339.65806537024	-80342.02493477089	0.4777388694347174	-82429.83333314293
-84331.69020681865	-80350.68278019273	0.47723861930965483	-82431.79971907422
-84323.72938867811	-80359.34902201238	0.47673836918459234	-82433.75715784647
-84315.77554193539	-80368.02374426989	0.4762381190595298	-82435.7056513013
-84307.82859795341	-80376.70703119022	0.47573786893446723	-82437.64520125916
-84299.8884884728	-80385.39896717959	0.47523761880940474	-82439.57580951905
-84291.95514561479	-80394.09963682192	0.47473736868434224	-82441.49747785869
-84284.02850188273	-80402.80912487538	0.4742371185592797	-82443.41020803431
-84276.10849016538	-80411.52751626757	0.4737368684342172	-82445.31400178057
-84268.19504373903	-80420.25489609197	0.47323661830915464	-82447.20886081051
-84260.28809626953	-80428.99134960429	0.47273636818409215	-82449.09478681548
-84252.38758181466	-80437.73696221823	0.47223611805902965	-82450.97178146498
-84244.49343482617	-80446.49181950213	0.4717358679339671	-82452.83984640667
-84236.60559015237	-80455.25600717429	0.4712356178089045	-82454.69898326625
-84228.72398304049	-80464.029611099	0.47073536768384205	-82456.54919364733
-84220.84854913793	-80472.81271728355	0.4702351175587795	-82458.39047913137
-84212.97922449543	-80481.60541187314	0.469734867433717	-82460.22284127766
-84205.11594556828	-80490.40778114791	0.46923461730865446	-82462.04628162314
-84197.25864921912	-80499.2199115179	0.4687343671835919	-82463.86080168233
-84189.40727271957	-80508.04188951997	0.4682341170585294	-82465.66640294727
-84181.56175375274	-80516.87380181288	0.46773386693346686	-82467.46308688742
-84173.72203041437	-80525.71573517428	0.46723361680840436	-82469.25085494951
-84165.88804121516	-80534.56777649645	0.4667333666833418	-82471.02970855756
-84158.05972508356	-80543.43001278127	0.46623311655827926	-82472.79964911271
-84150.23702136605	-80552.30253113784	0.46573286643321676	-82474.56067799313
-84142.41986983108	-80561.18541877621	0.4652326163081542	-82476.31279655393
-84134.60821066846	-80570.0787630063	0.46473236618309166	-82478.05600612711
-84126.8019844933	-80578.98265123107	0.46423211605802917	-82479.79030802139
-84119.00113234694	-80587.8971709437	0.4637318659329666	-82481.51570352212
-84111.20559569847	-80596.82240972387	0.46323161580790406	-82483.23219389132
-84103.41531644679	-80605.75845523295	0.46273136568284157	-82484.93978036735
-84095.6302369228	-80614.70539520972	0.462231115557779	-82486.63846416498
-84087.85029989028	-80623.66331746712	0.46173086543271646	-82488.32824647528
-84080.07544854721	-80632.6323098884	0.46123061530765397	-82490.00912846546
-84072.30562652934	-80641.61246042079	0.4607303651825914	-82491.68111127873
-84064.54077790928	-80650.60385707454	0.4602301150575288	-82493.34419603436
-84056.7808472	-80659.6065879162	0.45972986493246637	-82494.9983838274
-84049.02577935536	-80668.62074106594	0.4592296148074038	-82496.6436757287
-84041.27551977185	-80677.64640469309	0.4587293646823412	-82498.28007278475
-84033.53001429018	-80686.6836670118	0.45822911455727877	-82499.90757601755
-84025.78920919694	-80695.73261627663	0.4577288644322162	-82501.52618642451
-84018.05305122538	-80704.79334077956	0.4572286143071537	-82503.13590497851
-84010.32148755703	-80713.86592884503	0.4567283641820912	-82504.73673262754
-84002.59446582386	-80722.95046882503	0.4562281140570286	-82506.32867029464
-83994.87193410796	-80732.04704909737	0.4557278639319661	-82507.91171887802
-83987.1538409451	-80741.15575805814	0.4552276138069036	-82509.48587925069
-83979.44013532386	-80750.27668412062	0.4547273636818411	-82511.05115226045
-83971.73076668759	-80759.40991570987	0.45422711355677853	-82512.60753872972
-83964.02568493669	-80768.55554125799	0.453726863431716	-82514.15503945565
-83956.32484042799	-80777.71364920119	0.4532266133066535	-82515.69365520964
-83948.62818397746	-80786.88432797455	0.45272636318159093	-82517.22338673752
-83940.93566686042	-80796.06766600869	0.4522261130565284	-82518.74423475939
-83933.24724081288	-80805.26375172511	0.4517258629314659	-82520.25619996933
-83925.56285803279	-80814.47267353207	0.45122561280640333	-82521.75928303547
-83917.8824711808	-80823.69451982094	0.4507253626813408	-82523.25348459989
-83910.20603338123	-80832.92937896146	0.4502251125562783	-82524.73880527828
-83902.53349822381	-80842.17733929721	0.44972486243121573	-82526.21524566002
-83894.8648197631	-80851.43848914333	0.44922461230615324	-82527.68280630809
-83887.19995252129	-80860.7129167795	0.4487243621810907	-82529.14148775872
-83879.53885148745	-80870.00071044858	0.44822411205602813	-82530.59129052155
-83871.88147211914	-80879.30195835084	0.44772386193096564	-82532.0322150793
-83864.22777034393	-80888.61674863938	0.4472236118059031	-82533.46426188777
-83856.57770255812	-80897.94516941826	0.44672336168084054	-82534.88743137558
-83848.93122563018	-80907.28730873545	0.44622311155577804	-82536.30172394429
-83841.28829689886	-80916.6432545813	0.4457228614307155	-82537.70713996793
-83833.64887417601	-80926.01309488251	0.44522261130565294	-82539.10367979322
-83826.0129157464	-80935.39691749866	0.44472236118059044	-82540.49134373927
-83818.38038036782	-80944.79481021856	0.4442221110555279	-82541.8701320974
-83810.75122727257	-80954.20686075548	0.4437218609304654	-82543.24004513117
-83803.12541616788	-80963.63315674296	0.44322161080540284	-82544.6010830761
-83795.50290723586	-80973.0737857316	0.4427213606803403	-82545.95324613967
-83787.8836611349	-80982.52883518358	0.4422211105552778	-82547.29653450109
-83780.26763899944	-80991.99839246966	0.44172086043021525	-82548.6309483112
-83772.65480244128	-81001.48254486431	0.4412206103051527	-82549.95648769246
-83765.04511354829	-81010.98137954298	0.4407203601800902	-82551.27315273855
-83757.43853488751	-81020.49498357529	0.44022011005502765	-82552.58094351445
-83749.83502950276	-81030.02344392444	0.4397198599299651	-82553.87986005636
-83742.2345609166	-81039.56684744044	0.4392196098049026	-82555.16990237129
-83734.63709313046	-81049.12528085697	0.43871935967984005	-82556.45107043718
-83727.04259062448	-81058.6988307876	0.4382191095547775	-82557.72336420271
-83719.45101835835	-81068.28758372088	0.437718859429715	-82558.98678358707
-83711.86234177057	-81077.89162601752	0.43721860930465245	-82560.24132847984
-83704.2765267797	-81087.51104390547	0.43671835917958995	-82561.48699874108
-83696.69353978396	-81097.14592347573	0.4362181090545274	-82562.72379420078
-83689.11334766154	-81106.7963506788	0.43571785892946485	-82563.95171465905
-83681.53591777036	-81116.46241132109	0.43521760880440236	-82565.170759886
-83673.96121794876	-81126.1441910595	0.4347173586793398	-82566.38092962121
-83666.38921651486	-81135.84177539889	0.43421710855427725	-82567.58222357406
-83658.81988226704	-81145.55524968742	0.43371685842921476	-82568.77464142336
-83651.2531844836	-81155.28469911273	0.4332166083041522	-82569.95818281718
-83643.68909292306	-81165.03020869746	0.43271635817908966	-82571.1328473727
-83636.12757782395	-81174.79186329595	0.43221610805402716	-82572.29863467628
-83628.56860990393	-81184.56974759087	0.4317158579289646	-82573.45554428303
-83621.01216036156	-81194.36394608684	0.4312156078039021	-82574.60357571683
-83613.45820087356	-81204.17454310987	0.43071535767883956	-82575.74272847008
-83605.90670359686	-81214.00162280086	0.430215107553777	-82576.87300200379
-83598.35764116717	-81223.84526911267	0.4297148574287145	-82577.99439574705
-83590.81098669887	-81233.70556580638	0.42921460730365196	-82579.10690909719
-83583.26671378479	-81243.5825964475	0.4287143571785894	-82580.21054141957
-83575.72479649633	-81253.47644440095	0.4282141070535269	-82581.30529204728
-83568.18520938218	-81263.38719282906	0.42771385692846436	-82582.39116028117
-83560.64792746845	-81273.31492468671	0.4272136068034018	-82583.4681453896
-83553.11292625873	-81283.25972271695	0.4267133566783393	-82584.53624660833
-83545.58018173283	-81293.22166944823	0.42621310655327677	-82585.5954631403
-83538.04967034642	-81303.2008471908	0.42571285642821427	-82586.64579415561
-83530.52136903105	-81313.1973380317	0.4252126063031517	-82587.6872387912
-83522.99525519308	-81323.21122383198	0.4247123561780892	-82588.71979615078
-83515.47130671331	-81333.24258622303	0.4242121060530267	-82589.74346530472
-83507.94950194641	-81343.29150660217	0.4237118559279642	-82590.75824528979
-83500.4298197203	-81353.35806612943	0.4232116058029016	-82591.76413510906
-83492.91223933533	-81363.44234572408	0.42271135567783913	-82592.76113373178
-83485.39674056377	-81373.54442606033	0.4222111055527766	-82593.74924009308
-83477.88330364894	-81383.66438756425	0.421710855427714	-82594.72845309397
-83470.37190930462	-81393.80231041001	0.42121060530265153	-82595.69877160114
-83462.86253871408	-81403.95827451618	0.420710355177589	-82596.66019444673
-83455.35517352927	-81414.1323595422	0.42021010505252643	-82597.61272042815
-83447.84979587028	-81424.32464488472	0.41970985492746393	-82598.55634830806
-83440.3463883243	-81434.53520967424	0.4192096048024014	-82599.49107681417
-83432.84493394442	-81444.76413277144	0.4187093546773389	-82600.41690463887
-83425.3454162492	-81455.01149276368	0.41820910455227633	-82601.33383043934
-83417.84781922115	-81465.27736796193	0.4177088544272138	-82602.24185283724
-83410.35212730648	-81475.5618363965	0.4172086043021513	-82603.14097041858
-83402.85832541349	-81485.86497581405	0.4167083541770888	-82604.03118173349
-83395.36639891137	-81496.18686367488	0.41620810405202624	-82604.91248529618
-83387.87633362974	-81506.52757714818	0.41570785392696374	-82605.78487958464
-83380.3881158574	-81516.88719310932	0.4152076038019012	-82606.64836304053
-83372.90173234064	-81527.26578813695	0.41470735367683864	-82607.50293406908
-83365.41717028264	-81537.66343850899	0.41420710355177615	-82608.34859103872
-83357.934417342	-81548.08022019971	0.4137068534267136	-82609.18533228114
-83350.45346163196	-81558.51620887597	0.413206603301651	-82610.01315609096
-83342.97429171822	-81568.97147989493	0.41270635317658855	-82610.83206072562
-83335.49689661864	-81579.44610829986	0.412206103051526	-82611.64204440519
-83328.02126580139	-81589.94016881734	0.4117058529264634	-82612.44310531221
-83320.54738918357	-81600.45373585443	0.41120560280140095	-82613.2352415915
-83313.07525713027	-81610.98688349462	0.4107053526763384	-82614.01845134996
-83305.6048604528	-81621.53968549563	0.4102051025512759	-82614.79273265647
-83298.13619040712	-81632.11221528616	0.40970485242621335	-82615.55808354166
-83290.6692386929	-81642.70454596211	0.4092046023011508	-82616.31450199767
-83283.20399745172	-81653.31675028436	0.4087043521760883	-82617.06198597811
-83275.7404592653	-81663.9489006757	0.40820410205102575	-82617.8005333978
-83268.27861715449	-81674.60106921733	0.40770385192596326	-82618.53014213259
-83260.8184645776	-81685.27332764583	0.4072036018009007	-82619.25081001909
-83253.35999542817	-81695.9657473517	0.40670335167583815	-82619.9625348548
-83245.903204034	-81706.67839937466	0.40620310155077566	-82620.66531439748
-83238.44808515545	-81717.4113544015	0.4057028514257131	-82621.35914636533
-83230.99463398354	-81728.16468276366	0.40520260130065056	-82622.04402843672
-83223.54284613825	-81738.9384544337	0.40470235117558806	-82622.71995824981
-83216.09271766673	-81749.73273902321	0.4042021010505255	-82623.38693340261
-83208.64424504185	-81760.54760577965	0.40370185092546296	-82624.04495145276
-83201.19742515995	-81771.38312358376	0.40320160080040046	-82624.69400991712
-83193.75225533928	-81782.23936094705	0.4027013506753379	-82625.33410627187
-83186.30873331823	-81793.11638600899	0.40220110055027536	-82625.96523795223
-83178.86685725309	-81804.01426653445	0.40170085042521286	-82626.5874023521
-83171.42662571686	-81814.93306991059	0.4012006003001503	-82627.2005968241
-83163.98803769611	-81825.87286314611	0.4007003501750877	-82627.80481867933
-83156.55109259022	-81836.83371286662	0.40020010005002526	-82628.40006518707
-83149.11579020885	-81847.81568531296	0.3996998499249627	-82628.98633357462
-83141.68213076977	-81858.81884633967	0.3991995997999001	-82629.56362102728
-83134.25011489709	-81869.84326141143	0.39869934967483767	-82630.13192468794
-83126.81974361923	-81880.8889956008	0.3981990995497751	-82630.69124165691
-83119.39101836659	-81891.95611358678	0.3976988494247126	-82631.24156899193
-83111.96394096958	-81903.04467965166	0.39719859929965007	-82631.78290370773
-83104.5385136562	-81914.15475767935	0.3966983491745875	-82632.31524277593
-83097.1147390505	-81925.28641115247	0.396198099049525	-82632.83858312492
-83089.6926201694	-81936.43970315151	0.39569784892446247	-82633.35292163955
-83082.27216042158	-81947.61469635068	0.3951975987994	-82633.85825516094
-83074.85336360412	-81958.81145301802	0.3946973486743374	-82634.35458048635
-83067.43623390124	-81970.03003501172	0.39419709854927487	-82634.841894369
-83060.02077588087	-81981.27050377928	0.3936968484242124	-82635.3201935177
-83052.60699449365	-81992.53292035413	0.3931965982991498	-82635.78947459687
-83045.19489506922	-82003.81734535558	0.3926963481740873	-82636.24973422619
-83037.78448331483	-82015.12383898522	0.3921960980490248	-82636.70096898045
-83030.37576531235	-82026.4524610261	0.3916958479239622	-82637.14317538931
-83022.96874751608	-82037.80327084074	0.3911955977988997	-82637.57634993723
-83015.5634367503	-82049.17632736893	0.3906953476738372	-82638.00048906302
-83008.15984020656	-82060.57168912668	0.3901950975487746	-82638.41558915988
-83000.75796544152	-82071.98941420406	0.389694847423712	-82638.82164657509
-82993.35782037399	-82083.42956026386	0.3891945972986496	-82639.21865760976
-82985.95941328259	-82094.89218453996	0.38869434717358703	-82639.6066185187
-82978.56275280334	-82106.37734383557	0.38819409704852453	-82639.9855255102
-82971.16784792658	-82117.88509452213	0.387693846923462	-82640.35537474576
-82963.77470799487	-82129.41549253734	0.38719359679839943	-82640.71616233999
-82956.38334269966	-82140.96859338484	0.38669334667333694	-82641.06788436031
-82948.9937620794	-82152.54445213116	0.3861930965482744	-82641.41053682675
-82941.60597651603	-82164.14312340609	0.38569284642321183	-82641.74411571174
-82934.21999673286	-82175.7646614005	0.38519259629814934	-82642.06861694001
-82926.83583379156	-82187.40911986544	0.3846923461730868	-82642.38403638826
-82919.45349908926	-82199.07655211056	0.38419209604802423	-82642.69036988483
-82912.07300435596	-82210.76701100377	0.38369184592296174	-82642.98761320983
-82904.69436165145	-82222.48054896982	0.3831915957978992	-82643.2757620946
-82897.31758336276	-82234.21721798883	0.3826913456728367	-82643.55481222166
-82889.94268220098	-82245.97706959608	0.38219109554777414	-82643.82475922442
-82882.56967119867	-82257.76015488069	0.3816908454227116	-82644.0855986871
-82875.19856370646	-82269.56652448495	0.3811905952976491	-82644.33732614429
-82867.82937339069	-82281.3962286032	0.38069034517258654	-82644.5799370809
-82860.46211423	-82293.24931698154	0.380190095047524	-82644.81342693194
-82853.09680051242	-82305.12583891684	0.3796898449224615	-82645.03779108218
-82845.73344683253	-82317.02584325615	0.37918959479739894	-82645.25302486609
-82838.37206808821	-82328.94937839614	0.3786893446723364	-82645.4591235675
-82831.01267947772	-82340.8964922825	0.3781890945472739	-82645.65608241939
-82823.6552964965	-82352.86723240955	0.37768884442221135	-82645.84389660372
-82816.29993493407	-82364.8616458201	0.37718859429714885	-82646.02256125126
-82808.94661087109	-82376.87977910419	0.3766883441720863	-82646.19207144114
-82801.59534067608	-82388.9216783996	0.37618809404702375	-82646.35242220089
-82794.24614100203	-82400.9873893917	0.37568784392196125	-82646.5036085061
-82786.89902878353	-82413.07695731244	0.3751875937968987	-82646.64562528013
-82779.5540212336	-82425.19042694081	0.37468734367183615	-82646.77846739403
-82772.21113584004	-82437.32784260281	0.37418709354677365	-82646.90212966622
-82764.87039036256	-82449.48924817095	0.3736868434217111	-82647.01660686225
-82757.53180282946	-82461.67468706463	0.37318659329664855	-82647.12189369461
-82750.19539153397	-82473.88420225048	0.37268634317158605	-82647.21798482252
-82742.86117503146	-82486.11783624206	0.3721860930465235	-82647.30487485172
-82735.52917213592	-82498.3756310997	0.371685842921461	-82647.38255833407
-82728.19940191609	-82510.65762843234	0.37118559279639846	-82647.45102976754
-82720.87188369312	-82522.9638693958	0.3706853426713359	-82647.51028359591
-82713.54663703611	-82535.29439469495	0.3701850925462734	-82647.56031420847
-82706.2236817593	-82547.64924458311	0.36968484242121086	-82647.60111593979
-82698.90303791867	-82560.02845886284	0.3691845922961483	-82647.63268306965
-82691.5847258081	-82572.4320768867	0.3686843421710858	-82647.65500982257
-82684.26876595606	-82584.8601375579	0.36818409204602326	-82647.66809036775
-82676.95517912244	-82597.31267933067	0.3676838419209607	-82647.67191881881
-82669.64398629447	-82609.78974021139	0.3671835917958982	-82647.66648923345
-82662.33520868361	-82622.2913577593	0.36668334167083566	-82647.65179561332
-82655.02886772188	-82634.81756908754	0.36618309154577316	-82647.6278319038
-82647.7249850582	-82647.36841086374	0.3656828414207106	-82647.59459199359
-82640.42358255491	-82659.94391931173	0.36518259129564806	-82647.55206971473
-82633.12468228424	-82672.54413021196	0.36468234117058557	-82647.50025884216
-82625.82830652446	-82685.16907890305	0.364182091045523	-82647.43915309355
-82618.53447775643	-82697.81880028307	0.36368184092046046	-82647.36874612905
-82611.24321865989	-82710.49332881077	0.36318159079539797	-82647.2890315511
-82603.95455210979	-82723.19269850677	0.3626813406703354	-82647.2000029041
-82596.6685011726	-82735.9169429553	0.36218109054527287	-82647.10165367418
-82589.38508910248	-82748.6660953059	0.36168084042021037	-82646.99397728911
-82582.10433933783	-82761.44018827443	0.3611805902951479	-82646.87696711783
-82574.82627549735	-82774.23925414502	0.3606803401700853	-82646.75061647032
-82567.55092137633	-82787.06332477207	0.3601800900450228	-82646.6149185974
-82560.27830094284	-82799.91243158182	0.3596798399199603	-82646.46986669043
-82553.00843833401	-82812.78660557412	0.3591795897948978	-82646.31545388099
-82545.74135785215	-82825.68587732465	0.35867933966983523	-82646.15167324073
-82538.47708396123	-82838.61027698667	0.3581790895447727	-82645.97851778124
-82531.21564128228	-82851.55983429376	0.3576788394197102	-82645.79598045348
-82523.95705459059	-82864.53457856082	0.35717858929464763	-82645.60405414774
-82516.70134881116	-82877.5345386876	0.3566783391695851	-82645.40273169355
-82509.44854901484	-82890.55974316013	0.3561780890445226	-82645.19200585899
-82502.19868041457	-82903.61022005393	0.35567783891946003	-82644.97186935083
-82494.95176836166	-82916.68599703579	0.3551775887943975	-82644.7423148142
-82487.7078383417	-82929.78710136615	0.354677338669335	-82644.50333483212
-82480.46691597038	-82942.913559903	0.35417708854427243	-82644.2549219255
-82473.22902698997	-82956.06539910333	0.3536768384192099	-82643.99706855282
-82465.99419726519	-82969.24264502643	0.3531765882941474	-82643.72976710983
-82458.76245277903	-82982.44532333678	0.35267633816908484	-82643.45300992922
-82451.53381962917	-82995.67345930704	0.3521760880440223	-82643.16678928061
-82444.30832402369	-83008.92707782084	0.3516758379189598	-82642.87109737007
-82437.08599227693	-83022.2062033763	0.35117558779389724	-82642.56592633984
-82429.86685080604	-83035.5108600888	0.35067533766883474	-82642.25126826837
-82422.65092612617	-83048.84107169481	0.3501750875437722	-82641.92711516972
-82415.43824484716	-83062.19686155443	0.34967483741870964	-82641.59345899342
-82408.22883366887	-83075.57825265593	0.34917458729364714	-82641.25029162432
-82401.02271937761	-83088.98526761832	0.3486743371685846	-82640.89760488225
-82393.81992884156	-83102.41792869553	0.3481740870435221	-82640.53539052159
-82386.6204890072	-83115.87625777989	0.34767383691845954	-82640.16364023132
-82379.4244268948	-83129.36027640608	0.347173586793397	-82639.78234563458
-82372.23176959448	-83142.87000575488	0.3466733366683345	-82639.3914982884
-82365.04254426203	-83156.40546665704	0.34617308654327195	-82638.99108968342
-82357.85677811492	-83169.96667959772	0.3456728364182094	-82638.5811112438
-82350.6744984279	-83183.55366472018	0.3451725862931469	-82638.1615543267
-82343.49573252909	-83197.16644183015	0.34467233616808435	-82637.73241022215
-82336.32050779555	-83210.80503040079	0.3441720860430218	-82637.29367015293
-82329.14885164944	-83224.46944957561	0.3436718359179593	-82636.8453252739
-82321.98079155364	-83238.15971817455	0.34317158579289675	-82636.38736667216
-82314.81635500745	-83251.8758546978	0.3426713356678342	-82635.91978536658
-82307.65556954268	-83265.61787733031	0.3421710855427717	-82635.44257230744
-82300.49846271909	-83279.38580394721	0.34167083541770915	-82634.95571837632
-82293.34506212061	-83293.17965211811	0.34117058529264666	-82634.45921438589
-82286.19539535075	-83306.99943911201	0.3406703351675841	-82633.95305107933
-82279.04949002845	-83320.84518190302	0.34017008504252155	-82633.43721913036
-82271.90737378402	-83334.71689717482	0.33966983491745906	-82632.91170914288
-82264.76907425464	-83348.61460132619	0.3391695847923965	-82632.3765116506
-82257.63461908021	-83362.53831047649	0.33866933466733395	-82631.83161711687
-82250.50403589926	-83376.4880404706	0.33816908454227146	-82631.27701593439
-82243.37735234444	-83390.46380688515	0.3376688344172089	-82630.71269842496
-82236.25459603839	-83404.46562503299	0.33716858429214636	-82630.13865483897
-82229.13579458938	-83418.49350997068	0.33666833416708386	-82629.55487535558
-82222.02097558705	-83432.54747650273	0.3361680840420213	-82628.96135008197
-82214.91016659825	-83446.62753918792	0.3356678339169588	-82628.35806905331
-82207.80339516242	-83460.73371234602	0.33516758379189626	-82627.74502223247
-82200.70068878784	-83474.86601006289	0.3346673336668337	-82627.1221995097
-82193.6020749467	-83489.02444619738	0.3341670835417712	-82626.4895907023
-82186.50758107119	-83503.20903438752	0.33366683341670866	-82625.84718555442
-82179.41723454923	-83517.41978805664	0.3331665832916461	-82625.19497373678
-82172.3310627198	-83531.65672042032	0.3326663331665836	-82624.53294484629
-82165.24909286902	-83545.91984449259	0.33216608304152107	-82623.86108840581
-82158.17135222549	-83560.20917309326	0.3316658329164585	-82623.17939386397
-82151.09786795639	-83574.52471885375	0.331165582791396	-82622.48785059473
-82144.02866716252	-83588.86649422527	0.33066533266633347	-82621.78644789713
-82136.96377687472	-83603.23451148483	0.33016508254127097	-82621.07517499512
-82129.9032240489	-83617.62878274282	0.3296648324162084	-82620.35402103704
-82122.8470355621	-83632.04931995033	0.32916458229114587	-82619.6229750956
-82115.79523820801	-83646.49613490643	0.3286643321660834	-82618.88202616743
-82108.74785869259	-83660.96923926543	0.3281640820410208	-82618.13116317271
-82101.70492362989	-83675.46864454463	0.32766383191595827	-82617.37037495514
-82094.66645953752	-83689.99436213232	0.3271635817908958	-82616.5996502814
-82087.63249283246	-83704.54640329485	0.3266633316658332	-82615.81897784094
-82080.6030498267	-83719.12477918502	0.32616308154077067	-82615.02834624573
-82073.57815672286	-83733.72950085018	0.3256628314157082	-82614.22774402995
-82066.5578396098	-83748.36057923995	0.3251625812906456	-82613.41715964962
-82059.54212445838	-83763.0180252148	0.32466233116558313	-82612.59658148236
-82052.53103711709	-83777.70184955427	0.32416208104052063	-82611.7659978271
-82045.52460330783	-83792.41206296514	0.3236618309154581	-82610.92539690377
-82038.52284862119	-83807.14867609086	0.3231615807903956	-82610.07476685301
-82031.52579851262	-83821.91169951898	0.32266133066533303	-82609.21409573579
-82024.53347829786	-83836.70114379108	0.3221610805402705	-82608.3433715333
-82017.54591314841	-83851.51701941107	0.321660830415208	-82607.46258214636
-82010.56312808767	-83866.35933685432	0.32116058029014544	-82606.57171539542
-82003.58514798619	-83881.228106577	0.3206603301650829	-82605.67075902005
-81996.61199755754	-83896.12333902511	0.3201600800400204	-82604.75970067873
-81989.64370135403	-83911.04504464392	0.31965982991495784	-82603.83852794845
-81982.6802837623	-83925.99323388762	0.3191595797898953	-82602.90722832456
-81975.72176899908	-83940.96791722861	0.3186593296648328	-82601.9657892203
-81968.76818110673	-83955.96910516772	0.31815907953977024	-82601.01419796655
-81961.81954394927	-83970.99680824358	0.31765882941470774	-82600.05244181164
-81954.87588120774	-83986.05103704275	0.3171585792896452	-82599.0805079208
-81947.93721637606	-84001.13180221009	0.31665832916458264	-82598.09838337603
-81941.00357275672	-84016.23911445875	0.31615807903952015	-82597.10605517577
-81934.07497345658	-84031.37298458026	0.3156578289144576	-82596.10351023449
-81927.15144138249	-84046.53342345546	0.31515757878939504	-82595.09073538247
-81920.23299923708	-84061.72044206485	0.31465732866433255	-82594.06771736548
-81913.31966951449	-84076.9340514994	0.31415707853927	-82593.03444284441
-81906.41147449602	-84092.17426297115	0.31365682841420744	-82591.99089839493
-81899.50843624612	-84107.44108782458	0.31315657828914495	-82590.93707050731
-81892.61057660794	-84122.73453754731	0.3126563281640824	-82589.87294558599
-81885.71791719909	-84138.0546237815	0.3121560780390199	-82588.79850994918
-81878.83047940761	-84153.40135833519	0.31165582791395735	-82587.71374982876
-81871.9482843876	-84168.77475319384	0.3111555777888948	-82586.61865136983
-81865.0713530551	-84184.17482053155	0.3106553276638323	-82585.51320063033
-81858.1997060837	-84199.60157272354	0.31015507753876975	-82584.3973835808
-81851.3333639007	-84215.05502235718	0.3096548274137072	-82583.27118610409
-81844.47234668261	-84230.53518224446	0.3091545772886447	-82582.13459399488
-81837.61667435111	-84246.04206543398	0.30865432716358215	-82580.98759295949
-81830.76636656902	-84261.57568522345	0.3081540770385196	-82579.8301686156
-81823.92144273581	-84277.13605517146	0.3076538269134571	-82578.66230649165
-81817.08192198389	-84292.72318911071	0.30715357678839456	-82577.48399202684
-81810.24782317421	-84308.33710116026	0.30665332666333206	-82576.29521057064
-81803.41916489218	-84323.97780573834	0.3061530765382695	-82575.09594738235
-81796.59596544359	-84339.6453175754	0.305652826413207	-82573.88618763095
-81789.77824285072	-84355.339651727	0.30515257628814446	-82572.66591639476
-81782.96601484787	-84371.06082358744	0.30465232616308197	-82571.43511866097
-81776.15929887757	-84386.80884890229	0.3041520760380194	-82570.1937793253
-81769.3581120866	-84402.58374378267	0.30365182591295686	-82568.94188319192
-81762.5624713217	-84418.38552471845	0.30315157578789437	-82567.67941497274
-81755.77239312569	-84434.21420859198	0.3026513256628318	-82566.40635928733
-81748.98789373355	-84450.06981269213	0.3021510755377693	-82565.1227006625
-81742.20898906827	-84465.95235472819	0.30165082541270677	-82563.82842353197
-81735.43569473688	-84481.86185284419	0.3011505752876442	-82562.52351223593
-81728.66802602661	-84497.79832563316	0.3006503251625817	-82561.20795102089
-81721.90599790095	-84513.76179215134	0.30015007503751917	-82559.88172403914
-81715.1496249955	-84529.75227193307	0.2996498249124567	-82558.54481534848
-81708.39892161422	-84545.76978500553	0.2991495747873941	-82557.19720891188
-81701.65390172566	-84561.81435190346	0.2986493246623316	-82555.83888859717
-81694.91457895875	-84577.88599368415	0.2981490745372691	-82554.46983817653
-81688.18096659926	-84593.98473194278	0.2976488244122065	-82553.09004132633
-81681.45307758576	-84610.1105888278	0.297148574287144	-82551.69948162667
-81674.73092450583	-84626.26358705606	0.2966483241620815	-82550.298142561
-81668.01451959228	-84642.44374992875	0.2961480740370189	-82548.88600751584
-81661.30387471941	-84658.65110134712	0.2956478239119564	-82547.46305978042
-81654.59900139907	-84674.88566582803	0.2951475737868939	-82546.02928254618
-81647.89991077702	-84691.14746852068	0.29464732366183133	-82544.58465890659
-81641.20661362934	-84707.43653522208	0.2941470735367688	-82543.12917185672
-81634.51912035841	-84723.75289239403	0.2936468234117063	-82541.66280429284
-81627.8374409894	-84740.09656717922	0.29314657328664373	-82540.18553901203
-81621.16158516666	-84756.4675874181	0.2926463231615812	-82538.69735871197
-81614.4915621499	-84772.86598166554	0.2921460730365187	-82537.19824599038
-81607.82738081059	-84789.29177920817	0.29164582291145613	-82535.68818334476
-81601.16904962865	-84805.74501008086	0.29114557278639364	-82534.16715317202
-81594.51657668833	-84822.22570508473	0.2906453226613311	-82532.63513776803
-81587.86996967508	-84838.73389580402	0.29014507253626853	-82531.09211932731
-81581.22923587193	-84855.2696146239	0.28964482241120604	-82529.53807994266
-81574.59438215577	-84871.83289474841	0.2891445722861435	-82527.97300160477
-81567.96541499408	-84888.42377021794	0.288644322161081	-82526.39686620177
-81561.34234044144	-84905.04227592758	0.28814407203601844	-82524.80965551898
-81554.72516413589	-84921.68844764556	0.2876438219109559	-82523.21135123847
-81548.11389129575	-84938.36232203097	0.2871435717858934	-82521.60193493859
-81541.50852671608	-84955.06393665302	0.28664332166083084	-82519.9813880937
-81534.90907476538	-84971.79333000924	0.2861430715357683	-82518.34969207378
-81528.31553938218	-84988.55054154465	0.2856428214107058	-82516.70682814394
-81521.72792407182	-85005.33561167048	0.28514257128564324	-82515.05277746414
-81515.14623190307	-85022.14858178393	0.2846423211605807	-82513.38752108876
-81508.57046550489	-85038.98949428667	0.2841420710355182	-82511.71103996615
-81502.00062706319	-85055.85839260543	0.28364182091045564	-82510.02331493836
-81495.43671831768	-85072.75532121064	0.2831415707853931	-82508.3243267406
-81488.8787405586	-85089.68032563692	0.2826413206603306	-82506.61405600095
-81482.3266946236	-85106.63345250285	0.28214107053526805	-82504.89248323986
-81475.78058089466	-85123.61474953152	0.2816408204102055	-82503.15958886992
-81469.24039929495	-85140.62426557016	0.281140570285143	-82501.41535319525
-81462.70614928573	-85157.66205061146	0.28064032016008045	-82499.65975641116
-81456.17782986342	-85174.72815581369	0.2801400700350179	-82497.89277860387
-81449.65543955652	-85191.82263352197	0.2796398199099554	-82496.11439974996
-81443.13897642258	-85208.94553728892	0.27913956978489285	-82494.32459971594
-81436.62843804545	-85226.09692189617	0.27863931965983035	-82492.52335825798
-81430.1238215321	-85243.27684337573	0.2781390695347678	-82490.71065502138
-81423.62512350995	-85260.48535903121	0.27763881940970525	-82488.88646954011
-81417.13234012404	-85277.72252745985	0.27713856928464276	-82487.05078123661
-81410.64546703394	-85294.98840857446	0.2766383191595802	-82485.2035694211
-81404.16449941134	-85312.28306362533	0.2761380690345177	-82483.34481329135
-81397.68943193697	-85329.60655522234	0.27563781890945516	-82481.4744919321
-81391.22025879813	-85346.95894735788	0.2751375687843926	-82479.59258431483
-81384.75697368587	-85364.34030542885	0.27463731865933017	-82477.69906929713
-81378.29956979236	-85381.75069625996	0.2741370685342676	-82475.7939256224
-81371.84803980838	-85399.19018812632	0.27363681840920506	-82473.87713191939
-81365.40237592054	-85416.65885077679	0.27313656828414257	-82471.94866670169
-81358.96256980895	-85434.1567554572	0.27263631815908	-82470.00850836738
-81352.52861264464	-85451.68397493394	0.27213606803401746	-82468.0566351986
-81346.100495087	-85469.24058351756	0.27163581790895497	-82466.09302536103
-81339.67820728147	-85486.8266570865	0.2711355677838924	-82464.11765690344
-81333.26173885715	-85504.4422731116	0.2706353176588299	-82462.13050775744
-81326.85107892426	-85522.0875106798	0.27013506753376737	-82460.13155573666
-81320.44621607212	-85539.76245051876	0.2696348174087048	-82458.12077853672
-81314.04713836657	-85557.46717502168	0.2691345672836423	-82456.09815373448
-81307.65383334794	-85575.20176827168	0.26863431715857977	-82454.0636587877
-81301.26628802877	-85592.96631606702	0.2681340670335172	-82452.01727103452
-81294.88448889162	-85610.76090594637	0.2676338169084547	-82449.95896769316
-81288.50842188695	-85628.58562721375	0.2671335667833922	-82447.8887258612
-81282.13807243112	-85646.44057096443	0.2666333166583296	-82445.8065225153
-81275.7734254043	-85664.32583011068	0.2661330665332671	-82443.71233451075
-81269.41446514842	-85682.24149940742	0.2656328164082046	-82441.6061385809
-81263.06117546523	-85700.18767547824	0.265132566283142	-82439.48791133662
-81256.71353961455	-85718.16445684228	0.26463231615807953	-82437.3576292661
-81250.37154031206	-85736.17194394022	0.264132066033017	-82435.2152687341
-81244.03515972779	-85754.210239161	0.2636318159079545	-82433.06080598157
-81237.7043794842	-85772.27944686882	0.26313156578289193	-82430.89421712518
-81231.37918065443	-85790.37967343038	0.2626313156578294	-82428.71547815687
-81225.05954376057	-85808.51102724171	0.2621310655327669	-82426.52456494322
-81218.74544877208	-85826.67361875583	0.26163081540770433	-82424.32145322506
-81212.4368751042	-85844.8675605108	0.2611305652826418	-82422.10611861708
-81206.13380161626	-85863.09296715686	0.2606303151575793	-82419.87853660708
-81199.8362066103	-85881.349955485	0.26013006503251673	-82417.6386825557
-81193.54406782951	-85899.63864445512	0.2596298149074542	-82415.3865316958
-81187.25736245676	-85917.95915522442	0.2591295647823917	-82413.12205913193
-81180.97606711337	-85936.3116111759	0.25862931465732913	-82410.8452398399
-81174.70015785773	-85954.69613794771	0.25812906453226664	-82408.55604866636
-81168.42961018388	-85973.1128634616	0.2576288144072041	-82406.25446032797
-81162.16439902046	-85991.56191795242	0.25712856428214154	-82403.94044941117
-81155.90449872943	-86010.04343399798	0.25662831415707904	-82401.61399037164
-81149.64988310492	-86028.557546548	0.2561280640320165	-82399.27505753357
-81143.40052537217	-86047.1043929545	0.25562781390695394	-82396.92362508932
-81137.15639818653	-86065.68411300167	0.25512756378189144	-82394.55966709885
-81130.91747363245	-86084.29684893643	0.2546273136568289	-82392.18315748924
-81124.68372322236	-86102.94274549837	0.25412706353176634	-82389.79407005389
-81118.45511789624	-86121.62194995099	0.25362681340670384	-82387.39237845241
-81112.23162802034	-86140.33461211232	0.2531265632816413	-82384.9780562097
-81106.01322338643	-86159.08088438619	0.2526263131565788	-82382.55107671554
-81099.79987321146	-86177.86092179333	0.25212606303151625	-82380.1114132241
-81093.59154613648	-86196.6748820034	0.2516258129064537	-82377.65903885337
-81087.38821022619	-86215.52292536599	0.2511255627813912	-82375.19392658446
-81081.18983296833	-86234.40521494322	0.25062531265632865	-82372.71604926119
-81074.99638127326	-86253.32191654183	0.25012506253126615	-82370.22537958957
-81068.80782147334	-86272.27319874507	0.2496248124062036	-82367.72189013696
-81062.62411932263	-86291.25923294607	0.24912456228114113	-82365.20555333188
-81056.44523999657	-86310.28019337998	0.24862431215607855	-82362.67634146308
-81050.27114809158	-86329.33625715744	0.24812406203101603	-82360.1342266792
-81044.1018076249	-86348.4276042976	0.24762381190595353	-82357.57918098808
-81037.93718203445	-86367.5544177617	0.24712356178089095	-82355.0111762562
-81031.77723417862	-86386.71688348676	0.24662331165582843	-82352.43018420809
-81025.62192633617	-86405.91519041946	0.24612306153076594	-82349.83617642571
-81019.4712202065	-86425.14953055026	0.24562281140570336	-82347.22912434797
-81013.32507690926	-86444.42009894775	0.24512256128064083	-82344.60899926987
-81007.18345698486	-86463.72709379326	0.2446223111555783	-82341.9757723422
-81001.04632039445	-86483.07071641559	0.24412206103051576	-82339.3294145707
-80994.91362652018	-86502.45117132612	0.24362181090545323	-82336.66989681558
-80988.7853341655	-86521.86866625394	0.2431215607803907	-82333.99718979081
-80982.66140155554	-86541.32341218152	0.24262131065532824	-82331.3112640636
-80976.54178633746	-86560.81562337988	0.24212106053026564	-82328.61209005359
-80970.426445581	-86580.34551744536	0.2416208104052031	-82325.89963803247
-80964.31533577903	-86599.91331533492	0.24112056028014064	-82323.17387812317
-80958.20841284796	-86619.51924140306	0.24062031015507804	-82320.4347802992
-80952.10563212872	-86639.16352343815	0.24012006003001551	-82317.68231438412
-80946.00694838726	-86658.84639269942	0.23961980990495305	-82314.91645005086
-80939.91231581538	-86678.56808395378	0.23911955977989047	-82312.13715682096
-80933.82168803162	-86698.32883551343	0.23861930965482792	-82309.34440406405
-80927.7350180822	-86718.12888927323	0.23811905952976545	-82306.53816099712
-80921.65225844196	-86737.9684907482	0.23761880940470287	-82303.71839668382
-80915.57336101544	-86757.84788911209	0.23711855927964035	-82300.88508003386
-80909.49827713799	-86777.76733723501	0.23661830915457785	-82298.03817980227
-80903.426957577	-86797.72709172228	0.23611805902951533	-82295.1776645888
-80897.35935253302	-86817.72741295295	0.2356178089044528	-82292.30350283707
-80891.29541164124	-86837.76856511852	0.23511755877939025	-82289.415662834
-80885.23508397285	-86857.85081626274	0.23461730865432773	-82286.51411270919
-80879.1783180363	-86877.97443832026	0.2341170585292652	-82283.59882043395
-80873.1250617792	-86898.13970715684	0.23361680840420268	-82280.6697538209
-80867.07526258958	-86918.3469026088	0.23311655827914013	-82277.72688052303
-80861.02886729765	-86938.59630852351	0.2326163081540776	-82274.77016803304
-80854.98582217765	-86958.88821279953	0.23211605802901508	-82271.79958368269
-80848.94607294949	-86979.22290742723	0.23161580790395253	-82268.81509464193
-80842.90956478081	-86999.6006885297	0.23111555777889	-82265.81666791838
-80836.8762422887	-87020.02185640372	0.23061530765382748	-82262.80427035624
-80830.84604954193	-87040.48671556124	0.23011505752876496	-82259.77786863592
-80824.81893006296	-87060.99557477098	0.2296148074037024	-82256.73742927305
-80818.79482683013	-87081.54874709985	0.22911455727863989	-82253.6829186178
-80812.7736822798	-87102.14654995568	0.22861430715357736	-82250.61430285402
-80806.75543830883	-87122.78930512894	0.2281140570285148	-82247.53154799866
-80800.74003627684	-87143.47733883558	0.2276138069034523	-82244.43461990077
-80794.72741700878	-87164.21098175987	0.22711355677838976	-82241.3234842409
-80788.71752079738	-87184.99056909732	0.22661330665332724	-82238.19810653018
-80782.71028740572	-87205.816440598	0.2261130565282647	-82235.05845210953
-80776.70565607015	-87226.68894061034	0.22561280640320217	-82231.904486149
-80770.7035655028	-87247.60841812454	0.22511255627813964	-82228.73617364677
-80764.70395389455	-87268.57522681693	0.22461230615307712	-82225.5534794284
-80758.70675891796	-87289.5897250943	0.22411205602801457	-82222.35636814608
-80752.7119177303	-87310.65227613818	0.22361180590295204	-82219.14480427773
-80746.71936697642	-87331.76324795009	0.22311155577788952	-82215.91875212613
-80740.72904279223	-87352.92301339615	0.22261130565282697	-82212.67817581812
-80734.7408808077	-87374.13195025298	0.22211105552776444	-82209.4230393038
-80728.75481615026	-87395.39044125262	0.22161080540270192	-82206.15330635554
-80722.77078344821	-87416.69887412895	0.2211105552776394	-82202.86894056722
-80716.7887168342	-87438.05764166368	0.22061030515257685	-82199.56990535336
-80710.8085499487	-87459.46714173238	0.22011005502751432	-82196.25616394811
-80704.83021594379	-87480.92777735155	0.2196098049024518	-82192.92767940453
-80698.85364748682	-87502.43995672531	0.21910955477738925	-82189.5844145936
-80692.87877676418	-87524.00409329249	0.21860930465232672	-82186.22633220334
-80686.90553548517	-87545.62060577422	0.2181090545272642	-82182.85339473782
-80680.93385488614	-87567.28991822153	0.21760880440220168	-82179.4655645164
-80674.96366573438	-87589.01246006318	0.21710855427713913	-82176.0628036727
-80668.99489833222	-87610.78866615404	0.2166083041520766	-82172.64507415357
-80663.02748252156	-87632.61897682358	0.21610805402701408	-82169.2123377184
-80657.06134768782	-87654.50383792447	0.21560780390195156	-82165.76455593795
-80651.09642276456	-87676.4437008815	0.215107553776889	-82162.30169019342
-80645.13263623785	-87698.43902274128	0.21460730365182648	-82158.82370167556
-80639.16991615103	-87720.49026622134	0.21410705352676396	-82155.3305513837
-80633.20819010903	-87742.59789976016	0.2136068034017014	-82151.82220012456
-80627.24738528354	-87764.76239756729	0.21310655327663888	-82148.2986085116
-80621.28742841753	-87786.98423967352	0.21260630315157636	-82144.75973696371
-80615.32824583021	-87809.2639119817	0.21210605302651386	-82141.20554570427
-80609.3697634222	-87831.6019063175	0.2116058029014513	-82137.63599476023
-80603.4119066806	-87853.99872048074	0.2111055527763888	-82134.05104396108
-80597.45460068395	-87876.45485829674	0.21060530265132626	-82130.45065293758
-80591.4977701078	-87898.97082966792	0.2101050525262637	-82126.83478112094
-80585.54133923004	-87921.5471506262	0.2096048024012012	-82123.2033877418
-80579.58523193614	-87944.18434338472	0.20910455227613867	-82119.55643182885
-80573.629371725	-87966.8829363909	0.20860430215107617	-82115.89387220808
-80567.67368171437	-87989.64346437898	0.20810405202601362	-82112.2156675015
-80561.71808464674	-88012.46646842326	0.2076038019009511	-82108.52177612612
-80555.76250289514	-88035.3524959913	0.20710355177588857	-82104.81215629276
-80549.80685846908	-88058.302100998	0.20660330165082605	-82101.08676600507
-80543.85107302044	-88081.31584385909	0.2061030515257635	-82097.34556305823
-80537.8950678498	-88104.3942915456	0.20560280140070097	-82093.58850503789
-80531.9387639125	-88127.5380176384	0.20510255127563845	-82089.81554931903
-80525.98208182507	-88150.74760238292	0.2046023011505759	-82086.02665306478
-80520.02494187147	-88174.02363274423	0.20410205102551338	-82082.22177322519
-80514.06726400973	-88197.36670246247	0.20360180090045085	-82078.40086653613
-80508.10896787854	-88220.77741210858	0.20310155077538833	-82074.56388951806
-80502.1499728038	-88244.25636913997	0.20260130065032578	-82070.71079847471
-80496.19019780566	-88267.80418795705	0.20210105052526325	-82066.84154949209
-80490.22956160519	-88291.42148995963	0.20160080040020073	-82062.95609843703
-80484.2679826314	-88315.1089036036	0.20110055027513818	-82059.05440095598
-80478.30537902855	-88338.86706445825	0.20060030015007566	-82055.13641247393
-80472.34166866301	-88362.69661526366	0.20010005002501313	-82051.2020881929
-80466.37676913071	-88386.59820598808	0.1995997998999506	-82047.25138309074
-80460.41059776461	-88410.57249388623	0.19909954977488806	-82043.28425191989
-80454.44307164206	-88434.62014355737	0.19859929964982553	-82039.30064920604
-80448.47410759238	-88458.74182700404	0.198099049524763	-82035.30052924673
-80442.50362220469	-88482.93822369065	0.1975987993997005	-82031.28384611012
-80436.53153183556	-88507.21002060293	0.19709854927463794	-82027.25055363364
-80430.55775261692	-88531.55791230702	0.1965982991495754	-82023.20060542243
-80424.58220046418	-88555.98260100961	0.1960980490245129	-82019.13395484828
-80418.60479108423	-88580.48479661767	0.19559779889945034	-82015.050555048
-80412.62543998363	-88605.06521679895	0.1950975487743878	-82010.9503589221
-80406.64406247696	-88629.72458704244	0.1945972986493253	-82006.83331913328
-80400.66057369526	-88654.46364071948	0.19409704852426277	-82002.69938810517
-80394.67488859453	-88679.28311914502	0.19359679839920022	-81998.54851802076
-80388.68692196427	-88704.1837716389	0.1930965482741377	-81994.38066082091
-80382.69658843636	-88729.16635558798	0.19259629814907517	-81990.19576820293
-80376.70380249378	-88754.23163650805	0.19209604802401262	-81985.99379161908
-80370.70847847959	-88779.38038810644	0.1915957978989501	-81981.77468227503
-80364.71053060603	-88804.61339234463	0.19109554777388757	-81977.53839112837
-80358.70987296358	-88829.93143950145	0.19059529764882505	-81973.28486888701
-80352.7064195303	-88855.33532823625	0.1900950475237625	-81969.01406600767
-80346.7000841812	-88880.82586565275	0.18959479739869997	-81964.72593269432
-80340.69078069767	-88906.40386736287	0.18909454727363745	-81960.4204188965
-80334.67842277714	-88932.07015755097	0.18859429714857492	-81956.09747430778
-80328.66292404268	-88957.82556903872	0.18809404702351237	-81951.7570483641
-80322.64419805302	-88983.67094334961	0.18759379689844985	-81947.39909024224
-80316.6221583122	-89009.60713077443	0.18709354677338733	-81943.0235488579
-80310.59671827972	-89035.63499043662	0.18659329664832477	-81938.63037286428
-80304.56779138083	-89061.75539035823	0.18609304652326225	-81934.21951065026
-80298.53529101654	-89087.96920752594	0.18559279639819973	-81929.79091033869
-80292.49913057408	-89114.2773279575	0.1850925462731372	-81925.34451978463
-80286.45922343757	-89140.68064676871	0.18459229614807465	-81920.88028657374
-80280.41548299816	-89167.18006824012	0.18409204602301213	-81916.3981580202
-80274.3678226652	-89193.77650588477	0.1835917958979496	-81911.89808116524
-80268.31615587685	-89220.47088251576	0.18309154577288708	-81907.38000277523
-80262.26039611101	-89247.26413031422	0.18259129564782453	-81902.84386933972
-80256.20045689633	-89274.1571908976	0.182091045522762	-81898.28962706965
-80250.13625182348	-89301.15101538863	0.18159079539769948	-81893.7172218956
-80244.06769455635	-89328.2465644839	0.18109054527263696	-81889.1265994657
-80237.99469884341	-89355.44480852337	0.18059029514757444	-81884.5177051438
-80231.91717852934	-89382.74672756005	0.1800900450225119	-81879.89048400761
-80225.8350475665	-89410.15331142972	0.17958979489744936	-81875.2448808466
-80219.74822002674	-89437.66555982125	0.17908954477238684	-81870.58084016004
-80213.65661011329	-89465.28448234731	0.17858929464732431	-81865.8983061551
-80207.56013217267	-89493.0110986151	0.17808904452226176	-81861.19722274471
-80201.45870070672	-89520.84643829765	0.17758879439719924	-81856.47753354553
-80195.35223038492	-89548.79154120536	0.17708854427213672	-81851.73918187589
-80189.24063605674	-89576.8474573578	0.17658829414707417	-81846.98211075373
-80183.12383276389	-89605.01524705591	0.17608804402201167	-81842.20626289435
-80177.00173575303	-89633.29598095469	0.17558779389694912	-81837.4115807084
-80170.87426048842	-89661.69074013572	0.17508754377188657	-81832.59800629961
-80164.74132266472	-89690.20061618065	0.17458729364682407	-81827.76548146266
-80158.60283821983	-89718.82671124439	0.17408704352176155	-81822.91394768083
-80152.45872334803	-89747.57013812926	0.17358679339669897	-81818.04334612396
-80146.30889451306	-89776.43202035886	0.17308654327163647	-81813.15361764595
-80140.15326846138	-89805.41349225261	0.17258629314657395	-81808.24470278254
-80133.9917622357	-89834.51569900074	0.17208604302151137	-81803.31654174905
-80127.82429318834	-89863.73979673916	0.17158579289644887	-81798.36907443794
-80121.65077899485	-89893.08695262505	0.17108554277138635	-81793.40224041633
-80115.47113766793	-89922.55834491273	0.17058529264632383	-81788.4159789238
-80109.2852875712	-89952.1551630297	0.17008504252126128	-81783.4102288698
-80103.09314743314	-89981.87860765311	0.16958479239619875	-81778.38492883113
-80096.89463636136	-90011.72989078655	0.16908454227113623	-81773.34001704957
-80090.68967385677	-90041.71023583722	0.16858429214607368	-81768.27543142927
-80084.47817982784	-90071.82087769333	0.16808404202101115	-81763.1911095341
-80078.26007460528	-90102.06306280202	0.16758379189594863	-81758.08698858523
-80072.03527895654	-90132.43804924731	0.16708354177088608	-81752.96300545835
-80065.80371410052	-90162.94710682868	0.16658329164582356	-81747.81909668105
-80059.56530172247	-90193.59151713987	0.16608304152076103	-81742.65519843012
-80053.31996398907	-90224.3725736481	0.1655827913956985	-81737.47124652892
-80047.06762356324	-90255.29158177323	0.16508254127063599	-81732.26717644434
-80040.80820361966	-90286.34985896794	0.16458229114557343	-81727.04292328429
-80034.54162786008	-90317.54873479773	0.1640820410205109	-81721.79842179483
-80028.26782052853	-90348.8895510214	0.1635817908954484	-81716.53360635704
-80021.98670642727	-90380.37366167185	0.16308154077038584	-81711.24841098442
-80015.69821093234	-90412.00243313742	0.1625812906453233	-81705.94276931987
-80009.40226000933	-90443.77724424303	0.16208104052026082	-81700.61661463251
-80003.09878022948	-90475.69948633251	0.1615807903951983	-81695.26987981492
-79996.78769878579	-90507.77056335041	0.16108054027013574	-81689.90249738
-79990.46894350907	-90539.99189192468	0.16058029014507322	-81684.51439945775
-79984.14244288445	-90572.36490144953	0.1600800400200107	-81679.10551779233
-79977.80812606783	-90604.89103416867	0.15957978989494814	-81673.67578373876
-79971.46592290237	-90637.5717452588	0.15907953976988562	-81668.22512825973
-79965.11576393528	-90670.40850291352	0.1585792896448231	-81662.75348192232
-79958.75758043464	-90703.40278842756	0.15807903951976057	-81657.26077489476
-79952.39130440647	-90736.5560962815	0.15757878939469802	-81651.74693694306
-79946.01686861158	-90769.86993422647	0.1570785392696355	-81646.21189742754
-79939.63420658308	-90803.34582336961	0.15657828914457297	-81640.65558529954
-79933.24325264349	-90836.98529825959	0.15607803901951045	-81635.07792909784
-79926.8439419223	-90870.78990697251	0.1555777888944479	-81629.47885694512
-79920.43621037358	-90904.76121119842	0.15507753876938538	-81623.85829654452
-79914.01999479368	-90938.90078632775	0.15457728864432285	-81618.2161751759
-79907.595232839	-90973.21022153836	0.1540770385192603	-81612.55241969213
-79901.1618630441	-91007.69111988299	0.15357678839419778	-81606.8669565156
-79894.71982483962	-91042.34509837677	0.15307653826913528	-81601.1597116342
-79888.2690585706	-91077.17378808542	0.15257628814407276	-81595.43061059763
-79881.80950551483	-91112.17883421347	0.1520760380190102	-81589.67957851353
-79875.34110790123	-91147.36189619312	0.15157578789394768	-81583.90654004354
-79868.86380892852	-91182.72464777326	0.15107553776888516	-81578.11141939933
-79862.37755278384	-91218.26877710878	0.1505752876438226	-81572.29414033853
-79855.8822846617	-91253.9959868506	0.15007503751876008	-81566.45462616079
-79849.37795078276	-91289.9079942354	0.14957478739369756	-81560.5927997034
-79842.86449841308	-91326.00653117645	0.14907453726863504	-81554.7085833373
-79836.34187588334	-91362.29334435424	0.1485742871435725	-81548.80189896282
-79829.81003260791	-91398.77019530756	0.14807403701850996	-81542.87266800516
-79823.26891910458	-91435.43886052512	0.14757378689344744	-81536.92081141027
-79816.718487014	-91472.30113153737	0.14707353676838494	-81530.94624964026
-79810.15868911937	-91509.35881500872	0.14657328664332236	-81524.94890266894
-79803.58947936626	-91546.61373282992	0.14607303651825984	-81518.92868997727
-79797.01081288263	-91584.06772221121	0.14557278639319735	-81512.88553054878
-79790.42264599867	-91621.72263577532	0.14507253626813477	-81506.81934286472
-79783.82493626719	-91659.58034165115	0.14457228614307224	-81500.7300448995
-79777.21764248387	-91697.64272356774	0.14407203601800975	-81494.61755411577
-79770.60072470755	-91735.9116809484	0.1435717858929472	-81488.48178745949
-79763.97414428083	-91774.38912900553	0.14307153576788464	-81482.322661355
-79757.33786385086	-91813.07699883544	0.14257128564282215	-81476.1400917001
-79750.69184738983	-91851.97723751368	0.1420710355177596	-81469.93399386066
-79744.03606021611	-91891.09180819074	0.14157078539269705	-81463.70428266576
-79737.37046901509	-91930.42269018808	0.14107053526763455	-81457.45087240219
-79730.6950418604	-91969.97187909437	0.140570285142572	-81451.17367680925
-79724.00974823501	-92009.74138686234	0.14007003501750948	-81444.87260907327
-79717.31455905276	-92049.73324190565	0.13956978489244695	-81438.54758182213
-79710.60944667965	-92089.9494891964	0.1390695347673844	-81432.19850711971
-79703.89438495557	-92130.39219036287	0.13856928464232188	-81425.82529646024
-79697.16934921576	-92171.06342378739	0.13806903451725935	-81419.42786076243
-79690.43431631295	-92211.96528470513	0.1375687843921968	-81413.00611036392
-79683.68926463892	-92253.09988530245	0.1370685342671343	-81406.55995501502
-79676.93417414666	-92294.4693548162	0.13656828414207178	-81400.08930387293
-79670.1690263727	-92336.07583963333	0.13606803401700926	-81393.59406549572
-79663.39380445894	-92377.92150339019	0.1355677838919467	-81387.07414783582
-79656.60849317536	-92420.00852707321	0.13506753376688418	-81380.5294582341
-79649.81307894223	-92462.33910911896	0.13456728364182166	-81373.95990341324
-79643.00754985282	-92504.91546551512	0.1340670335167591	-81367.36538947138
-79636.19189569599	-92547.73982990162	0.1335667833916966	-81360.74582187553
-79629.36610797897	-92590.81445367206	0.13306653326663406	-81354.1011054549
-79622.53017995022	-92634.14160607557	0.1325662831415715	-81347.43114439405
-79615.68410662234	-92677.72357431886	0.132066033016509	-81340.73584222609
-79608.8278847953	-92721.56266366888	0.13156578289144646	-81334.0151018257
-79601.96151307944	-92765.66119755551	0.13106553276638394	-81327.26882540197
-79595.08499191875	-92810.02151767467	0.1305652826413214	-81320.49691449119
-79588.19832361434	-92854.64598409194	0.13006503251625887	-81313.6992699496
-79581.30151234778	-92899.53697534624	0.12956478239119634	-81306.87579194589
-79574.39456420467	-92944.69688855411	0.12906453226613382	-81300.02637995363
-79567.47748719827	-92990.12813951392	0.12856428214107127	-81293.1509327436
-79560.5502912933	-93035.83316281109	0.12806403201600874	-81286.24934837614
-79553.61298842964	-93081.81441192274	0.12756378189094622	-81279.3215241929
-79546.66559254623	-93128.07435932341	0.12706353176588367	-81272.36735680907
-79539.70811960522	-93174.61549659091	0.12656328164082115	-81265.38674210517
-79532.74058761582	-93221.44033451208	0.12606303151575862	-81258.37957521855
-79525.7630166585	-93268.55140318947	0.12556278139069613	-81251.34575053508
-79518.7754289094	-93315.95125214808	0.12506253126563358	-81244.28516168063
-79511.77784866432	-93363.64245044214	0.12456228114057104	-81237.1977015121
-79504.77030236334	-93411.62758676273	0.12406203101550851	-81230.08326210875
-79497.75281861522	-93459.90926954542	0.12356178089044598	-81222.94173476318
-79490.7254282218	-93508.49012707808	0.12306153076538344	-81215.773009972
-79483.6881642027	-93557.37280760931	0.12256128064032092	-81208.57697742664
-79476.64106181994	-93606.55997945704	0.12206103051525838	-81201.35352600378
-79469.58415860275	-93656.05433111744	0.12156078039019586	-81194.10254375587
-79462.51749437208	-93705.85857137397	0.12106053026513332	-81186.82391790109
-79455.44111126571	-93755.97542940709	0.1205602801400708	-81179.51753481354
-79448.3550537631	-93806.40765490402	0.12006003001500826	-81172.18328001314
-79441.25936871012	-93857.15801816867	0.11955977988994573	-81164.82103815515
-79434.1541053443	-93908.22931023224	0.1190595297648832	-81157.43069301982
-79427.0393153198	-93959.62434296386	0.11855927963982069	-81150.01212750172
-79419.91505273226	-94011.34594918138	0.11805902951475816	-81142.5652235987
-79412.78137414435	-94063.39698276292	0.11755877938969563	-81135.08986240118
-79405.63833861065	-94115.78031875826	0.1170585292646331	-81127.58592408066
-79398.48600770273	-94168.49885350045	0.11655827913957056	-81120.05328787825
-79391.32444553477	-94221.55550471837	0.11605802901450804	-81112.49183209336
-79384.1537187885	-94274.9532116487	0.1155577788894455	-81104.90143407151
-79376.97389673852	-94328.69493514863	0.11505752876438298	-81097.28197019242
-79369.7850512777	-94382.78365780893	0.11455727863932044	-81089.63331585782
-79362.58725694247	-94437.22238406699	0.1140570285142579	-81081.95534547894
-79355.38059093803	-94492.01414032019	0.11355677838919538	-81074.24793246368
-79348.16513316386	-94547.16197503966	0.11305652826413284	-81066.51094920386
-79340.94096623894	-94602.66895888426	0.11255627813907032	-81058.74426706196
-79333.70817552705	-94658.53818481456	0.11205602801400778	-81050.94775635768
-79326.46684916224	-94714.77276820748	0.11155577788894526	-81043.12128635439
-79319.21707807406	-94771.3758469708	0.11105552776388272	-81035.26472524519
-79311.9589560129	-94828.35058165815	0.1105552776388202	-81027.37794013877
-79304.69257957516	-94885.70015558395	0.11005502751375766	-81019.46079704487
-79297.41804822873	-94943.42777493902	0.10955477738869512	-81011.51316085983
-79290.13546433805	-95001.53666890592	0.1090545272636326	-81003.53489535146
-79282.84493318929	-95060.03008977478	0.10855427713857006	-80995.5258631438
-79275.54656301567	-95118.91131305935	0.10805402701350754	-80987.48592570174
-79268.2404650224	-95178.18363761317	0.107553776888445	-80979.41494331507
-79260.9267534118	-95237.85038574584	0.10705352676338248	-80971.31277508239
-79253.60554540831	-95297.91490333978	0.10655327663831994	-80963.17927889476
-79246.27696128338	-95358.38055996687	0.10605302651325743	-80955.01431141891
-79238.94112438028	-95419.25074900535	0.1055527763881949	-80946.81772808009
-79231.59816113903	-95480.52888775716	0.10505252626313236	-80938.5893830449
-79224.24820112096	-95542.21841756492	0.10455227613806985	-80930.32912920341
-79216.89137703323	-95604.32280392952	0.10405202601300731	-80922.03681815101
-79209.52782475356	-95666.8455366278	0.10355177588794479	-80913.71230017027
-79202.15768335448	-95729.79012983022	0.10305152576288225	-80905.35542421193
-79194.78109512747	-95793.1601222185	0.10255127563781972	-80896.9660378757
-79187.39820560736	-95856.95907710404	0.10205102551275719	-80888.54398739092
-79180.00916359613	-95921.19058254574	0.10155077538769466	-80880.08911759652
-79172.61412118687	-95985.8582514683	0.10105052526263213	-80871.60127192068
-79165.21323378754	-96050.96572178068	0.10055027513756959	-80863.08029236014
-79157.80666014436	-96116.51665649432	0.10005002501250707	-80854.52601945902
-79150.3945623654	-96182.51474384191	0.09954977488744453	-80845.93829228729
-79142.97710594359	-96248.9636973957	0.099049524762382	-80837.3169484186
-79135.55445977983	-96315.8672561864	0.09854927463731947	-80828.66182390795
-79128.12679620589	-96383.2291848218	0.09804902451225694	-80819.9727532688
-79120.69429100674	-96451.05327360547	0.0975487743871944	-80811.24956944936
-79113.25712344323	-96519.34333865569	0.09704852426213188	-80802.49210380903
-79105.81547627399	-96588.10322202416	0.09654827413706935	-80793.7001860938
-79098.36953577746	-96657.33679181479	0.09604802401200681	-80784.87364441137
-79090.9194917735	-96727.04794230267	0.09554777388694428	-80776.01230520576
-79083.46553764466	-96797.24059405275	0.09504752376188175	-80767.11599323124
-79076.00787035734	-96867.91869403866	0.09454727363681922	-80758.18453152583
-79068.54669048253	-96939.08621576143	0.09404702351175669	-80749.21774138421
-79061.08220221629	-97010.74715936829	0.09354677338669416	-80740.21544233007
-79053.61461339974	-97082.90555177101	0.09304652326163163	-80731.17745208762
-79046.14413553906	-97155.56544676474	0.0925462731365691	-80722.10358655296
-79038.67098382478	-97228.73092514629	0.09204602301150656	-80712.99365976434
-79031.19537715073	-97302.40609483237	0.09154577288644404	-80703.84748387197
-79023.71753813289	-97376.59509097792	0.0910455227613815	-80694.66486910729
-79016.23769312755	-97451.3020760941	0.09054527263631898	-80685.44562375135
-79008.75607224897	-97526.531240166	0.09004502251125646	-80676.18955410244
-79001.27290938694	-97602.28680077057	0.08954477238619392	-80666.89646444331
-78993.78844222358	-97678.57300319387	0.0890445222611314	-80657.56615700734
-78986.30291224971	-97755.39412054842	0.08854427213606886	-80648.19843194401
-78978.81656478079	-97832.75445389016	0.08804402201100633	-80638.79308728369
-78971.32964897227	-97910.65833233521	0.0875437718859438	-80629.34991890151
-78963.84241783444	-97989.11011317631	0.08704352176088127	-80619.86872048052
-78956.35512824648	-98068.11418199887	0.08654327163581874	-80610.34928347368
-78948.86804097035	-98147.6749527969	0.0860430215107562	-80600.79139706549
-78941.38142066367	-98227.79686808836	0.08554277138569368	-80591.19484813223
-78933.89553589193	-98308.48439903012	0.08504252126063114	-80581.55942120135
-78926.41065914053	-98389.74204553282	0.08454227113556861	-80571.88489841032
-78918.9270668254	-98471.57433637492	0.08404202101050608	-80562.1710594639
-78911.44503930338	-98553.98582931636	0.08354177088544355	-80552.41768159062
-78903.96486088177	-98636.98111121196	0.08304152076038102	-80542.6245394985
-78896.48681982691	-98720.56479812408	0.08254127063531849	-80532.79140532919
-78889.01120837199	-98804.7415354346	0.08204102051025595	-80522.91804861126
-78881.53832272424	-98889.51599795674	0.08154077038519342	-80513.00423621245
-78874.06846307087	-98974.8928900458	0.08104052026013091	-80503.04973229047
-78866.60193358427	-99060.87694570946	0.08054027013506837	-80493.0542982427
-78859.13904242628	-99147.47292871743	0.08004002001000585	-80483.0176926547
-78851.68010175129	-99234.68563271014	0.07953976988494331	-80472.93967124728
-78844.22542770856	-99322.51988130697	0.07903951975988079	-80462.8199868224
-78836.77534044306	-99410.98052821329	0.07853926963481825	-80452.65838920741
-78829.33016409565	-99500.07245732703	0.07803901950975572	-80442.45462519827
-78821.89022680167	-99589.800582844	0.07753876938469319	-80432.20843850082
-78814.45586068855	-99680.16984936246	0.07703851925963066	-80421.91956967095
-78807.0274018722	-99771.18523198682	0.07653826913456814	-80411.58775605308
-78799.60519045168	-99862.85173642971	0.0760380190095056	-80401.21273171666
-78792.18957050302	-99955.17439911373	0.07553776888444308	-80390.79422739158
-78784.78089007131	-100048.15828727151	0.07503751875938054	-80380.33197040152
-78777.3795011614	-100141.80849904471	0.07453726863431802	-80369.82568459545
-78769.98575972689	-100236.13016358172	0.07403701850925548	-80359.27509027744
-78762.60002565783	-100331.1284411342	0.07353676838419296	-80348.6799041346
-78755.22266276643	-100426.8085231519	0.07303651825913042	-80338.0398391628
-78747.85403877127	-100523.17563237633	0.07253626813406788	-80327.35460459057
-78740.49452527957	-100620.23502293267	0.07203601800900536	-80316.62390580088
-78733.14449776763	-100717.99198042031	0.07153576788394282	-80305.84744425055
-78725.80433555922	-100816.45182200133	0.0710355177588803	-80295.02491738755
-78718.47442180222	-100915.6198964878	0.07053526763381776	-80284.15601856596
-78711.15514344281	-101015.50158442662	0.07003501750875524	-80273.24043695845
-78703.84689119752	-101116.10229818277	0.0695347673836927	-80262.27785746615
-78696.55005952332	-101217.42748202068	0.06903451725863018	-80251.26796062621
-78689.26504658481	-101319.48261218304	0.06853426713356764	-80240.21042251628
-78681.99225421941	-101422.27319696787	0.06803401700850512	-80229.10491465655
-78674.73208789955	-101525.80477680296	0.06753376688344259	-80217.95110390856
-78667.48495669255	-101630.08292431812	0.06703351675838004	-80206.74865237133
-78660.25127321745	-101735.11324441474	0.06653326663331753	-80195.49721727413
-78653.03145359892	-101840.90137433277	0.066033016508255	-80184.196450866
-78645.82591741827	-101947.45298371496	0.06553276638319246	-80172.84600030218
-78638.63508766134	-102054.77377466825	0.06503251625812993	-80161.44550752675
-78631.45939066265	-102162.86948182191	0.06453226613306741	-80149.99460915169
-78624.29925604687	-102271.745872383	0.06403201600800487	-80138.49293633255
-78617.15511666589	-102381.40874618788	0.06353176588294233	-80126.94011463954
-78610.0274085327	-102491.86393575076	0.06303151575787982	-80115.33576392515
-78602.91657075126	-102603.11730630852	0.06253126563281729	-80103.67949818732
-78595.82304544213	-102715.17475586156	0.06203101550775476	-80091.97092542815
-78588.74727766399	-102828.04221521088	0.06153076538269222	-80080.20964750806
-78581.68971533078	-102941.72564799094	0.06103051525762969	-80068.3952599954
-78574.65080912411	-103056.23105069823	0.06053026513256716	-80056.52735201082
-78567.63101240087	-103171.56445271516	0.06003001500750463	-80044.60550606658
-78560.63078109581	-103287.73191632933	0.059529764882442104	-80032.62929790062
-78553.65057361888	-103404.73953674782	0.05902951475737957	-80020.59829630486
-78546.6908507471	-103522.59344210607	0.05852926463231705	-80008.51206294772
-78539.75207551048	-103641.29979347161	0.05802901450725452	-79996.37015219059
-78532.83471307224	-103760.86478484172	0.057528764382191976	-79984.17211089793
-78525.93923060251	-103881.29464313539	0.05702851425712945	-79971.91747824072
-78519.06609714542	-104002.59562817868	0.05652826413206692	-79959.605785493
-78512.21578347964	-104124.77403268384	0.05602801400700438	-79947.23655582126
-78505.38876197129	-104247.83618222119	0.05552776388194186	-79934.80930406624
-78498.58550641955	-104371.78843518386	0.05502751375687933	-79922.32353651666
-78491.8064918945	-104496.63718274512	0.0545272636318168	-79909.77875067528
-78485.05219456622	-104622.38884880726	0.05402701350675427	-79897.17443501548
-78478.32309152569	-104749.0498899425	0.05352676338169174	-79884.5100687296
-78471.6196605965	-104876.62679532502	0.053026513256629215	-79871.78512146756
-78464.94238013668	-105005.12608665344	0.052526263131566685	-79858.9990530653
-78458.29172883101	-105134.55431806398	0.052026013006504154	-79846.15131326337
-78451.66818547255	-105264.9180760332	0.051525762881441624	-79833.24134141441
-78445.07222873298	-105396.22397926985	0.05102551275637909	-79820.26856617912
-78438.50433692188	-105528.47867859583	0.05052526263131656	-79807.23240521058
-78431.96498773326	-105661.68885681484	0.05002501250625403	-79794.13226482591
-78425.45465797956	-105795.86122856868	0.0495247623811915	-79780.96753966459
-78418.9738233123	-105931.00254018052	0.04902451225612898	-79767.73761233338
-78412.52295792826	-106067.119569484	0.04852426213106645	-79754.44185303629
-78406.10253426088	-106204.21912563784	0.048024012006003904	-79741.07961918946
-78399.71302265613	-106342.30804892519	0.04752376188094138	-79727.65025502011
-78393.35489103143	-106481.39321053633	0.04702351175587885	-79714.15309114824
-78387.0286045175	-106621.48151233462	0.04652326163081631	-79700.58744415083
-78380.73462508156	-106762.57988660395	0.04602301150575378	-79686.95261610713
-78374.47341113111	-106904.69529577735	0.04552276138069127	-79673.24789412404
-78368.24541709732	-107047.83473214514	0.04502251125562873	-79659.47254984087
-78362.0510929966	-107192.00521754188	0.0445222611305662	-79645.62583891184
-78355.89088396936	-107337.21380301056	0.04402201100550368	-79631.70700046545
-78349.76522979446	-107483.46756844285	0.043521760880441136	-79617.71525653906
-78343.67456437793	-107630.77362219407	0.0430215107553786	-79603.6498114876
-78337.61931521483	-107779.13910067128	0.04252126063031608	-79589.50985136484
-78331.59990282197	-107928.57116789276	0.04202101050525354	-79575.29454327519
-78325.6167401402	-108079.07701501733	0.04152076038019101	-79561.0030346949
-78319.67023190459	-108230.66385984173	0.04102051025512849	-79546.63445276047
-78313.76077397983	-108383.33894626368	0.04052026013006597	-79532.18790352212
-78307.8887526594	-108537.10954370882	0.04002001000500342	-79517.66247116066
-78302.05454392586	-108691.98294651925	0.03951975987994089	-79503.05721716494
-78296.25851266974	-108847.96647330078	0.03901950975487837	-79488.37117946778
-78290.50101186447	-109005.06746622676	0.03851925962981583	-79473.60337153729
-78284.78238169473	-109163.29329029527	0.0380190095047533	-79458.75278142144
-78279.10294863433	-109322.65133253657	0.03751875937969078	-79443.81837074175
-78273.46302447126	-109483.14900116759	0.03701850925462824	-79428.79907363364
-78267.86290527556	-109644.79372468988	0.03651825912956571	-79413.69379562938
-78262.30287030632	-109807.59295092673	0.036018009004503186	-79398.50141247977
-78256.78318085369	-109971.55414599579	0.03551775887944065	-79383.2207689103
-78251.30407901095	-110136.68479321191	0.03501750875437812	-79367.85067730716
-78245.86578637209	-110302.9923919159	0.034517258629315595	-79352.38991632836
-78240.46850264898	-110470.48445622306	0.03401700850425306	-79336.83722943392
-78235.11240420258	-110639.16851368612	0.03351675837919053	-79321.19132332987
-78229.79764248148	-110809.05210386588	0.033016508254128	-79305.45086631912
-78224.52434236101	-110980.14277680247	0.032516258129065466	-79289.61448655248
-78219.29260037473	-111152.44809137966	0.03201600800400294	-79273.68077017182
-78214.10248283063	-111325.9756135738	0.03151575787894041	-79257.64825933732
-78208.954023802	-111500.73291457802	0.031015507753877878	-79241.51545012926
-78203.84722298346	-111676.72756879167	0.030515257628815344	-79225.28079031431
-78198.78204340102	-111853.96715166431	0.030015007503752817	-79208.94267696573
-78193.75840896342	-112032.45923738109	0.02951475737869029	-79192.49945392425
-78188.7762018418	-112212.21139637691	0.02901450725362776	-79175.94940908697
-78183.83525966303	-112393.23119266433	0.028514257128565226	-79159.29077150952
-78178.93537249946	-112575.52618095849	0.028014007003502702	-79142.52170830425
-78174.07627963778	-112759.10390358123	0.027513756878440165	-79125.6403213171
-78169.25766610647	-112943.97188712413	0.027013506753377634	-79108.6446435627
-78164.47915893923	-113130.13763884795	0.026513256628315114	-79091.53263539507
-78159.74032315002	-113317.60864279389	0.026013006503252577	-79074.30218038941
-78155.04065739134	-113506.39235557824	0.025512756378190046	-79056.95108090689
-78150.379589265	-113696.49620184026	0.025012506253127516	-79039.47705331144
-78145.75647025056	-113887.92756930755	0.024512256128064985	-79021.87772280377
-78141.17057021195	-114080.6938034402	0.02401200600300245	-79004.15061783328
-78136.6210714392	-114274.80220161023	0.02351175587793992	-78986.29316404455
-78132.10706217453	-114470.26000676588	0.023011505752877394	-78968.30267770794
-78127.62752956775	-114667.0744005251	0.022511255627814863	-78950.17635857883
-78123.18135199696	-114865.25249563518	0.022011005502752333	-78931.91128212209
-78118.76729068233	-115064.80132772544	0.0215107553776898	-78913.50439102897
-78114.38398051093	-115265.72784627111	0.02101050525262727	-78894.95248594465
-78110.02991997843	-115468.03890467499	0.020510255127564738	-78876.25221531242
-78105.70346013972	-115671.74124935767	0.02001000500250221	-78857.40006422615
-78101.40279244474	-115876.84150773376	0.019509754877439684	-78838.39234216778
-78097.12593531651	-116083.34617493022	0.01900950475237715	-78819.2251694863
-78092.87071930499	-116291.26159908125	0.01850925462731462	-78799.89446245246
-78088.63477062513	-116500.59396500731	0.01800900450225209	-78780.39591669707
-78084.41549285372	-116711.34927605346	0.01750875437718956	-78760.72498880772
-78080.21004652223	-116923.53333382396	0.01700850425212703	-78740.87687582105
-78076.01532629553	-117137.15171550299	0.016508254127064498	-78720.8464923005
-78071.8279353704	-117352.20974839554	0.01600800400200197	-78700.62844463348
-78067.64415665956	-117568.71248125416	0.01550775387693944	-78680.21700211354
-78063.4599202411	-117786.66465187134	0.015007503751876908	-78659.60606428763
-78059.2707664513	-118006.0706503155	0.01450725362681438	-78638.78912394612
-78055.07180386785	-118226.93447705804	0.014007003501751847	-78617.75922500312
-78050.85766127068	-118449.2596950779	0.013506753376689318	-78596.50891435366
-78046.62243246299	-118673.04937482688	0.013006503251626788	-78575.03018659083
-78042.35961257802	-118898.30603068095	0.012506253126564257	-78553.31442020816
-78038.0620241659	-119125.03154717194	0.012006003001501727	-78531.35230358172
-78033.72173092772	-119353.22709286674	0.011505752876439197	-78509.13374859889
-78029.32993640754	-119582.89301920484	0.011005502751376666	-78486.64778924476
-78024.87686421603	-119814.02874086775	0.010505252626314134	-78463.88246171967
-78020.35161538055	-120046.63259327509	0.010005002501251607	-78440.8246616827
-78015.74199708985	-120280.70166147577	0.009504752376189075	-78417.45997288945
-78011.03431528652	-120516.23157288723	0.009004502251126544	-78393.77245967717
-78006.21312103818	-120753.21624381356	0.008504252126064015	-78369.7444132279
-78001.26089705093	-120991.64756610635	0.008004002001001485	-78345.35603797388
-77996.15766555475	-121231.51501519776	0.007503751875938954	-78320.58505937403
-77990.88049125126	-121472.80515319627	0.007003501750876424	-78295.40622675266
-77985.40284168003	-121715.50098940132	0.006503251625813894	-78269.7906735562
-77979.69374988775	-121959.58114312103	0.006003001500751363	-78243.70507991221
-77973.7166965421	-122205.01872593504	0.0055027513756888335	-78217.11055463286
-77967.42808308541	-122451.7798149974	0.005002501250626303	-78189.9611082576
-77960.77508976344	-122699.82131121503	0.004502251125563773	-78162.20151097063
-77953.6925733749	-122949.08783714692	0.004002001000501242	-78133.76419023846
-77946.0983971136	-123199.50706699665	0.003501750875438712	-78104.56456053995
-77937.88605481909	-123450.98235101349	0.0030015007503761816	-78074.49364750406
-77928.91228767886	-123703.38033234543	0.0025012506253136516	-78043.40570449899
-77918.9745397064	-123956.50840266843	0.002001000500251121	-78011.09566799652
-77907.76499562885	-124210.06874022548	0.0015007503751885908	-77977.25319534565
-77894.7592925435	-124463.54702163501	0.0010005002501260606	-77941.35137631453
-77878.85055521085	-124715.8464573359	0.0005002501250635303	-77902.2807682685
-77854.8219586193	-124961.76035430476	9.99999999999999e-16	-77854.82195861934
-82697.2300309279	-82562.86149252403	0.3690702464285426	-82647.63860134693
-83786.25434929886	-80984.55311968293	0.4421141086977403	-82547.58270732984
-95870.39479612673	-74928.83221127004	0.8394415782963753	-78291.17644790231
-78479.37877400579	-104729.08666084352	0.05360536964281388	-79886.50406829562
-85718.3998465557	-79049.26148263241	0.5556740954743152	-82012.53241858957
-89384.72639871691	-76854.4911525954	0.6913742480868107	-80721.64442707879
-88145.24045089957	-77455.75230002799	0.6530262630620164	-81164.7239496902
-80784.88746554832	-87198.26217845513	0.22629438553091683	-82236.1981553851
-94698.2577896803	-75174.38864320643	0.8189570801446845	-78709.04692035717
-80531.83441291515	-88127.94405541805	0.2050937874465679	-82089.74930935547
-94346.00427644073	-75254.82060172127	0.81218981452355	-78840.3393486353
-83464.86702068678	-81401.2452991817	0.4208439004434085	-82596.40440636883
-79030.60682064109	-97308.22735900793	0.09150639459877406	-80703.12597795154
-82547.74099208739	-82822.13347064366	0.35881700936857686	-82646.19768063618
-113784.74423462631	-73310.29166606723	0.9631405906436828	-74802.1560817646
-78358.31623127016	-107279.82233809809	0.044219298544443564	-79637.20494416294
-84861.69707423881	-79807.48221455145	0.509407018625478	-82287.04455107288
-90487.01393197739	-76403.62824236091	0.7220827000370518	-80317.64476755595
-86401.14641728872	-78530.07198778148	0.587368505780491	-81777.92519074203
-82399.44037295468	-83091.9334927214	0.34856445947220843	-82640.81886293438
-92067.10380551468	-75864.8492058774	0.7621794879078171	-79718.07769181106
-78839.35595616401	-99380.26125692928	0.07871258615287813	-80456.18373430861
-96008.8649180687	-74901.90480755319	0.8416568463286398	-78244.04743586782
-83853.20272150144	-80902.06634314694	0.44650259144470517	-82535.51268085942
-81481.14086499615	-85109.7063862401	0.28205048375241426	-82504.57952559034
-83247.87999486258	-81703.8362725811	0.40633572849666816	-82620.47986413863
-111733.03249348744	-73388.53013164205	0.9561120602322968	-75071.39134172128
-80416.25260731306	-88590.14594967087	0.1954009885008916	-82013.43944631063
-91841.48664768596	-75935.11647754109	0.7567092231377183	-79804.98963329465
-88013.58564064291	-77526.54675459473	0.6486343933477934	-81211.33153477633
-91174.6034033638	-76155.25391421505	0.7400476467490859	-80059.56915821719
-79386.62949660013	-94256.48597978413	0.11573042418084419	-81107.52429490729
-91605.06414324293	-76010.97371632593	0.7508863827092529	-79895.67399093423
-79754.63113531392	-91828.90107429452	0.14236745975081092	-81473.61427487216
-91140.57071735544	-76167.01476477929	0.739177594299697	-80072.45365021829
-85437.08070316578	-79283.8351356446	0.5413112804618995	-82106.25946601438
-82785.79486128537	-82414.89621307534	0.3751124008881974	-82646.66617886911
-84243.00286567636	-80448.14673983828	0.47164136596473366	-82453.19173884645
-102098.79440565908	-74038.24964484673	0.9074962021977656	-76633.95660362147
-77965.42823195981	-122527.75266728555	0.004849009198471176	-78181.51135305196
-83698.25013809014	-81095.16656615915	0.43632081305412423	-82562.47059753738
-86312.9910494395	-78593.44943890329	0.5835094477598991	-81808.56558731596
-83322.19193273073	-81598.1384533648	0.4113156873285614	-82613.06169087414
-81413.55803034465	-85287.2306406011	0.2768629845323355	-82486.03459032142
-99732.29298114419	-74311.06997714301	0.8877288603389344	-77165.13965538032
-81531.60771177294	-84980.17825461141	0.2858926539571562	-82517.5286966235
-110328.79137441394	-73451.28230977735	0.9508466113876713	-75263.9368438861
-81605.57963000656	-84794.84145282983	0.2914769952859373	-82535.17608330323
-78820.06133082318	-99611.96585482908	0.07741574066071619	-80429.682019296
-81510.69177248103	-85033.55199117621	0.28430349831814933	-82512.25325674191
-99498.94968698175	-74341.65570555863	0.8854661991005907	-77223.01620559486
-79013.55105627177	-97478.25835920949	0.09036562084459844	-80682.12579541553
-87514.7152137426	-77808.66630537155	0.6312834268349995	-81387.44739783801
-95651.00849280061	-74972.35767437817	0.835844607311091	-78366.86971975314
-95101.39884814504	-75086.23232157431	0.8263558039558104	-78561.74982177126
-82054.85538026472	-83772.82980921851	0.3243279626283368	-82612.04252665488
-91384.83428415506	-76083.7680453269	0.7453794335180841	-79979.73419883465
-79041.57322722346	-97200.25933857632	0.09224027782752255	-80716.53547911742
-93219.60963687136	-75535.37996397453	0.7887387179964874	-79271.37299591527
-86473.125639891	-78479.07207676239	0.5904722009200087	-81752.85923819801
-83644.74139347025	-81163.67326919571	0.43278596217609594	-82570.96993808166
-85036.1568217024	-79642.02164784893	0.5194359284386897	-82234.24920954803
-125494.3916906266	-73032.30513804496	0.9936093666642768	-73367.57109722949
-78501.16641026303	-104324.60874629911	0.05521749820819776	-79927.0722911826
-85839.31529554946	-78952.34644197627	0.5616037199037112	-81971.56796852176
-84130.2369407537	-80575.06262931156	0.4644522826562985	-82479.02811656336
-78898.82917324349	-98694.3174675044	0.08269798098138796	-80535.87608771956
-80231.02718961005	-89386.75183557946	0.18001682032623184	-81879.21162815997
-92826.47996303375	-75642.53370390816	0.7799500009615417	-79423.86106170567
-79614.04007654756	-92688.21798593161	0.13194601222195207	-81339.12571477113
-95632.7574856612	-74976.02706069438	0.8355405123186976	-78373.22236355519
-85247.94750464271	-79449.135847857	0.531198267073256	-82167.62880147394
-82754.07347218998	-82467.42670786502	0.372950797610611	-82647.16833280248
-84023.76712556326	-80698.09925336008	0.45759813748791595	-82501.94770133968
-97908.73935108987	-74571.10617597763	0.8680832509988579	-77649.73087381964
-78279.44537882884	-109312.97943076161	0.037549019588876686	-79444.72415685693
-86242.74604122827	-78644.68860907589	0.5803875892716834	-81832.92780503356
-89454.26033955591	-76823.91786308833	0.693391890000944	-80696.48329843885
-92454.85883824645	-75748.69310566896	0.7713797771354277	-79568.0604386633
-80215.1073395639	-89458.69923698381	0.17870839424972923	-81867.01480465161
-99547.91034341537	-74335.1772727829	0.8859464316206139	-77210.77944808548
-80957.81617333887	-86620.78026902472	0.24058816811688175	-82320.2583312316
-94716.97517781353	-75170.20520364736	0.8193088085821858	-78702.1343586494
-83878.03487806693	-80871.82613403411	0.4481258778363165	-82530.87494568802
-80585.59972543443	-87921.32555172879	0.20960970610185722	-82123.23905992779
-83063.31081998484	-81976.28038451917	0.3939188102141976	-82635.10908417958
-112679.44165329209	-73350.59707904968	0.9594441960520361	-74945.6099891026
-79086.53309242237	-96768.29972554115	0.09525336271274493	-80770.78082292894
-86931.17718275149	-78169.41013497	0.6093000236217269	-81592.63231357017
-89859.56731710846	-76651.65011158024	0.7049231727431029	-80549.00041525929
-87839.70014354374	-77622.33143009972	0.6427193395204392	-81272.7996724022
-82734.08988986532	-82500.78513158092	0.3715876252836541	-82647.39672876705
-93196.753854282	-75541.47065967733	0.7882358608248881	-79280.22650727561
-78283.9003661289	-109187.8951187725	0.03794154731632711	-79456.44574529986
-110086.84681922523	-73462.93775062771	0.9498967282755953	-75297.91541830153
-81780.21393713508	-84377.423261268	0.30445011488929646	-82570.9346142589
-80337.94248686684	-88918.12675589092	0.1888658472277248	-81958.44625820607
-82146.19080967354	-83584.47629521113	0.3308183684052087	-82622.00206729998
-104529.50979205407	-73816.21175460404	0.9233578328770219	-76170.14547568811
-79870.29663394284	-91174.89079540534	0.15118613727163305	-81579.39455863781
-89391.1781978684	-76851.64142031364	0.6915619682194957	-80719.31146342188
-86438.59850994172	-78503.45287800838	0.5889886360583184	-81764.88790726518
-82986.67342500531	-82093.78484047802	0.38874263087513944	-82639.5695675778
-80131.75590355201	-89845.09928896619	0.17190463384636884	-81801.52464164568
-92668.79473494567	-75686.98292043134	0.7763438279656195	-79485.06994507383
-79874.1548147068	-91153.828601676	0.15148411737151884	-81582.84624256448
-93713.88410831746	-75407.6635043696	0.7993578230526951	-79080.66345802331
-89231.03693310874	-76923.16979681543	0.6868708532676561	-80777.12173129802
-84898.02869904619	-79772.51581863113	0.5115202398022899	-82276.22512134655
-85902.10980841958	-78902.90063364262	0.5646270000484153	-81950.16732935392
-116568.72777388274	-73225.08850120343	0.971655516582672	-74453.64156581453
-78171.5469182746	-112855.78961517819	0.027251690000826962	-79116.75114816407
-84273.7983932289	-80414.07353948885	0.473590877885745	-82445.86791134872
-87204.09004042635	-77996.28486979126	0.6198338363133016	-81496.78083748615
-84558.39312668289	-80110.43372805964	0.49128713048703054	-82373.16791721045
-81734.5718957206	-84483.893682794	0.30108674846631944	-82562.35625307813
-96741.11512122097	-74766.1938331549	0.8526862565747341	-78003.40174957548
-80865.80579598127	-86922.59390306982	0.23301155182623776	-82277.10739189667
-103704.93125337674	-73885.88058299122	0.9183702202967919	-76320.00312017358
-82295.62679137559	-83288.77621456695	0.341330178980137	-82634.61866174752
-78005.90488180568	-120768.20998626132	0.008472704453948508	-78368.2172547253
-81602.21611510795	-84803.15485486612	0.2912242695004501	-82534.40716130972
-103093.80126524123	-73941.12308656346	0.9144282323667018	-76435.76928955759
-78850.66475461058	-99246.60919636699	0.07947165175464843	-80471.56414849301
-88555.01031454673	-77244.43429795057	0.6662617970320655	-81019.20561226159
-93257.34867768844	-75525.35979470442	0.789566789891184	-79256.75913696458
-117753.09206603545	-73194.70891866923	0.9749833914688467	-74309.40854664803
-79732.67240995797	-91958.23999385288	0.14071839026985106	-81453.03460049894
-87825.970555297	-77630.0077537391	0.6422465070160417	-81277.64906033095
-78196.05732327615	-111950.43873856573	0.02974419465713338	-79200.05421462365
-87320.4396013708	-77924.8722847275	0.6241862249637966	-81455.855906602
-83980.3213073391	-80749.23387718775	0.4547845238450885	-82510.87274891586
-81231.40157651836	-85790.31550229891	0.2626330876890917	-82428.7232173549
-83250.63075636383	-81699.88402441154	0.4065202695860579	-82620.22077683089
-115276.36627617988	-73261.99253526847	0.9678328746635586	-74613.47416132446
-79468.69532395658	-93662.30531112992	0.12149782171500997	-81193.18801967055
-87944.63742329826	-77564.21126751987	0.6463049958900842	-81235.7161393506
-85636.82630829784	-79115.94418217974	0.5515919090920566	-82039.96048738809
-81976.67904923215	-83938.90565528465	0.3187281698627305	-82602.09594423522
-81074.71148418452	-86254.19327105553	0.2501020416310537	-82370.11045367182
-96288.60252463992	-74848.75660980593	0.8460044605155879	-78150.39724792347
-80660.78746419406	-87640.82881236043	0.21592024462335455	-82167.91969957127
-105153.25873249874	-73766.96529610876	0.9269048983771513	-76061.14960440624
-83350.47612854178	-81558.48455550849	0.41320811921448203	-82610.01066100049
-81770.20565577211	-84400.61575563482	0.3037141878285183	-82569.09852290784
-83205.3084959785	-81765.39844298722	0.4034777812190838	-82624.33678264252
-95088.90812072839	-75088.90341952305	0.8261321464176316	-78566.2613085589
-78010.80624132346	-120527.5429871034	0.008980555161750869	-78392.63014096658
-84854.36280388804	-79814.57403726586	0.5089788755743995	-82289.21678432019
-87747.07987749386	-77674.44463000409	0.6395125492887255	-81305.5032323162
-86503.983696665	-78457.4102966305	0.591790065777699	-81742.10149497351
-80588.58596589962	-87909.99953184117	0.20986050880128201	-82125.06154199272
-96367.57053614507	-74834.04958480441	0.8472013371803544	-78124.34279196808
-80876.56564724052	-86886.67150441087	0.23390117884069925	-82282.33649219006
-96579.78551749128	-74795.15729197425	0.8503527550341663	-78055.1668885278
-84042.7702067463	-80675.90441479879	0.4588258651040709	-82497.96509706668
-79786.36231943606	-91645.00319878891	0.14476458925051805	-81503.07359540497
-83078.22592195179	-81953.71843419726	0.39492477450019753	-82634.13005592655
-121530.57093857694	-73113.40749743966	0.984658956177417	-73856.17732355531
-78351.95559191413	-107430.95524354339	0.04370096291265834	-79622.73587722718
-84918.90942217712	-79752.54247780384	0.5127289526019354	-82269.96351003135
-94100.66091485017	-75312.80737688777	0.8073125468406452	-78932.99102544872
-86794.51431605274	-78259.2030247226	0.6038414113866966	-81640.53989927114
-82559.76173727885	-82800.82622315935	0.3596443006828857	-82646.45920572283
-92473.81237896526	-75743.15929552914	0.7718228335145578	-79560.71230955853
-79281.69848904976	-95069.2576811121	0.10847566134927103	-80994.26441349948
-95837.25394861352	-74935.3388974928	0.838905097892121	-78302.53085652029
-84116.21016121175	-80591.09066780012	0.463552804543871	-82482.13113368853
-81890.73546284575	-84126.89850708793	0.31252027503220137	-82589.58175244916
-83467.4358906168	-81397.7706192311	0.42101503315958216	-82596.07569775512
-106245.26128047863	-73687.31918842098	0.932704571745512	-75878.31984459082
-79952.24657350036	-90737.31117041188	0.15756742413850333	-81651.62142120308
-90379.22314222384	-76444.7147419858	0.7191897226551913	-80357.6679105202
-86839.69050924695	-78229.28417390233	0.6056600845437684	-81624.71108022593
-83640.91082515942	-81168.61459119557	0.43253257493146513	-82571.56216908967
-79624.78376676296	-92619.83709566775	0.13273111760891534	-81349.63171849595
-91024.52465027597	-76207.52100767019	0.736196198324891	-80116.30289802354
-79370.64465134904	-94376.30124299308	0.11461706275478815	-81090.5489345903
-91367.41857957788	-76089.61485866988	0.7449405302099862	-79986.36337528058
-87973.65557303329	-77548.30944213858	0.6472878836434506	-81225.45533971602
-84195.07632178083	-80501.67036616408	0.4685953579552635	-82464.3634359345
-85317.47949321927	-79387.62590301852	0.5349591972245618	-82145.2497769463
-108976.17530127006	-73519.89797990395	0.9453570889867777	-75457.3321864355
-78221.50594870289	-111079.23624367465	0.032228130268351224	-79280.44916097159
-84934.46033175703	-79737.72507201247	0.5136263652060788	-82265.28008935617
-88060.22410504709	-77501.30056207567	0.6501984879668674	-81194.82798284931
-86146.63734966186	-78715.88008118593	0.5760470464087092	-81866.17157257625
-82204.69197203328	-83466.92031483667	0.3349484787589118	-82627.47343530165
-104165.26685526397	-73846.323330567	0.9211988080782897	-76235.49221812014
-82223.23630439653	-83430.14441887011	0.33625355495811804	-82629.06344839607
-123187.52518309106	-73081.22872934981	0.988527677491691	-73656.06432196406
-80915.74452861666	-86757.28741314614	0.23713264947278476	-82300.96506983403
-79356.43955281349	-94483.94489841894	0.11363024777255608	-81075.3817334153
-81534.47399291427	-84972.89775282505	0.2861100757990444	-82518.24167549158
-98814.68030296372	-74435.7169469838	0.8784311659247872	-77399.43909813261
-79119.84200956904	-96458.85757320441	0.09749143124707252	-80810.24745328311
-87306.571242735	-77933.31159726872	0.6236715639479256	-81460.73574035706
-89874.44387041645	-76645.51411050829	0.7053393520165562	-80543.55912569028
-89181.86815802674	-76945.46820721797	0.6854169573071497	-80794.83213535004
-80973.19055140832	-86571.51173238197	0.24184696423526028	-82327.12753384076
-88657.30094502155	-77193.71520865842	0.6694717638106195	-80982.75398250426
-77993.86306909483	-121337.30431675412	0.0072840649053946774	-78309.57950836595
-89124.38624476704	-76971.74089658534	0.683708906700362	-80815.5143802445
-84515.56768585008	-80154.87357791532	0.48866398680510487	-82384.65351782915
-81224.64511816009	-85809.70168216235	0.26209824505854595	-82426.38039707925
-83596.64317870434	-81226.08360950676	0.4296012236579028	-82578.24788702311
-120122.41595433846	-73141.6486548234	0.9812031259014452	-74024.74022280588
-79008.11502811527	-97533.00073054427	0.0900021648381564	-80675.39484471329
-86714.88255723196	-78312.5201955122	0.6006004229673003	-81668.42016885855
-84759.80548805706	-79907.01904759287	0.5034132536317321	-82316.84847688302
-80064.22188182012	-90170.70773962793	0.16645639436033474	-81746.51107736453
-80596.73999663163	-87879.15270222108	0.21054529272610806	-82130.01771148229
-94287.23872056717	-75268.55983690819	0.8110337307352288	-78862.4486318979
-80022.65260180435	-90377.03077624546	0.1631345472892627	-81711.80939775362
-99670.62426214294	-74319.08227114976	0.8871372466321957	-77180.32710237276
-87938.9970225621	-77567.31066980949	0.6461135181229818	-81237.710264317
-83627.60479788252	-81185.81789041263	0.43165206112958276	-82573.60244643391
-84767.33569798226	-79899.58735564094	0.5038595557607694	-82314.67418065494
-101343.10350308949	-74118.52152914435	0.9017414603328624	-76793.56919695248
-78616.01678569833	-102398.97847616716	0.06345195152754499	-80125.09211806342
-87763.96627455282	-77664.88565243271	0.6401002158487508	-81299.54258845981
-91074.11342255533	-76190.13505883078	0.7374729893630354	-80097.58140504465
-104154.20749893892	-73847.25375731148	0.9211321880672504	-76237.4968852607
-80195.37291360078	-89548.69674137452	0.17709023796427292	-81851.75525601814
-93260.63089342036	-75524.4904786498	0.7896386763366999	-79255.48845297909
-80209.08944762577	-89486.04774123231	0.1782144955014971	-81862.37788970929
-92529.87472011143	-75726.86736608054	0.7731296447321009	-79538.97161405865
-82884.90610720668	-82254.0233627461	0.38184938379385047	-82644.00391998823
-78385.6085489151	-106653.1643974572	0.046410619867331936	-79697.52333798037
-82053.40154638837	-83775.87671544032	0.32422421102074145	-82611.86969907705
-107691.05623294768	-73593.4748198442	0.9396950229234887	-75649.72868532588
-78503.03110156777	-104290.64120062967	0.05535460230709631	-79930.4940030518
-85456.36277742285	-79267.33505849812	0.5423215289381759	-82099.91980225484
-90812.11684829349	-76283.31505958845	0.7306796596219027	-80196.2169026084
-88140.68213624641	-77458.17912386592	0.6528753994922332	-81166.33871446151
-82884.15941153748	-82255.21730731672	0.38179871832580303	-82644.03012224486
-93429.16575109339	-75480.31045140923	0.7933011909989184	-79190.3174647867
-78738.38211803488	-100648.24571568031	0.07189231271081609	-80313.53288324813
-106240.72490345687	-73687.63371577865	0.9326814690154982	-75879.05999353768
-82986.37783705578	-82094.2432323856	0.3887226424287167	-82639.58491612629
-80961.51020633384	-86608.91261416792	0.24089081976387614	-82321.91760189348
-82744.16167307807	-82483.94654730713	0.3722748080191441	-82647.29013708801
-114437.45023075237	-73288.34542628875	0.9652333225873935	-74718.96307884308
-80368.98816556165	-88786.61013312012	0.1914522950018934	-81980.56120970908
-91226.56323138691	-76137.40018920023	0.7413722720792715	-80039.8761430264
-87788.767424283	-77650.89322100095	0.6409608754258699	-81290.78669999
-87352.2981459851	-77905.55904544715	0.6253643675912025	-81444.6441225781
-80665.92523200433	-87622.01089229868	0.21635098695010385	-82170.88122991848
-94765.32159937239	-75159.44089825658	0.8202136206053038	-78684.31120435454
-80470.90368031696	-88368.45252521937	0.19997944282434554	-82050.2510979986
-96806.62130175126	-74754.57943985196	0.8536186843237804	-77982.58634094386
-87956.14155645244	-77557.89831563727	0.6466950990882196	-81231.64861349006
-84752.38122553863	-79914.35812889066	0.5029727170329661	-82318.98760354935
-85801.00270639881	-78982.80926288477	0.5597404061211892	-81984.58433931343
-126998.7879215418	-72989.85933914325	0.9967682905313734	-73164.40050503337
-77974.44717763948	-122175.58772801628	0.005562593986129035	-78220.32017624505
-83144.0708264378	-81855.28056483043	0.3993603597798985	-82629.37908388146
-85567.28975832593	-79173.63743737723	0.5480591604369406	-82063.19003518109
-82497.06979675658	-82912.8612147511	0.3553238162756458	-82644.81039017305
-80949.72970883088	-86646.82540479691	0.23992521249305485	-82316.6066042788
-98370.58381902934	-74500.4629129897	0.8735165433116712	-77519.63831675393
-81231.46036711767	-85790.14705171512	0.2626377393601281	-82428.74353241146
-99200.10591807403	-74381.91538302485	0.8824696891785131	-77298.80503063607
-82109.06309967232	-83660.32107662455	0.3281864657875328	-82618.16497265299
-79370.00472308516	-94381.12668553524	0.11457255569432334	-81089.86733016226
-81849.5911501421	-84218.98221977493	0.3095278360441054	-82582.98364066778
-101388.58603429992	-74113.520574999	0.9021010813560271	-76783.71998940814
-79274.82065267007	-95124.78565086653	0.10800430021590358	-80986.68503074684
-88391.12877757361	-77327.35406598785	0.6610433269239165	-81077.49433389027
-94433.6223269177	-75234.50833336374	0.8138991875481087	-78807.47904592061
-96828.85338556336	-74750.65658980575	0.8539331844501569	-77975.54848884481
-80834.51129155263	-87028.04138631886	0.2304191477778989	-82261.61921772543
-89274.45904158843	-76903.61013024373	0.6881494510828187	-80761.4661538181
-78634.99894818547	-102109.42298526519	0.0647791583382597	-80155.65237978291
-89279.29284705177	-76901.44036542848	0.6882914781487269	-80759.72246616839
-84999.68411058163	-79676.10848224541	0.5173642483241077	-82245.45640723093
-82294.31135737133	-83291.31441761703	0.3412381752652153	-82634.52686238341
-83998.9771928126	-80727.2091940055	0.45599383036916435	-82507.0711709573
-112727.54786334225	-73348.75602215673	0.9596093012542222	-74939.29294038675
-79172.44809698453	-95987.31452922325	0.10103929885118083	-80871.4104115742
-87116.64766017951	-78050.8821123697	0.6165097164884682	-81527.51511254837
-84958.21079095508	-79715.1893412696	0.5149923584910866	-82258.0948089622
-78490.61832042951	-104518.65946721612	0.05443939646348988	-79907.56917158746
-80679.63658920216	-87572.00502746119	0.2175001152029778	-82178.72751854487
-95047.6436612281	-75097.75465341877	0.8253907306008703	-78581.19019766609
-79800.35187382143	-91565.0279799309	0.1458267548201818	-81515.95641188591
-110935.20425751648	-73423.18441687345	0.9531706390803507	-75179.84833281596
-83216.03646612947	-81749.8143276591	0.40419832353288165	-82623.39193583296
-82025.87384504083	-83833.86331091016	0.3222570004278865	-82608.5111071171
-83324.7897271839	-81594.4833021818	0.4114895702282702	-82612.78667999657
-95040.97337955967	-75099.18932894418	0.825270516845612	-78583.60694928464
-78140.45214074642	-114111.15501345752	0.023933272480538597	-79001.34877391551
-85035.70123959986	-79642.4458148751	0.5194101335426404	-82234.389719214
-88066.72876056531	-77497.79416284278	0.6504159020096785	-81192.52563090631
-86741.92354169571	-78294.33135345599	0.601706087875303	-81658.95589414402
-80602.98977505346	-87855.58792703004	0.21107010675904936	-82133.79644127164
-99458.53607306516	-74347.02783815107	0.8850675701614108	-77233.15449650149
-81158.5895044032	-86002.11041478114	0.2568429340282033	-82402.61362605162
-96547.5243223146	-74801.01115629237	0.8498797187120499	-78065.60382980773
-84309.65269379834	-80374.71249433473	0.4758527316792772	-82437.20065088899
-80758.99497734405	-87288.57850508062	0.22413610201881823	-82222.5103770572
-83393.42993287368	-81498.85827753088	0.41607878229254613	-82605.13886555267
-118981.93048093384	-73166.09452753571	0.9782771961991418	-74161.34294292369
-78730.87734090113	-100748.31367482891	0.07138132851621062	-80302.51119693798
-85898.5011254199	-78905.7261024745	0.5644542826029071	-81951.39931643973
-88572.26629473692	-77235.82303421147	0.6668057914982901	-81013.06027362679
-85701.4363536779	-79063.04088136883	0.5548306711036136	-82018.25093872547
-82133.86261302	-83609.5524940077	0.3299453986667106	-82620.75969911092
-91456.47001873565	-76059.85879777405	0.7471794964388268	-79952.43779979317
-78152.12945357608	-113624.78862548977	0.025200792737774355	-79046.06858522519
-96360.72235661565	-74835.3199030285	0.8470980668987883	-78126.59554896354
-83494.30251887187	-81361.57583768292	0.4228038809670645	-82592.57740102318
-80768.04124989184	-87256.90547857533	0.2248905964908763	-82227.32579682878
-82880.84308666486	-82260.52327677306	0.38157368005980147	-82644.14537399045
-110600.43272659127	-73438.50176353187	0.9518974925912178	-75226.08382300708
-80306.55268636798	-89053.14722852159	0.18625771077183367	-81935.67336283893
-91851.90909580627	-75931.82544873816	0.7569637906296142	-79800.98223118107
-87822.01675004295	-77632.22148245666	0.6421101807141594	-81279.04546933284
-94509.89755190439	-75216.99208100102	0.8153732414975785	-78778.97868018755
-79114.81489733138	-96505.00414086747	0.09715328027301366	-80804.32882690939
-90748.00172168334	-76306.62339124884	0.7289991312685004	-80220.24946447684
-79468.8470795952	-93661.23777610998	0.12150857022167921	-81193.34418115618
-90340.49161352296	-76459.6276308993	0.7181448669282584	-80372.02039587243
-89421.30474329847	-76838.36978953004	0.6924371360387008	-80708.4133009498
-84080.56716059535	-80632.0645733959	0.4612622627110081	-82489.90305425896
-85180.12613262262	-79509.98374601307	0.5274817209703209	-82189.22966838705
-104371.24300281484	-73829.16952992228	0.9224279953618895	-76198.37939501902
-78291.52112100188	-108977.0732651535	0.03860813941374911	-79476.23319617115
-84777.68210446737	-79889.39616061523	0.5044719098021563	-82311.67915871325
-88054.44391216399	-77504.41943887492	0.6500051395412028	-81196.87378224063
-85567.13403564556	-79173.76752941735	0.548051193983998	-82063.2418883299
-82083.92398908864	-83712.23302139743	0.3263994563332718	-82615.40317197678
-98270.13296314499	-74515.53375718198	0.872363723349718	-77547.48235315084
-81221.29899877387	-85819.32260706945	0.26183317963627123	-82425.21414017654
-108081.48079886302	-73570.19771579892	0.9414656639957036	-75590.29275572237
-81322.4679220137	-85534.17838567868	0.26979277107462674	-82458.75695896988
-78322.00848486098	-108170.81601893807	0.041217586083980594	-79552.30427890098
-81263.0253488359	-85700.28900724984	0.26512974407482787	-82439.47592698372
-98428.9539767331	-74491.77891011981	0.8741792771770979	-77503.57157933945
-78797.95831771952	-99883.29081961936	0.07592696188362498	-80398.90355489483
-86950.06795168512	-78157.16452307868	0.6100445862218965	-81586.00481789181
-92648.98074375805	-75692.62965104156	0.7758875037169546	-79492.759822282
-93412.23057983909	-75484.70964284208	0.7929357283564352	-79196.85870803612
-81696.62035991294	-84573.81427484483	0.29827573221158227	-82554.81748160395
-90466.54349821573	-76411.38416765527	0.7215349665606511	-80325.25458063517
-78553.0312579118	-103415.17833761583	0.05898505975384021	-80019.5264890169
-92026.59174228263	-75877.3175159845	0.7612035066745663	-79733.7075709753
-85696.8628694083	-79066.76372587528	0.5546027868609041	-82019.79140724079
-82808.87138345662	-82377.00286941614	0.37668322569516377	-82646.19375851167
-84538.4404960604	-80131.08522150526	0.4900668610112301	-82378.54173129787
-125455.88788717272	-73033.22815199137	0.9935270909689102	-73372.55525962496
-78974.43121004842	-97878.31987127812	0.08775100406739188	-80633.26642084951
-86890.54883493148	-78195.88248733249	0.6076905896422595	-81606.88191541634
-84913.46808511394	-79757.73877762513	0.5124143831901672	-82271.5982321216
-80898.17845607575	-86815.02435821717	0.2356853584979633	-82292.69240369915
-80675.67627546235	-87586.41653952676	0.2171682711748917	-82176.46979114793
-94587.94429981866	-75199.22751966739	0.8168679503948256	-78749.92296283072
-80280.04901649237	-89168.78944018166	0.1840617233577826	-81916.1258973566
-98491.96495304586	-74482.46443533413	0.8748888866747805	-77486.31977548747
-84313.30605508594	-80370.72032218763	0.4760827142937585	-82436.30913803187
-82031.8521197366	-83821.22238785187	0.32268466832192716	-82609.2544712085
-83582.23060026843	-81244.9406391589	0.4286456417090218	-82580.36144502858
-97407.35146032093	-74651.86078256731	0.8617793114712838	-77797.1403718552
-77891.453415087	-124521.18520936773	0.0008865465303698938	-77932.7928420213
-85533.31100734056	-79202.11899389148	0.5463150170457808	-82074.485734593
-88428.56218387288	-77308.23041032183	0.662243784019805	-81064.19159060076
-91950.22494349864	-75900.99692141508	0.7593562689557112	-79763.14303302982
-80114.8072607566	-89925.73012914552	0.17053158069682367	-81787.87944559757
-94612.65886092572	-75193.6352718701	0.8173383975299086	-78740.7452390515
-80512.50677758755	-88203.49168658303	0.203470779372859	-82077.39747116576
-94109.51453869634	-75310.6859362472	0.8074908573476659	-78929.63231337286
-83410.17757339832	-81475.80158635663	0.4171969533550568	-82603.16180496135
-79048.71041539515	-97130.55135278938	0.09271809956502668	-80725.22434374744
-82509.493911903	-82890.47818172541	0.3561812185029086	-82645.19335335879
-112804.89763912116	-73345.81287915396	0.9598739395897505	-74929.15049796556
-78721.48415415768	-100874.79737225102	0.07074076142929323	-80288.62639938723
-86212.48173832156	-78666.96984956504	0.5790294915010239	-81843.40782625994
-93296.20619092273	-75515.09013049792	0.7904164781830935	-79241.71905627691
-90623.56347557463	-76352.44445358592	0.725716715512909	-80266.77385224319
-83487.69546437678	-81370.4523689127	0.4223641289064503	-82593.4479286779
-95089.48653822947	-75088.7796433495	0.8261425113822186	-78566.05231467367
-79380.69167024462	-94300.83234388776	0.11531648376412082	-81101.22982999518
-123557.24995139807	-73073.94012107744	0.9893644712963621	-73610.85681183246
-81464.7764593893	-85152.2590661043	0.28079886843287516	-82500.21740272078
-81018.23582257685	-86429.01892693892	0.24552228898557013	-82346.70367556428
-82534.41670847696	-82845.84754353306	0.3578993892045786	-82645.877614123
-100271.14489023127	-74243.16009945891	0.892713174676978	-77035.61995721678
-79402.86452851816	-94136.19372278063	0.11686444579693903	-81124.6668795495
-87948.61172309096	-77562.02905031508	0.6464398294679716	-81234.31099134673
-85443.01092495008	-79278.75371888877	0.5416223915113566	-82104.31119511204
-79130.22263614873	-96364.1797681333	0.09819014494560979	-80822.42738492471
-79684.02751338262	-92251.03296413655	0.13709360294570624	-81406.88356886481
-90981.64211874979	-76222.64906703998	0.7350887112747694	-80132.47293665515
-79221.1080488185	-95568.68283239691	0.10433869515511252	-80926.79267068769
-91711.23797140935	-75976.61976372419	0.7535127478539572	-79855.0025693036
-87501.23730251948	-77816.60856262641	0.630797653622766	-81392.19621718733
-84144.94519104713	-80558.31398773407	0.46539426011848023	-82475.7476158634
-85300.28685381572	-79402.75381142729	0.5340339180138842	-82150.80417657268
-111673.70189349985	-73391.02035294542	0.9558976421618939	-75079.3768732492
-78068.14211493741	-117542.86510707042	0.015567301295460802	-78682.65702131079
-83725.5463424725	-81060.58721296687	0.43812052880262553	-82557.97303941612
-86360.34232462762	-78559.28050685111	0.5855903044318863	-81792.11615986392
-83519.79022771196	-81327.48185881494	0.4244992787487101	-82589.15690632041
-81364.9368964753	-85417.92211311367	0.2731004246509351	-82471.8088802432
-104565.34024718407	-73813.30470977315	0.9235666130540489	-76163.78694137972
-81833.64749863055	-84255.0377442934	0.308364522226589	-82580.3183448585
-104196.67047140576	-73843.6865886279	0.9213876302266216	-76229.80658134623
-83002.96411837451	-82068.58370247834	0.3898439608109547	-82638.70155613736
-80195.8052707873	-89546.71529665274	0.17712564361584535	-81852.09122751257
-82475.6925549714	-82951.58549354311	0.35384712997036405	-82644.08590545817
-105564.8766454891	-73735.9953482762	0.9291491381159761	-75991.09902098803
-79719.25652231263	-92038.1165512811	0.13971480798087788	-81440.38368580327
-90107.88704312357	-76550.89135265785	0.7118086655821441	-80457.9000313903
-92453.5663865484	-75749.07093667211	0.7713495419620181	-79568.5614725797
-103768.56377355286	-73880.30996356525	0.9187681491112168	-76308.18814038427
-80311.14177723293	-89033.27734128587	0.18663853728048052	-81939.02840086982
-87966.1580999784	-77552.41103672523	0.6470342859121244	-81228.1067052369
-78131.66506880287	-114489.55294406213	0.022962315056107966	-78966.52634496923
-87625.03319795377	-77744.31153760043	0.6352240834496905	-81348.56083743431
-84093.30003576583	-80617.38664560903	0.46208131808763003	-82487.14539488373
-81183.37244614038	-85929.30432185336	0.25882021596291854	-82411.7155591577
-83306.80851615965	-81619.83788558318	0.4102857123814393	-82614.66856922703
-114753.2440393391	-73278.1887460872	0.9662234169720162	-74679.07439478993
-79464.77510161123	-93689.92108443135	0.12122027167327107	-81189.15116224063
-87889.95922860217	-77594.37411243317	0.6444428528481275	-81255.0429845975
-85545.13932812151	-79192.1824955217	0.546923506824132	-82070.55789853369
-81416.38164143456	-85279.71836148993	0.27708070073626173	-82486.83768700763
-81028.49288963633	-86396.95443615879	0.24635643529846107	-82351.04793927446
-96174.59240727912	-74870.21840999316	0.8442529703430457	-78188.31137877131
-80488.04045858706	-88300.11182583736	0.20141709805825755	-82061.52520320262
-108843.53906720404	-73527.09664714511	0.944794094391714	-75476.77283380735
-85414.82615053774	-79302.9584554488	0.5401405273127851	-82113.55871084642
-82817.89280789405	-82362.26185069981	0.37729693990095964	-82645.98464202051
-84024.14288911922	-80697.65937252382	0.4576224320094174	-82501.86941221559
-97416.26573843957	-74650.3865348155	0.8618952862553753	-77794.4617653767
-78377.86781103116	-106827.43056259191	0.04579428965035297	-79680.69532810203
-86187.12405426103	-78685.73511954254	0.577885427760074	-81852.18070092655
-89555.89862728513	-76779.77627013478	0.6963196691204272	-80659.63333491211
-91104.03405850357	-76179.70039339627	0.738241362966521	-80086.27363220762
-81144.37529936909	-86044.20827314237	0.255705870480372	-82397.29135513621
-94878.15165998033	-75134.54954920102	0.8223045143251556	-78642.89851524684
-80520.78225842486	-88171.06101132934	0.2041656442280113	-82082.70634853547
-96588.24783364183	-74793.62523112667	0.8504764797747743	-78052.43392463501
-83736.2536031654	-81047.08995979934	0.43882581412153626	-82556.17917805925
-78088.25108892187	-116519.66794057302	0.01796359079331246	-78778.61733485214
-82670.42359236498	-82608.45792318037	0.3672369422424775	-82647.66750948962
-125500.74343769038	-73032.15232796545	0.9936229316905146	-73366.74811757462
-78179.49715534753	-112554.48301011906	0.02807157439639846	-79144.4571281449
-84263.1498731915	-80425.82747007385	0.47291747190676864	-82448.4130634179
-88603.64326185976	-77220.22256413981	0.6677923452573663	-81001.88205707811
-85278.42392698769	-79422.06791985485	0.5328528717499144	-82157.84781059709
-81934.79875984034	-84029.79028617153	0.3157101039301164	-82596.20875235107
-90926.64046558121	-76242.18034716458	0.7336636401164738	-80153.18600195849
-78355.1457186873	-107354.90503351288	0.04396130840286031	-79630.01308153507
-93732.66509555087	-75402.95716259757	0.7997514397954113	-79073.4547851421
-83153.50976517289	-81841.3229161698	0.3999954916802135	-82628.64094132959
-80856.82968699659	-86952.69100537519	0.23226872438393117	-82272.70761943773
-82759.61641926004	-82458.2104499968	0.3733287105546265	-82647.09291740153
-111134.1103689534	-73414.30477822185	0.953915947102561	-75152.58629434624
-80356.04975493607	-88841.17869312469	0.1903736086640469	-81971.39437087877
-91409.15479212813	-76075.62554190571	0.7459915096584208	-79970.47215836316
-87790.29769336795	-77650.03168780325	0.6410138845397364	-81290.24639087469
-88303.6274035544	-77372.48727373072	0.6582170151958774	-81108.56497461398
-79873.733445718	-91156.12662410094	0.1514515617470793	-81582.46951282868
-92415.59275338445	-75760.19933084419	0.7704598962389634	-79583.28006523497
-79941.42080233485	-90793.96340855048	0.15671825084477764	-81642.2122967994
-92398.58856048195	-75765.1996864627	0.7700607068699967	-79589.86936651115
-86066.24970394588	-78776.41356840609	0.5723534295240631	-81893.88699110124
-83252.08591104553	-81697.79453001011	0.40661788576071506	-82620.0832358328
-84626.11755187815	-80041.02113230307	0.4954041414926394	-82354.64179647759
-106210.69976612812	-73689.71881182955	0.9325283602672292	-75883.96272253428
-78001.2282252641	-120993.20262735474	0.008000749230950231	-78345.19623139866
-84132.28421633884	-80572.72779194228	0.4645834727635868	-82478.57313119475
-86868.14178038118	-78210.5621907709	0.606798180438814	-81614.73823840145
-84264.04036152974	-80424.84341243673	0.47297381435669206	-82448.20073645064
-81697.35741177373	-84572.05573093567	0.2983304513939164	-82554.96745895065
-101422.43766107628	-74109.81296333436	0.9023675895100548	-76776.41034938212
-81828.95721768156	-84265.68457939476	0.3080218966406066	-82579.52260123251
-120254.72709158779	-73138.91855483742	0.9815349561912482	-74008.91402355328
-81272.34274390202	-85673.98562571467	0.2658632353190411	-82442.57776117975
-78880.55083304086	-98900.76581794396	0.08147465110433486	-80511.69086396962
-81429.60156351746	-85244.65814387484	0.27809888451683834	-82490.56454288347
-98736.24047027245	-74446.93409474145	0.8775840636738812	-77420.33227741404
-78985.93677164686	-97759.16524140327	0.0885198048789782	-80647.73929273817
-87205.51726765189	-77995.4004027139	0.6198877085064571	-81496.2790291688
-98887.40150662449	-74425.3995658173	0.8792087417749685	-77380.19555895055
-93763.90286108186	-75395.15234800184	0.8004044883301931	-79061.47250539507
-81914.89114580464	-84073.47250280702	0.314270823502636	-82593.27028646722
-91197.19209545314	-76147.47715829371	0.7406240603611406	-80051.01111141642
-79122.93591589418	-96430.55335977294	0.09769961496675933	-80813.8834761531
-92509.81009515718	-75732.68513772184	0.772662575514133	-79546.75351582275
-86423.61895114316	-78514.07792368549	0.588342006579987	-81770.10371192198
-83578.60082278508	-81249.70118397415	0.42840489019913697	-82580.88882873548
-84952.2213027254	-79720.86176851059	0.5146484024507908	-82259.91047579603
-122567.15404866067	-73093.29352556114	0.9871025679269098	-73731.37928105136
-79099.60100685418	-96645.85620285258	0.09613074013660172	-80786.3355054712
-86876.82346068807	-78204.86772556047	0.6071443537257942	-81611.69450034533
-84852.90712225143	-79815.98293010505	0.508893837675664	-82289.64744002867
-79821.15069531914	-91447.34355097228	0.14741194215303172	-81534.99036401667
-80645.89467920725	-87695.62516469495	0.21467122991346954	-82159.26899308538
-94564.59018946427	-75204.52654495342	0.8164221287936316	-78758.60581523253
-79987.62572653826	-90554.52684298421	0.16035539470050494	-81682.08532582715
-102108.1174614876	-74037.29573300111	0.9075643987840852	-76632.03901609853
-86916.41369021533	-78179.00813654049	0.6087164744747375	-81597.81098552639
-83524.62069339439	-81321.04677186992	0.4248204089892543	-82588.49751881431
-84717.34197831793	-79949.15646763181	0.5008867441039171	-82329.02106258688
-102208.13675812655	-74027.11597496604	0.908291953862769	-76611.5423291424
-78449.48903605825	-105308.13283299966	0.05136072501400985	-79828.9684543622
-87823.43805116191	-77631.42553736967	0.6421591951813068	-81278.54349802727
-90848.4907401132	-76270.18132500783	0.7316298654154823	-80182.5641847544
-124050.2605346884	-73064.01464588317	0.9904663773726801	-73550.09827337078
-79083.51356703436	-96796.7868738811	0.09505074630077563	-80767.17341427975
-95947.51966941016	-74913.78290028484	0.8406806501912379	-78264.86416639054
-80588.32754273417	-87910.97904636752	0.20983880513766126	-82124.9039846961
-92887.81073949218	-75625.47696144758	0.7813402798902481	-79400.05403379592
-83184.6590559914	-81795.5301636183	0.40209021718125343	-82626.10391796434
-79976.57386024493	-90611.24210990008	0.15948238651622584	-81672.61613250826
-82514.11651731486	-82882.17310503229	0.35650007767769004	-82645.3287194259
-107222.61541423178	-73622.52645631119	0.9375077985770582	-75722.26998329832
-78760.36783252284	-100359.99485021528	0.07338546706180785	-80345.46654957705
-85971.22380107416	-78849.16060457632	0.5679110563656429	-81926.5253676482
-88510.42902035298	-77266.78649043657	0.6648516093463641	-81035.07518942283
-85859.84240840074	-78936.11732510294	0.5625961862967159	-81964.58108157049
-82187.59340235898	-83501.0358331025	0.33374341624272563	-82625.94616623348
-91651.49022282318	-75995.89360380071	0.7520370860472432	-79877.90096112245
-78048.32650681307	-118582.9849988149	0.013207435643609529	-78583.68540018187
-98003.7019472714	-74556.29531375843	0.869228633280008	-77622.54472526233
-81877.8833584768	-84155.51475219401	0.31158700662391303	-82587.5637066378
-80122.10526304944	-89890.9232307111	0.1711223535283367	-81793.7683848656
-82057.4125243686	-83767.47438312275	0.3245104164484645	-82612.34541030554
-103704.08451433529	-73885.95493513606	0.9183649097982874	-76320.16063298035
-79796.10468366671	-91589.23800021621	0.1455039396603433	-81512.05204216432
-89266.97935914615	-76906.970568272	0.6879295616160243	-80764.16393006989
-86293.23451427314	-78607.79371097757	0.5826356698691452	-81815.42256360536
-82215.36293522498	-83445.72999904201	0.335699694938773	-82628.39678321108
-80099.16256807254	-90000.79648291753	0.16926751539037516	-81775.18753914343
-92429.62638817559	-75756.08053023975	0.770788969431455	-79577.84115956911
-79722.47928580303	-92018.86871373451	0.13995561686652444	-81443.42805342018
-93780.76008145045	-75390.9524744333	0.8007560473402684	-79055.0104307074
-91130.89290430665	-76170.36891731854	0.7389298242518444	-80076.11554388603
-85400.16556403384	-79315.60317897233	0.5393664784418091	-82118.35657754372
-86311.28041222217	-78594.6893954696	0.5834339214535214	-81809.15945506521
-119320.1232619484	-73158.65869703302	0.9791574232602455	-74120.78256464674
-78144.66088138487	-113933.71806288062	0.02439310964193087	-79017.66727719443
-84066.18186611055	-80648.702121285	0.4603358686425528	-82492.99335920795
-86987.11834604354	-78133.26259697431	0.6114980369880834	-81573.00293571205
-84186.03351987906	-80511.83778763597	0.4680190435859789	-82466.43994732696
-81524.57052129277	-84998.08747829795	0.2853584875037151	-82515.76806646227
-96270.20626336809	-74852.2012618295	0.8457237315008231	-78156.49115216358
-80842.55486888162	-87000.79973894196	0.23108615559465973	-82265.6400011144
-99239.39373724973	-74376.55132593235	0.882870164815082	-77288.73195979855
-81936.42213140857	-84026.24196586042	0.31582733639801147	-82596.44436327524
-78324.24200300328	-108113.94201600604	0.041405385391911353	-79557.69601275108
-81508.16262540608	-85040.03541793035	0.28411102982259534	-82511.60664169256
-100648.46413278655	-74197.76118671034	0.8960177834430733	-76948.16390853218
-78907.54382771248	-98597.19529008318	0.08328088712240687	-80547.3154686297
-87834.924731173	-77624.9994929041	0.6425549779188906	-81274.4864451436
-93305.14501954461	-75512.73446748218	0.7906115198233568	-79238.2602716574
-98596.58508460526	-74467.13531779185	0.876053938082883	-77457.88559261528
-80943.67448036936	-86666.3879141638	0.23942839897169874	-82313.8545955966
-89110.97111890615	-76977.90435265622	0.6833089693893939	-80820.3377713272
-78417.21234182421	-105968.0106908562	0.04888814528147199	-79764.11977413222
-89304.11557060728	-76890.32211784982	0.6890198563719911	-80750.76538875677
-84857.82132283117	-79811.22845197175	0.5091808334344844	-82288.19295884244
-82020.97415986759	-83844.24347197388	0.3219063063198413	-82607.89604955404
-83898.97913525593	-80846.46757735845	0.44949303213091146	-82526.89645948194
-120851.04993508321	-73126.83297338962	0.9830118449290279	-73937.57937177559
-79864.2982856418	-91207.72945926558	0.15072335123421185	-81574.018246625
-89144.53395015592	-76962.50698275135	0.6843086210657328	-80808.26787430573
-86435.23609473414	-78505.835340348	0.5888436471598217	-81766.05883472956
-83388.65537077782	-81505.45104708425	0.41575989040469813	-82605.69454754933
-81491.93815648778	-85081.77910138285	0.28287475275016005	-82507.41352618737
-98330.98335608841	-74506.38509201843	0.8730639399290844	-77530.58572843185
-81054.98363050287	-86314.78687894988	0.2485059215191382	-82362.07588376755
-120301.90718109155	-73137.94963713127	0.9816529124981271	-74003.27089312492
-82331.51571347062	-83219.9561689432	0.3438369611165531	-82636.99437981332
-81696.6385368338	-84573.77090037882	0.29827708173830725	-82554.82118200684
-83047.53456789177	-82000.25269220526	0.3928542673555409	-82636.10541390421
-94285.85461472321	-75268.884565728	0.8110064088575984	-78862.9700279351
-78051.99033874366	-118389.45520112515	0.013640995216352717	-78602.2335039712
-84623.86760785517	-80043.31037210318	0.49526799462291765	-82355.26421144878
-87499.8199320699	-77817.44481048215	0.6307465127667392	-81392.695588829
-85545.40336001749	-79191.96095918117	0.5469370732302209	-82070.47016836729
-80407.59104346512	-88625.81575850643	0.19467648744631513	-82007.48616403385
-96259.71115609226	-74854.16959441405	0.8455632509763958	-78159.97184428928
-80821.24533149939	-87073.18146330594	0.22931808059875974	-82254.9273252713
-95361.77853628938	-75031.40299133232	0.8309368857395744	-78468.51959504676
-83853.57063410166	-80901.6169154382	0.44652666020958914	-82535.44459901359
-79925.5916769638	-90877.41929146601	0.15547997299657892	-81628.3815387298
-82945.96993821644	-82157.28869097836	0.3859883586872951	-82641.54815806757
-116332.85212399086	-73231.51375625898	0.9709733543902503	-74482.60103036504
-78520.12036953111	-103983.90637599886	0.05660510478585614	-79961.50064467183
-85333.12048625041	-79373.90921461959	0.5357983107134149	-82140.18515372627
-90845.09055016914	-76271.4063197749	0.7315411387614451	-80183.84099231682
-86729.89243737436	-78302.41326909208	0.6012148079545231	-81663.1671676748
-82522.815759064	-82866.57740898753	0.3570999150176601	-82645.57301503803
-92368.10745784172	-75774.18987165134	0.7693438763093143	-79601.67857892471
-78908.10696186197	-98590.94787632048	0.08331854749008442	-80548.05267733305
-96978.24103230327	-74724.54365122641	0.8560210342857069	-77928.60798347273
-84037.35566837061	-80682.21784490261	0.45847623586947417	-82499.1047082437
-81602.37921532166	-84802.75148274208	0.29123652701857705	-82534.44451965175
-83362.44358632484	-81541.80038567634	0.41400832273731764	-82608.68214852126
-106306.86939922745	-73683.06061301575	0.9330175554488983	-75868.28307608393
-79813.95413647789	-91487.90006697198	0.14686264013435485	-81528.42065661596
-90401.83507521459	-76436.04518223058	0.7197984067846855	-80349.28176075504
-86690.83642241597	-78328.7675191347	0.5996127434210491	-81676.83334664365
-79273.10205148865	-95138.70617586968	0.10788659224658322	-80984.78801440145
-79147.61202424791	-96207.39448566035	0.09936207243633062	-80842.70736492681
-89735.81760415275	-76703.19601700791	0.7014423752578871	-80594.18456222866
-78940.50815435249	-98237.17978498052	0.08548441755830855	-80590.07288951066
-89637.93262811693	-76744.61536898828	0.6986646902647123	-80629.82711878314
-86265.53577792532	-78627.99231896183	0.5814050431629966	-81825.02949350739
-83348.45593422961	-81561.30645574897	0.4130730087790937	-82610.23272201563
-84642.88529496221	-80023.99650063786	0.4964173947485488	-82349.98855305045
-104032.40941756073	-73857.56478034375	0.9203942222892595	-76259.65675499017
-78074.65406920634	-117206.87327876168	0.016345705755116506	-78714.29780995045
-84170.88286308585	-80528.92194428341	0.4670523599797687	-82469.89642100509
-86947.85014208606	-78158.60011448871	0.609957296239289	-81586.78295928169
-84357.01570817994	-80323.21956606516	0.4788270955495463	-82425.52481741215
-81707.60331701841	-84547.66020083797	0.2990905900377742	-82557.03760614085
-103693.07653183313	-73886.92208655404	0.9182958340544897	-76322.20907554863
-82074.10653980903	-83732.6297476829	0.3257004694516322	-82614.28832720997
-113998.92797822152	-73302.94472362564	0.9638343686510423	-74774.7406513947
-82106.58229103018	-83665.42375174216	0.3280102984008225	-82617.89834371788
-79684.68478152397	-92247.01787101045	0.13714232049851155	-81407.51229229139
-81946.79679696886	-84003.61401879031	0.31657607485210887	-82597.93591974131
-101533.06331059987	-74097.78220992122	0.9032317656219587	-76752.64592169914
-79383.62117153556	-94278.92986124169	0.11552065224453946	-81104.33694675416
-88506.79439011723	-77268.61551413273	0.6647363339560628	-81036.36856375283
-90999.56681309911	-76216.31503319128	0.735552016318765	-80125.71615863993
-93293.59172716226	-75515.77960267119	0.7903594017725352	-79242.73077162498
-81501.52162460437	-85057.08998464345	0.28360533034623064	-82509.89976392186
-89832.6835309476	-76662.7714082313	0.7041698642582558	-80558.82829920131
-78063.2956799738	-117795.2457216375	0.014987876199664785	-78658.79322836953
-91644.27240654163	-75998.23211839686	0.7518584205298601	-79880.66526795055
-85168.37231979241	-79520.61584989118	0.5268328033240083	-82192.94894626304
-81889.96254559547	-84128.61570750995	0.31246418613618926	-82589.46148387429
-84144.49244351922	-80558.82865866454	0.4653652828139835	-82475.84900220447
-127393.60115146925	-72975.38130499642	0.9975824446801412	-73106.9403618835
-78523.23237023347	-103928.9150439812	0.056831695706254216	-79967.08039715755
-86187.41566243496	-78685.51882060114	0.5778986163123391	-81852.07985782129
-84397.45376633746	-80279.70063003723	0.48135394589689334	-82415.35704595003
-79982.28398248414	-90581.89616058407	0.15993320460597926	-81677.51392570822
-80382.67975038906	-88729.23668030051	0.19259489229636625	-81990.18398335084
-93418.0384906978	-75483.19993779094	0.7930611286665054	-79194.61518547793
-79925.79335025323	-90876.35133441215	0.15549572423556005	-81628.5582947835
-96084.34738089869	-74887.40037912682	0.8428466935008704	-78218.57068814208
-88317.89856526496	-77365.08464368011	0.658679938047806	-81103.4997699463
-83334.0400522084	-81581.48946114565	0.4121086239835008	-82611.79883966406
-84461.71690779859	-80211.36837765248	0.48534456939889303	-82398.83333063961
-98968.46089695569	-74413.99123263196	0.8800667959863602	-77358.88745233003
-78615.6947700238	-102403.95351217511	0.06342936797922662	-80124.56898736476
-86980.12948517794	-78137.75960462363	0.6112245613231485	-81575.45583387911
-90592.5396765818	-76363.9895706975	0.7248940541427243	-80278.34830575444
-93964.62862592064	-75345.67959519805	0.8045514248710373	-78984.72665365155
-80398.14194493488	-88664.89835166003	0.19388653282153476	-82000.95468231503
-93859.6117452745	-75371.41743044625	0.8023925198902381	-79024.82292077909
-80346.58829679425	-88881.30099289535	0.18958548927420948	-81964.64597909938
-93102.15475292953	-75566.85950697449	0.7861437734184887	-79316.89158026715
-83097.66685768061	-81924.45770181838	0.3962353073324903	-82632.79996724224
-78738.53565852733	-100646.20746074987	0.07190275975022258	-80313.75772080926
-82248.99805668805	-83379.43852875567	0.3380633967727349	-82631.1586025246
-109327.7474719474	-73501.23546123838	0.9468271775318959	-75406.23222403521
-78599.77313182723	-102652.6409650087	0.06230973627345932	-80098.50098313314
-85753.74562956385	-79020.69607694086	0.557422308228355	-82000.59360652485
-91561.00064603497	-76025.37102337854	0.7497909528257377	-79912.52610851565
-88893.67059960848	-77079.45782379217	0.6767590402454926	-80898.29530019099
-83081.79071789264	-81948.34057228111	0.3951651384919698	-82633.89073412832
-93949.80315718216	-75349.29387578665	0.8042480827332974	-78990.37922975692
-78960.51965140131	-98024.10262963818	0.08682151749488487	-80615.64885446148
-110261.93669275977	-73454.47707499615	0.9505854629669249	-75273.30065137154
-82067.04008283949	-83747.35438389737	0.32519695520043035	-82613.47317732325
-80862.7149229469	-86932.94430313194	0.23275583248152734	-82275.5962156857
-82492.14626222588	-82921.75628304202	0.35498387114347885	-82644.65089049723
-105855.0348811507	-73714.8622767263	0.930688076832119	-75942.5594508866
-79955.3888537278	-90720.9312896355	0.1578142516923323	-81654.34487731261
-89616.55551075007	-76753.7381662278	0.6980551297708734	-80637.59988010053
-86638.7532100893	-78364.19638355388	0.59745883972626	-81695.04608925844
-83653.00815924007	-81153.02638120238	0.43333264875580046	-82569.68443352176
-80193.03068116013	-89559.43853841808	0.17689846955920024	-81849.93389637633
-93000.45548001456	-75594.48076989765	0.783875500058433	-79356.33835011724
-80013.82802500653	-90421.4296406932	0.16243263130868443	-81704.36214105503
-93893.92844567295	-75362.97208171675	0.8031005911298366	-79011.70643557853
-86465.63794811866	-78484.34648850921	0.590151280321748	-81755.46857460911
-83598.1471665658	-81224.12000215927	0.429700907713494	-82578.02553908383
-84944.23200672882	-79728.43938909659	0.5141890517877318	-82262.32854634705
-113769.5367261777	-73310.81883389967	0.9630910631581325	-74804.1070972887
-77925.41272670384	-123795.62958332397	0.002318798962334682	-78031.77653795305
-83325.0230798559	-81594.15510022925	0.4115051889547028	-82612.761924844
-85841.21339387151	-78950.84308025686	0.5616956621683014	-81970.92227798092
-82598.40585867099	-82732.88017176851	0.3623003914870216	-82647.12595495117
-81163.67197104252	-85987.11820439437	0.2572489762434552	-82404.49857653763
-98382.78443144429	-74498.64333306655	0.8736555001875198	-77516.27319359178
-81280.60558346834	-85650.74277314277	0.2665129066175944	-82445.30354820611
-104510.17145175622	-73817.78478482625	0.9232448873029823	-76173.5823823869
-82618.46151047075	-82697.94549553304	0.3636768355424367	-82647.36799463451
-78923.38846151654	-98422.71816592063	0.08434025992562921	-80567.96699716152
-81983.73932325451	-83923.71743513586	0.3192356835869702	-82603.04956194472
-104297.10108452398	-73835.30602911235	0.9219880578479706	-76211.6898228221
-79236.05737289188	-95443.27428300568	0.10535625917967256	-80943.589118255
-89312.10354275943	-76886.75278140887	0.6892539073489131	-80747.88198031776
-96503.79089265595	-74808.98002731998	0.8492350260999262	-78079.7976211994
-116792.84567102758	-73219.10398355714	0.9722975389639976	-74426.20386484712
-80391.47581170191	-88692.57737246044	0.1933295151250096	-81996.32375144682
-89037.33146760911	-77011.95478876922	0.6811045900183048	-80846.79221495218
-78685.16075357451	-101377.37858608057	0.06825206348611881	-80233.95144571955
-88753.84920853842	-77146.55599799928	0.6724697457966198	-80948.29569386033
-84840.10466947897	-79828.39292534636	0.5081450699968311	-82293.42805445276
-82233.38416760352	-83410.11784226049	0.336966908013735	-82629.90447550832
-83888.77663330418	-80858.80368241516	0.4488272849595764	-82528.8421002557
-110749.00130275154	-73431.64574070678	0.9524654485017526	-75205.5095004492
-79104.79293585238	-96597.58514391529	0.09647955869319762	-80792.4898083981
-86879.54926389265	-78203.08159221595	0.6072529361163573	-81610.73879514833
-84830.60352756076	-79837.62497705797	0.5075883707808285	-82296.22567976742
-79033.09208587455	-97283.66694490703	0.09167268146573569	-80706.1712214932
-80623.07622822453	-87780.30828926539	0.21275645351520062	-82145.82353851687
-94611.33152852255	-75193.93520873968	0.8173131666346339	-78741.23785460113
-79840.61016523866	-91338.53229274625	0.14890156227126905	-81552.66873289793
-104676.1386838305	-73804.3765196493	0.9242082513589708	-76144.20135770256
-84401.13647799232	-80275.75746982828	0.48158347388955863	-82414.42212412962
-82405.09924652295	-83081.3969613213	0.34895735885166074	-82641.09831087639
-83692.34320509635	-81102.68204418996	0.43593103380149656	-82563.42953802684
-96394.74047213717	-74829.01911672753	0.8476100820485192	-78115.41762464291
-78214.21455085534	-111322.20092653303	0.03152660214068751	-79257.99686500063
-85627.20516218076	-79123.87960356272	0.551106032177898	-82043.18321760967
-88792.13703267656	-77128.04267408079	0.6736503561573962	-80934.61571375505
-89141.2159168608	-76964.02579770729	0.6842099339824566	-80809.46146934296
-80910.03366121458	-86776.00976449481	0.23666240763968413	-82298.28968897373
-81473.51586005448	-85129.49982833126	0.28146764615798736	-82502.55706199669
-98601.75979556813	-74466.38148807538	0.8761111424800143	-77456.4859324033
-84806.43585110476	-79861.19375463812	0.5061684499186658	-82303.3103246637
-81348.8088782384	-85461.83786049219	0.2718466455473976	-82466.92201010331
-83830.60275987246	-80929.7542733511	0.4450230800391326	-82539.65823167388
-124526.68352612521	-73054.0901563762	0.9915167353819626	-73490.74578650841
-78646.49259296262	-101937.55327156432	0.06557909331440726	-80173.89923459616
-85786.45828302091	-78994.43286152538	0.5590292950162958	-81989.5170999095
-88657.00337961492	-77193.86161712484	0.6694624768341436	-80982.86010299741
-85486.78854365327	-79241.4284115797	0.5439078440737237	-82089.88817875314
-82039.74891305527	-83804.56555345593	0.3232492029030018	-82610.22448533474
-91183.55428415137	-76152.16954371371	0.740276155575606	-80056.17857552235
-78295.3408594464	-108872.86045809847	0.038940002447494876	-79486.02954745623
-94719.24785322482	-75169.69785837407	0.8193514613564602	-78701.29549608268
-83333.77418569254	-81581.86245218547	0.41209083407811004	-82611.82741820038
-80857.64816960368	-86949.94170190676	0.23233648405767743	-82273.1102287463
-82832.8331649037	-82337.93864554219	0.37831285362721756	-82645.60820703958
-110029.64126928104	-73465.73169058045	0.9496701817296742	-75305.98661492908
-80302.07115542737	-89072.59487430012	0.18588597454939237	-81932.3885042186
-91477.23509413446	-76052.97015557847	0.7476996977220267	-79944.5168619917
-87703.73358262866	-77699.1011387742	0.6379977878407298	-81320.80021528993
-89201.08613007521	-76936.73363707274	0.6859859988930845	-80787.91203438603
-79933.41865442917	-90836.06044177095	0.15609175984348475	-81635.23119795846
-92238.05210638406	-75812.93833034846	0.7662673125073806	-79652.02431559331
-79828.7360044739	-91404.7814220488	0.14799184891356973	-81541.89636892827
-92624.46650325996	-75699.63509826253	0.7753219547025355	-79502.2731353265
-89148.8989552839	-76960.51004591695	0.6844384016759054	-80806.69753115246
-84578.418818348	-80089.79937957226	0.4925085442735283	-82367.7353927587
-85634.10284593991	-79118.18894191144	0.5514544664514507	-82040.87302055031
-111086.14352112284	-73416.43126089805	0.9537369595588022	-75159.14668260112
-78316.67202528405	-108307.86795276526	0.040767098756454546	-79539.32607148385
-85289.08965035254	-79412.63485348814	0.5334296575871186	-82154.41438023499
-88612.3433978665	-77215.91000773261	0.6680653040025528	-80998.78166054186
-87084.70341518972	-78071.02994209043	0.6152836241998976	-81538.73773330671
-82429.27923930781	-83036.59519507902	0.3506346093650503	-82642.22523222081
-99732.92222103824	-74310.98848357442	0.8877348736751284	-77164.98508603331
-81398.90143902862	-85326.36053579517	0.2757314906998366	-82481.82559044269
-126872.50652209242	-72994.08558676013	0.9965068289375222	-73182.29212766343
-80017.33504636644	-90403.75936006752	0.1627114441422226	-81707.32514592263
-78075.54813894334	-117161.05905141642	0.016452476770021762	-78718.60159927524
-80892.36929521378	-86834.21554775083	0.23520617159151083	-82289.92820445838
-96276.91107624666	-74850.9449890556	0.8458261314115421	-78154.26906896295
-78564.05065107727	-103230.83421334562	0.0597743321775439	-80038.49116547988
-85945.54241588587	-78869.04677257493	0.5666960381877623	-81935.3203705686
-91175.08569400066	-76155.08762885313	0.7400599626609128	-80059.3864867406
-89969.80865201014	-76606.48414113674	0.7079959529395229	-80508.62898049424
-81117.96670717247	-86123.08872714714	0.25358756931313925	-82387.20343433351
-89260.32990161283	-76909.96108138091	0.6877339554501419	-80766.56190160663
-78322.76645520401	-108151.48320891839	0.04128136690346468	-79554.13665577362
-89759.99532983455	-76693.0539472997	0.7021251135467135	-80585.36762791402
-84931.27761023364	-79740.75367511886	0.5134428900476293	-82266.24000012691
-81986.16080312405	-83918.51706912967	0.31940966332259074	-82603.3740674682
-83952.73899373054	-80781.98405130523	0.4529935821071831	-82516.40735437724
-122091.65568184885	-73102.49582800815	0.9859916354468937	-73788.75383839115
-79194.71468219321	-95793.73234975859	0.1025467737386084	-80896.8903912322
-87430.66298237709	-77858.48493384582	0.6282381881481235	-81417.05518853656
-85313.66987021362	-79390.97344571582	0.5347544336076253	-82146.48169830139
-81686.68271169906	-84597.57231458343	0.29753745898534156	-82552.78140752812
-80888.59707567553	-86846.70354459729	0.23489486105059346	-82288.12566681755
-95504.31699713589	-75002.06404628509	0.8333792025756217	-78418.16578195216
-80564.14684289864	-88003.15139239625	0.20780780995173498	-82110.03008655073
-100125.97556634384	-74261.09149791083	0.891402104452125	-77069.96347633241
-84882.98038718193	-79786.96561754702	0.5106465097230414	-82280.71823157079
-82470.82199516438	-82960.44603389721	0.35351042849555203	-82643.90919889855
-83903.10852600288	-80841.48362122798	0.44976236306041006	-82526.10487402671
-98565.37224273084	-74471.69099382152	0.875708054195082	-77466.34151785194
-78069.43700993493	-117475.74864020979	0.015722146192018803	-78688.98880227437
-86129.62008156556	-78728.61856752657	0.5752699951569468	-81872.04597642779
-89092.4454808898	-76986.43577616522	0.6827558498941542	-80826.99653611369
-95572.67509938814	-74988.15995974059	0.8345341266278713	-78394.19473526417
-79679.21276277963	-92280.49534126412	0.13673694250628723	-81402.27361421935
-94748.93727473101	-75163.08219074717	0.8199075815529665	-78690.34620017494
-80494.61630847093	-88274.03383828659	0.201968953574683	-82065.81712638834
-93026.55974184546	-75587.35830440983	0.7844596007248286	-79346.21074527485
-83170.14317267001	-81816.81894785362	0.4011142950940814	-82627.30548019904
-79512.49452506138	-93358.74768968523	0.1246134828684941	-81237.92435658407
-82413.48493334147	-83065.81927316093	0.3495393225770074	-82641.50143657568
-108173.6052513656	-73564.82576100854	0.9418768158888988	-75576.39822318706
-78708.27217012229	-101055.0821588147	0.06983776950167059	-80268.92353521023
-85899.40493099652	-78905.01827218774	0.5644975518820786	-81951.09078518228
-94204.9637297192	-75287.95342726602	0.8094022675181799	-78893.49269624882
-88974.69552680758	-77041.20957821768	0.6792173933486062	-80869.26430724413
-83215.7686737624	-81750.20275837462	0.4041803401082283	-82623.41574362994
-94129.49066622516	-75305.90743451551	0.8078925429568118	-78922.05814160005
-79454.24481221804	-93764.47222910475	0.1204757778862663	-81178.28059199684
-105187.15762426714	-73764.36986136728	0.9270925246090297	-76055.32598690658
-83360.48311883045	-81544.5297238069	0.413877257221771	-82608.90130845555
-81533.17137700047	-84976.2054607397	0.2860112763409537	-82517.91794977614
-83097.66232535557	-81924.46450412487	0.396235001893342	-82632.80028443896
-103576.32756667936	-73897.24162319202	0.9175589778435604	-76344.01580504194
-79745.17556702551	-91884.3839780234	0.14165637873762615	-81464.77187126881
-89339.79716780316	-76874.41020448542	0.6900640630290078	-80737.8815926673
-86251.23090268302	-78638.46420027617	0.5807669205556416	-81829.98782801766
-81270.47437920446	-85679.25208065793	0.2657162293255727	-82441.95816596934
-80109.62913226942	-89950.50747864693	0.17011283598061447	-81783.68885631191
-92377.63887277177	-75771.37495290136	0.7695682019207815	-79597.98620733515
-79566.23674301464	-92998.29916117054	0.1284746275982875	-81291.91596006417
-94329.39036820157	-75258.69541848036	0.8118637521781692	-78846.58440967565
-89044.32771011005	-77008.70388163331	0.6813146815446003	-80844.28049422082
-85157.30431075046	-79530.6512776617	0.5262204498806508	-82196.44442035617
-86103.28943838365	-78748.40869204201	0.5740625568468546	-81881.12779183507
-124011.06946592592	-73064.81472767123	0.990379350120956	-73554.95080715657
-78059.97989896736	-117968.85644097437	0.014591869453772301	-78642.32501551505
-83610.45736694867	-81208.07729417321	0.43051658639084733	-82576.19289880399
-86214.57535290871	-78665.42446481253	0.5791236979057774	-81842.68317454576
-83370.53518912334	-81530.5510843219	0.41454919274136265	-82607.77126382096
-81234.11176860731	-85782.55431455212	0.26284748584703405	-82429.65845632859
-99155.83593558506	-74387.98590574547	0.8820160037512025	-77310.19583075684
-81351.10423953593	-85455.57034161974	0.27202525936958005	-82467.62269552892
-100190.1721319682	-74253.12944223692	0.8919846839066404	-77054.7273068952
-82314.00230864678	-83253.43640560022	0.34261447953919594	-82635.86603283587
-79535.75884626665	-93201.12962917982	0.12627964583132095	-81261.4170288866
-81978.41666733082	-83935.16411206935	0.31885310880657514	-82602.33167323502
-102237.83856406229	-74024.11189745738	0.9085065876153995	-76605.48202627146
-79365.33342733313	-94416.41887484201	0.11424781562969892	-81084.88706256697
-88754.6886313476	-77146.14897200378	0.6724956793604406	-80947.99586675456
-90981.15446177247	-76222.82160280868	0.7350760990020152	-80132.6567160321
-95181.21030140451	-75069.25397287222	0.8277764680385025	-78533.00612642744
-80532.29949012879	-88126.13455632496	0.20513284663256964	-82090.04449411583
-87878.51555299049	-77600.72015524651	0.6440514285121248	-81259.08674511814
-77930.70554528113	-123654.7783797503	0.0025974528666478855	-78049.47166933984
-87692.12571725713	-77705.7332955327	0.6375905997328412	-81324.89578392236
-84045.62108051579	-80672.58361789143	0.45900989230866684	-82497.36351804348
-80836.92204894646	-87019.86660882052	0.23061910667530053	-82262.82719996753
-83217.04530954512	-81748.35127493873	0.40426607047498675	-82623.30214344474
-115430.02978249185	-73257.37875727193	0.9682985988032438	-74594.31088695322
-79430.13831932936	-93937.20656144294	0.11877709254393201	-81153.24570646402
-87842.00552189273	-77621.0441237273	0.6427986491965756	-81271.98534166165
-85450.15155022823	-79272.64316819288	0.541996521585373	-82101.96349510059
-80555.60746354389	-88035.9491238299	0.20709052900012387	-82104.71537507419
-80964.57376630856	-86599.08477643123	0.24114172214632504	-82323.28945474197
-96145.36072108909	-74875.76503146758	0.8437993893023727	-78198.08886747809
-80261.35693756687	-89251.26836816364	0.18251669276245502	-81902.16584010678
-115896.16827936421	-73243.76554186222	0.9696924905541342	-74536.45364071793
-84935.35196287632	-79736.87698486628	0.5136777474090606	-82265.01104620975
-82682.095729027	-82588.55709628107	0.368035473099019	-82647.67019407132
-83848.48866993046	-80907.82855958231	0.4461941514081527	-82536.38332741386
-96418.11630112762	-74824.70320916413	0.8479605024461325	-78107.75488613936
-78397.81441559538	-106383.66357696551	0.047374641720723885	-79723.6339928655
-85845.55156520642	-78947.40915447386	0.561905668498715	-81969.4462425044
-89296.14406500207	-76893.88822962326	0.6887861223280313	-80753.6423600313
-89111.04736325792	-76977.86928857691	0.6833112438332986	-80820.31036139674
-80948.61952114778	-86650.40823587422	0.2398341494883117	-82316.10316810624
-94540.84250104758	-75209.92948092637	0.8159675290392062	-78767.44516994746
-80477.97169518816	-88340.19861297237	0.20057230744433815	-82054.91668973913
-95200.60842340304	-75065.15054261684	0.8281195578522201	-78526.04194601437
-83547.7268235434	-81290.38071209424	0.42635568037384247	-82585.29448635725
-78360.8028748265	-107221.27909921287	0.04442112206996388	-79642.81761218727
-82541.41807828931	-82833.37410572813	0.3583816428544518	-82646.0497590441
-118569.97248096637	-73175.39397415475	0.977190009749525	-74210.84386731955
-78371.73514654303	-106967.40832430407	0.04530314693178263	-79667.20913012837
-84929.95499267048	-79742.01285110995	0.513366615457131	-82266.63869427012
-89917.23538027803	-76627.93593697141	0.706533805836495	-80527.89606769779
-86715.09987830042	-78312.37367137363	0.6006093300393209	-81668.34412065428
-82495.8840882707	-82915.00207000299	0.3552419577978981	-82644.77238064958
-92348.80650257831	-75779.90036366043	0.76888913866823	-79609.154532751
-78575.0975990459	-103048.92914782836	0.060562058251725476	-80057.28321094617
-98487.90707682294	-74483.06241699938	0.8748433687408486	-77487.42790852214
-83993.9449026051	-80733.14019144274	0.45566779328808565	-82508.10121552636
-81353.98942888541	-85447.7004831699	0.2722496886349318	-82468.50098877575
-83284.31099864432	-81651.74168305384	0.40877854018406	-82616.95169706795
-117536.01718050278	-73200.05505826118	0.9743851765011189	-74335.71290267547
-80716.62287359928	-87438.65059810555	0.22059643422818723	-82199.47822040837
-93116.8040117508	-75562.90883448519	0.7864688769824372	-79311.2117850193
-88942.01748632673	-77056.58013440634	0.678228267659239	-80880.97790076135
-112314.05893705116	-73364.85061099428	0.9581769644393571	-74993.82473587384
-79216.34537838635	-95608.94632905527	0.10401491748014319	-80921.4204135551
-91980.24553624654	-75891.66069720952	0.7600836004178417	-79751.57604616338
-79889.13516116871	-91072.49010628347	0.15264341400437806	-81596.20064001378
-91236.25204410772	-76134.0846493851	0.7416187729774889	-80036.20119153289
-85724.35113155725	-79044.43806138828	0.5559693149236692	-82010.52443818575
-83002.85183107112	-82068.75699031082	0.3898363715876821	-82638.70768763035
-84362.1166757496	-80317.70752331072	0.4791464904427291	-82424.25222444405
-101779.06284613234	-74071.49170164976	0.9051172274846174	-76700.46287150549
-78038.37713619429	-119108.42854007118	0.012042526354083337	-78532.96431258904
-83855.43874163521	-80899.33555502079	0.4466488630545305	-82535.09861426201
-86520.1898404497	-78446.08196701156	0.5924791748121793	-81736.44907025056
-83703.46214620238	-81088.54487506629	0.4366646433440399	-82561.62022862757
-81495.80764441271	-85071.7993213072	0.2831698519443484	-82508.42067811315
-100734.80232030615	-74187.61211643522	0.8967538266836896	-76928.50791728514
-81692.34405407487	-84584.02680027839	0.2979581565130179	-82553.94451435417
-108838.38480447463	-73527.37816076243	0.9447721217775121	-75477.53013559482
-81577.60893699345	-84864.30210636856	0.28937191660295297	-82528.68563870135
-79208.68216079783	-95674.04925517518	0.10349435370123636	-80912.75468668403
-81620.75026919373	-84757.4776096097	0.29261548722093267	-82538.60526818877
-99694.13436801112	-74316.02175968426	0.8873633217194824	-77174.52806491511
-79138.11924362433	-96292.70329806661	0.09872208972664538	-80831.65562987026
-87671.00172847074	-77717.83444358988	0.6368479072041711	-81332.34797304134
-93700.08716950478	-75411.12755137515	0.7990681925912896	-79085.96126307086
-93705.4938215535	-75409.76941053217	0.7991817384875485	-79083.8849798644
-81802.81153595468	-84325.37145446955	0.30610854382417274	-82574.9886793205
-90786.53074603553	-76292.59234729971	0.7300098837720778	-80205.81246017474
-78783.1207564478	-100069.09774104375	0.07492535622593746	-80377.98016463575
-92310.55734117108	-75791.257997164	0.767986072433322	-79623.96551861672
-85979.36764942063	-78842.87471814391	0.5682950587913508	-81923.73397947667
-83152.96174705935	-81842.13224690763	0.399958621242876	-82628.68418749417
-84719.30886793039	-79947.19602344718	0.5010041348485087	-82328.46060088063
-123487.27149733648	-73075.32796091243	0.9892067883906946	-73619.4347351374
-78627.8387771727	-102217.7962935177	0.06427944605595698	-80144.18817880691
-85814.07025451394	-78972.39378090181	0.5603775458518463	-81980.14838271886
-84106.64403415972	-80602.05282477838	0.46293873741872305	-82484.23300451996
-78175.44362149072	-112707.15956373916	0.027654950189216713	-79130.41650582178
-80215.0317573762	-89459.04220488551	0.1787021886696059	-81866.95665643082
-92810.80102789291	-75646.91482720444	0.7795934672322796	-79429.94747351791
-79450.24499553365	-93792.93246495436	0.12019338651124697	-81174.14117415575
-96384.75594424241	-74830.8659773337	0.8474600558414849	-78118.69514928473
-85104.98166940131	-79578.40598289655	0.5233086214258031	-82212.87696569115
-82657.63975237864	-82630.33808122852	0.36636187269382464	-82647.63746100842
-83995.93688554471	-80730.79158249275	0.4557968665207645	-82507.69388767863
-98337.31752682046	-74505.43615765941	0.8731364975187862	-77528.83209886796
-78181.19005307046	-112491.29511309246	0.02824471604887113	-79150.26922809772
-86248.70675165736	-78640.3148736125	0.5806541386315257	-81830.86251934012
-89329.6195104538	-76878.94044761486	0.689766553611409	-80741.55752315767
-93999.29160152542	-75337.2535976605	0.8052588091128533	-78971.52110291434
-80311.1415697004	-89033.27823884599	0.18663852005455026	-81939.02824934326
-98300.13207096064	-74511.01610482094	0.8727096498118463	-77539.14100681746
-80970.81027313146	-86579.11821756122	0.24165221867628478	-82326.07033092274
-95162.21948079017	-75073.27998806162	0.8274397482040632	-78539.8324452402
-83960.12052163649	-80773.19750353892	0.4534732165661662	-82514.93628967104
-80501.24940266546	-88247.81040827247	0.2025257044494242	-82070.12712738645
-83104.96640518865	-81913.51388512997	0.39672717919620126	-82632.28480775957
-114430.35470628244	-73288.57701567515	0.9652109118725981	-74719.86194547167
-79101.34200981793	-96629.64586783762	0.09624769375212945	-80788.40083153888
-87070.76131540291	-78079.85784689209	0.6147464907649298	-81543.63495932965
-89835.26107799954	-76661.70329372569	0.7042421578884176	-80557.88631693476
-88311.57635653653	-77368.3620418961	0.6584749558252724	-81105.7437941172
-82795.93808737808	-82398.20718386736	0.3758030249827011	-82646.46961070964
-93495.44109055915	-75463.17964843985	0.7947258497614956	-79164.73679284944
-78170.80439007064	-112884.32127301808	0.027174538166258234	-79114.12817949134
-119697.73729488347	-73150.5493627646	0.9801275656361566	-74075.55529976712
-81380.9619082804	-85374.56708251196	0.27434337302243783	-82476.58102229894
-80160.3003038601	-89710.90170385031	0.17422533131869963	-81824.25699706623
-81985.85455733062	-83919.1745148818	0.31938766236580335	-82603.33309917804
-103272.39744929488	-73924.64679892673	0.9156034057440637	-76401.49700289023
-79755.68940209679	-91822.7111555753	0.1424471363479417	-81474.60209512812
-88984.47822493112	-77036.62259977261	0.6795128934327804	-80865.75627876255
-86165.12142440549	-78702.089317235	0.5768881536762752	-81859.78661127314
-82176.6639259069	-83522.94739152455	0.3329722478714577	-82624.93895772578
-80005.15137918462	-90465.2926008664	0.1617436206472091	-81697.01249286055
-92224.05022146904	-75817.14804581841	0.7659343564950325	-79657.44016148512
-79738.97378928371	-91920.94759932048	0.141190796542876	-81458.95637498726
-93078.57185384523	-75573.23420305333	0.7856195447023835	-79326.0364587686
-92751.74767072298	-75663.49198999924	0.778246564491782	-79452.87139404255
-85240.15998154864	-79456.07957776006	0.5307739315515161	-82170.12088521969
-86192.29391468319	-78681.90213680243	0.5781191340164711	-81850.39272393034
-115362.03549739363	-73259.4124271003	0.9680929083979422	-74602.78467809106
-78257.46131994808	-109951.28213053528	0.03557941703375072	-79385.10898796094
-84534.82069389147	-80134.84175245288	0.489845129038937	-82379.51244155387
-87760.97289966563	-77666.5782385128	0.6399961417817139	-81300.59926290589
-85033.89168822489	-79644.13098839197	0.5193076567228309	-82234.94768889785
-81889.32944399162	-84130.02263560316	0.3124182398122188	-82589.36286687411
-97648.41930915228	-74612.48916428018	0.8648652079161908	-77725.44479486463
-81127.40283583733	-86094.8035681302	0.25434531959021683	-82390.83796262504
-103206.03471694271	-73930.73643123909	0.9151690332254673	-76414.18828742814
-82441.1908665774	-83014.65505179821	0.3514599362374262	-82642.74055254956
-78623.11213849437	-102289.89640505468	0.06394896948434818	-80136.57860334929
-81829.4411659038	-84264.58518148531	0.30805725765467407	-82579.60495333803
-103346.3357463541	-73917.90702818763	0.9160842089283642	-76387.41690406782
-79110.54409317624	-96544.36147500013	0.09686611189912478	-80799.2901985129
-88900.0212769601	-77076.44330983769	0.6769524330518262	-80896.02140473863
-94488.80718023508	-75221.81999739491	0.8149669702070722	-78786.84901081733
-111123.38014685991	-73414.77965805051	0.9538759483204341	-75154.05309576046
-80703.15641709021	-87486.94663843444	0.21946971941486382	-82191.99295353793
-88935.61483299841	-77059.60043943848	0.6780340968249545	-80883.27213978085
-78488.57713377548	-104556.59045875915	0.05428831506951316	-79903.76565439846
-88860.89571929304	-77095.06062962204	0.6757590252542084	-80910.02646779521
-84753.05906522866	-79913.68757323496	0.5030129594106655	-82318.7924893533
-82015.63435250649	-83855.57651259324	0.3215239193907049	-82607.21976726978
-83825.75537090162	-80935.71373261188	0.44470548486888556	-82540.53800285471
-116979.95248933134	-73214.19511880363	0.9728290445462215	-74403.35256271911
-79624.5309112298	-92621.44105401677	0.1327126189422416	-81349.38489443604
-88371.4881184573	-77337.43191759399	0.6604114134756552	-81084.47146647534
-85885.30368210569	-78916.07585757869	0.5638215712408998	-81955.90269974507
-82213.3642026798	-83449.69320433775	0.33555903679215493	-82628.22557163435
-81209.27821241897	-85853.99494413842	0.26087992912126834	-82420.99158417831
-96971.2433108718	-74725.75733984388	0.8559242140363711	-77930.79321526262
-80721.15236215293	-87422.4717271819	0.2209752308409802	-82201.97795577934
-112292.95379217865	-73365.68869944826	0.9581030432255122	-74996.62264238742
-83902.2139773478	-80842.56285515062	0.449704024159297	-82526.27655517223
-81893.03122961268	-84121.8008027271	0.31268684576357897	-82589.93815736366
-83391.79413727077	-81501.1160221557	0.4159695335515387	-82605.32964363025
-96121.68712771137	-74880.27025195934	0.8434306963061922	-78206.02410166574
-77969.56461106674	-122369.27778162956	0.005169461381458016	-78199.08721364978
-85166.31785945679	-79522.47690242388	0.5267192325120031	-82193.59828214861
-88074.35606056453	-77493.68714751807	0.6506706140367446	-81189.8257219931
-88375.16293641971	-77335.54401352741	0.6605297544050462	-81083.16616055636
-80760.93417812738	-87281.77816196693	0.22429787721326655	-82223.5456413415
-96734.35499257871	-74767.39718431458	0.8525895396646073	-78005.55654699895
-80960.25685964304	-86612.93706663938	0.24078814719430094	-82321.35525336758
-98261.84680449603	-74516.78413135887	0.8722679254977895	-77549.79024578369
-84259.3896934801	-80429.98503190964	0.4726795029496107	-82449.30860145605
-79714.81048502453	-92064.73290387684	0.1393828760284375	-81436.17819049224
-83253.56308490755	-81695.67429985167	0.4067169746679883	-82619.94327138044
-128296.14052982294	-72928.96239788462	0.9994370028904306	-72960.13395913792
-78122.06131276677	-114915.62199376093	0.02188440845099098	-78927.26662307598
-84590.26633213279	-80077.63524657174	0.4932295667218857	-82364.50325702579
-91536.50228107456	-76033.41150456054	0.7491805335038129	-79921.88846216774
-86033.03388861901	-78801.69364922306	0.5708101051745247	-81905.31180601663
-82223.98913309241	-83428.65635612913	0.3363064953188575	-82629.12654489739
-91711.86786202203	-75976.41736407074	0.753528273653453	-79854.76101314143
-79046.67571648404	-97150.37937332052	0.09258186362515666	-80722.75033955152
-94131.94597171407	-75305.32086631119	0.8079418545988601	-78921.1275682174
-83561.59474540158	-81272.06672200495	0.4272764555479043	-82583.33332668708
-81542.69005536163	-84952.07331293072	0.2867328363371757	-82520.2721869649
-83158.92723799321	-81833.32910388798	0.4003599447655298	-82628.21084224155
-104099.20737294303	-73851.8952953196	0.9207999195176044	-76247.4848462435
-79762.10548513553	-91785.26730518833	0.14293060008301248	-81480.58321897085
-89572.14605520573	-76772.77955572681	0.6967853807283241	-80653.73459578495
-86347.0828084391	-78568.81884371415	0.5850095027116432	-81796.72447447546
-81064.58002000008	-86285.24858843234	0.24928283337406748	-82366.00307284581
-79340.68946296429	-94604.60669396268	0.1125388731379314	-81058.4735078115
-90313.60083169313	-76470.02847508548	0.7174177530625507	-80381.97625725683
-79166.30911134019	-96041.3003245472	0.10062432457928162	-80864.34370445045
-90328.46591061873	-76464.27416595325	0.7178198689972669	-80376.47360870996
-87028.35237098011	-78106.83983839552	0.613105066654996	-81558.52783502646
-83737.53389351451	-81045.47857282222	0.4389101206982645	-82555.96356778305
-84938.83107613999	-79733.56931814	0.5138781640493935	-82263.96072054244
-105623.38898195613	-73731.6879664679	0.9294622749026434	-75981.2560055855
-78147.5155092525	-113814.74971540322	0.02470307465484059	-79028.60585857873
-84509.04360246108	-80161.68134462244	0.48826306385981805	-82386.38718674025
-87447.80657513597	-77848.2677395625	0.6288623864157431	-81411.01767450664
-85092.13831860178	-79590.20782386031	0.5225895937412717	-82216.88669656213
-81926.32691028107	-84048.3414107539	0.31509797896209807	-82594.96939070833
-105874.41492223568	-73713.47085639193	0.9307896408562513	-75939.34134559099
-82260.18682053506	-83357.55354200545	0.3388483197308781	-82632.02769023388
-116501.25696452214	-73226.91296215073	0.971461070339573	-74461.91642173553
-81200.77593078109	-85878.62264036109	0.26020473968498253	-82417.97381613361
-79675.09840769666	-92305.742134205	0.13643246444534127	-81398.32825883527
-81716.15872172915	-84527.36144791367	0.2997245663188833	-82558.74523966927
-99677.51077742864	-74318.18503144218	0.8872035361633464	-77178.62730087126
-79269.14395778034	-95170.83592289795	0.10761561083837284	-80980.41425197011
-87712.58862363826	-77694.05015441672	0.6383079698018579	-81317.67567296764
-90532.33515093161	-76386.53403360468	0.7232926195682198	-80300.78160488917
-90093.22574660297	-76556.74338467134	0.7114056856670545	-80463.295230393
-81131.97715493894	-86081.13205044103	0.2547123104584695	-82392.58783318911
-89089.8078702263	-76987.6523382953	0.6826770206222064	-80827.94438858109
-78126.41161051442	-114720.99041477725	0.022374816232722913	-78945.2085863737
-89772.97523833417	-76687.62348670149	0.702491103886428	-80580.63204158752
-84787.90353293467	-79879.35055541132	0.5050758866871725	-82308.7117854611
-81641.07511626002	-84707.75696713629	0.2941372412148391	-82543.10045556039
-83831.90489359862	-80928.15466278582	0.4451083788129242	-82539.42133588388
-121465.64546608928	-73114.67811939893	0.9845031763803719	-73863.964532209
-79140.37604399493	-96272.36151493494	0.09887418665998994	-80834.28717330488
-87070.91860782576	-78079.75813502826	0.6147525574487238	-81543.57971274162
-85016.60472677872	-79660.26214462046	0.5183270153688997	-82240.26766287528
-80720.2150485961	-87425.8170128209	0.2208968518280988	-82201.46141210568
-80740.41953031743	-87354.01785417595	0.2225854534083742	-82212.51031189435
-94858.23036852894	-75138.92109243732	0.8219374593367064	-78650.19140226344
-80241.37070140801	-89340.31493784334	0.1808683406360392	-81887.08164699192
-100805.58680242734	-74179.35636245312	0.8973518747469108	-76912.48899967321
-86692.2854686126	-78327.78648484235	0.5996723819625015	-81676.32643909217
-83390.04731042642	-81503.52814160382	0.4158528629216592	-82605.53291311495
-84589.29353968897	-80078.63282327697	0.4931704086814771	-82364.76915075257
-101067.61557526594	-74149.29616034118	0.8995245171374254	-76853.92730140476
-78441.45145912029	-105468.94546388948	0.05074999994988685	-79813.0967785079
-87472.6195768093	-77833.53076223235	0.6297630157417548	-81402.2779359387
-90613.05159706259	-76356.35084386238	0.7254381656054806	-80270.69675507475
-105888.20558630137	-73712.48224942926	0.9308618210868442	-75937.05316615413
-79621.64320760295	-92639.7772739376	0.1325014292639892	-81346.56457774251
-92179.8114048061	-75830.4976992155	0.7648801896839639	-79674.54523647133
-79943.69499913334	-90782.03388816911	0.15689648458333955	-81644.19226954595
-91403.57782238173	-76077.49040936859	0.74585124000016	-79972.59652103504
-82465.03443777599	-82970.9930466572	0.35311021002083437	-82643.69358841988
-77894.75036528581	-124463.70634665986	0.00100018542005489	-77941.32795608556
-81686.55313686337	-84597.88267758505	0.2975278266846977	-82552.75468787724
-104619.68204298352	-73808.91429030662	0.9238820551435929	-76154.16661108845
-78340.57290879505	-107706.52839128686	0.04276563741782057	-79596.42671338715
-84908.64638847826	-79762.348389504	0.5121353936354615	-82273.04503700818
-89561.44584207385	-76777.38561129388	0.6964787436249872	-80657.61963411406
-86789.06054215031	-78262.83088732841	0.6036208878009302	-81642.4502283121
-82498.18092415413	-82910.85576513785	0.3554005208629996	-82644.8457775868
-92419.0031347451	-75759.19773537031	0.7705398974993486	-79581.95838995176
-78370.03420076938	-107006.53850003378	0.045166466994834745	-79663.44392704955
-100263.91973319756	-74244.04635073399	0.8926484562478997	-77037.31992657564
-82324.2992583274	-83233.72809709575	0.34333341632499814	-82636.53656844622
-80552.3058056867	-88048.66487673164	0.20681320208154694	-82102.65182912255
-82372.1749846561	-83142.97679097722	0.3466693863220756	-82639.3883738294
-107817.71070084695	-73585.83212921878	0.9402744967503538	-75630.34830409005
-80108.96653277344	-89953.68288402424	0.17005927851619815	-81783.15189266377
-90248.14046475173	-76495.50970747008	0.7156419055790839	-80406.18158288517
-87050.94467444386	-78092.44155272761	0.6139809202055204	-81550.5946841085
-84775.36782521171	-79891.67373105406	0.504335025268941	-82312.34984082893
-80385.01780093451	-88719.47720139498	0.1927901176759706	-81991.81920951488
-93631.7968986724	-75428.35695764504	0.7976287727198996	-79112.20943923034
-80163.25446535638	-89697.12607782107	0.17446608182930287	-81826.59169024671
-95058.10945231677	-75095.50581186074	0.8255791428310717	-78577.40025015266
-86950.85950167543	-78156.65228440319	0.6100757326562396	-81585.72709046728
-84009.34467286545	-80715.01339961623	0.45666514101576267	-82504.93841741447
-85256.22155089921	-79441.7704547039	0.5316484258838983	-82164.97777822807
-119648.88375533833	-73151.5876777301	0.9800027942663766	-74081.40367345123
-77945.12245050223	-123230.43587120599	0.0034401164660134826	-78100.90920286937
-83102.99533406642	-81916.46671138726	0.3965943713852077	-82632.42476082442
-85546.07370678528	-79191.39855593584	0.5469715135848272	-82070.24742118527
-82283.13142513637	-83312.93204264808	0.34045587385280757	-82633.73309426548
-80986.60214039858	-86528.79845560981	0.2429432613154899	-82333.04138806669
-97731.60256911941	-74599.13945756236	0.8659061716108148	-77701.05999626264
-81158.0668194913	-86003.65402515316	0.25680116049082885	-82402.41923716478
-100786.39000755805	-74181.58957517665	0.8971901601307032	-76916.82484738439
-82274.67441871314	-83329.33866742566	0.3398636766787821	-82633.11648794224
-78969.44287444378	-97930.37649553167	0.08741770805507984	-80626.96423418379
-81818.42372375887	-84289.66216449664	0.3072517488895962	-82577.71605659874
-102136.3148945713	-74034.4158771949	0.9077702628839853	-76626.24663602831
-79178.87819737138	-95931.05559616564	0.10147424322855132	-80878.79272134446
-88576.26148197401	-77233.83252422359	0.6669315942706802	-81011.63725427959
-97473.39355496306	-74640.97242172791	0.8626350886291337	-77777.34592707705
-102333.6409087166	-74014.4808330135	0.9091945069572925	-76586.01612624308
-81334.49689170934	-85501.04777351631	0.2707316496902148	-82462.51408545916
-90190.82718910556	-76518.01037291824	0.7140802081355888	-80427.33931120274
-78920.80252777047	-98451.01067105433	0.08416739763682696	-80564.60932249624
-90630.72832668145	-76349.78508226706	0.7259064598423186	-80264.09937291952
-85686.58724175685	-79075.14029640392	0.5540900186940466	-82023.25048021154
-82932.83603396095	-82177.94513649358	0.38509884725954546	-82642.12841953954
-84451.93001489907	-80221.71025432742	0.4847388516329545	-82401.37814600454
-116651.62505629417	-73222.86144439834	0.971893679592514	-74443.48418937525
-79436.56269206002	-93890.88841043257	0.11922903237230245	-81159.93796105566
-87934.43044633624	-77569.82203469405	0.6459583912174395	-81239.32467115311
-85475.9847134732	-79250.6095013365	0.5433456526020941	-82093.45415614189
-80145.76282411112	-89778.9992463152	0.17304214654214894	-81812.71873275733
-80966.47653170579	-86592.98727118368	0.2412975132585108	-82324.13958146411
-96345.67817549569	-74838.11394174857	0.8468708525503584	-78131.54891658066
-80182.7058627667	-89606.94321613561	0.1760538769251026	-81841.87938588967
-123253.40459884144	-73079.93725288137	0.9886774529862566	-73648.02869574852
-82622.1666207572	-82691.51590436562	0.3639309748143304	-82647.40497314348
-82165.32615338119	-83545.76445743442	0.33217152798064864	-82623.86845412156
-83382.52898152746	-81513.92320676603	0.41535063680519957	-82606.40238304243
-94976.02792764155	-75113.21510898041	0.8240947270770963	-78607.18861886355
-78223.91966300689	-110999.92582121797	0.032458642359611815	-79287.7843248727
-85122.0112205176	-79562.80607866547	0.5242594153931371	-82207.54558279968
-88273.6231075021	-77388.10417387949	0.6572412137386229	-81119.21143139321
-86776.43394349332	-78271.24342489765	0.6031095227624383	-81646.87254881948
-80579.01754102252	-87946.34519900203	0.20905687104868728	-82119.20800919017
-97117.90844908396	-74700.5127700264	0.8579335982632345	-77885.27151045942
-80920.0455350168	-86743.21774707364	0.23748661820102313	-82302.97101086035
-95456.63046161091	-75011.8270439341	0.8325672595877077	-78434.95650734633
-83954.5026815015	-80779.8831907134	0.45310820515275974	-82516.05654198753
-80254.26491980349	-89282.7640066419	0.1819313400681644	-81896.83185747621
-83064.61247618533	-81974.30744898273	0.3940066198993505	-82635.02507775796
-116027.53691316809	-73240.03002357455	0.9700803081768393	-74520.21904359256
-78558.32089621019	-103326.32120424691	0.059364382903527045	-80028.65795025116
-85460.78883881577	-79263.5565812045	0.5425528836076751	-82098.46260706228
-87795.78757542885	-77646.94265161056	0.6412039658044092	-81288.30796194261
-84975.952076408	-79698.42946388303	0.5160090922375417	-82252.7024238559
-81855.15571904651	-84206.44762576379	0.30993335441234043	-82583.89950689799
-90729.79314887495	-76313.27991557181	0.7285205464551524	-80227.06705017101
-77968.97216626005	-122392.2931272551	0.005122855746063568	-78196.5464313043
-94490.32665278479	-75221.47177417637	0.814996273849641	-78786.28172536945
-83101.04266834636	-81919.39363745553	0.39646279596027634	-82632.56278971564
-80388.0149900168	-88706.98245618945	0.19304042555654027	-81993.91200987778
-82579.23027170103	-82766.49091747306	0.3609830664013384	-82646.82819382811
-108161.61444409892	-73565.52240101682	0.9418234416104126	-75578.20396981272
-80103.00440428319	-89982.30529612461	0.16957762674517546	-81778.31280342315
-91063.01393822422	-76194.01655964582	0.7371875659989466	-80101.7739518653
-87264.4304104153	-77959.07576291493	0.6221009057735323	-81475.56085566137
-86937.70891963638	-78165.17153806637	0.6095577349777691	-81590.34090331875
-79263.98140875285	-95212.8892019409	0.10726239913704691	-80974.69952226574
-90541.91950184948	-76382.9325959708	0.7235480050279773	-80297.21277288371
-79338.05897050492	-94624.89510428981	0.11235687607819918	-81055.64012361632
-90337.84239674218	-76460.65058192704	0.7180732948764522	-80373.00154664533
-88648.52703845655	-77198.03491721161	0.6691978081980237	-80985.8828081307
-84083.80834654375	-80628.32396005244	0.46147083834673924	-82489.20306981554
-85193.83608244559	-79497.61478460152	0.5282368386512055	-82184.88215181477
-105248.40601126912	-73759.70109145262	0.9274302313297693	-76044.82912320885
-78271.38024351776	-109542.99870329555	0.036832873884144315	-79423.20382239984
-84793.55285984525	-79873.80796546953	0.5054092817684439	-82307.06812629485
-88007.62050919414	-77529.7891689965	0.6484336753475981	-81213.44182359753
-85643.3156665843	-79110.60029897695	0.5519191006357449	-82037.78527618514
-82102.85026307571	-83673.1082984957	0.32774520540091073	-82617.49480542688
-98260.55401448175	-74516.97931148233	0.8722529695911156	-77550.15047108202
-81185.6144521931	-85922.75473672524	0.258998762902391	-82412.527925582
-110470.6942463455	-73444.56601887461	0.951397609012359	-75244.12437974468
-81443.97866597894	-85206.73666529388	0.2792040558767356	-82494.5559606703
-78177.37194233303	-112634.28545085347	0.027853505908240164	-79137.11778632233
-81253.41534911285	-85727.52351363511	0.26437221381650183	-82436.24522942209
-98704.70976184265	-74451.46915404631	0.8772410717563744	-77428.77097749416
-78756.96199850766	-100404.17860073519	0.07315451300020573	-80340.55358685358
-87016.95236943528	-78114.12630257089	0.6126618705930423	-81562.53029774564
-92415.35210886224	-75760.27002193517	0.7704542503962517	-79583.3733242908
-94156.22142333786	-75299.5305181577	0.8084286838469674	-78911.93161315398
-81746.70656120684	-84455.41035671694	0.301982770459518	-82564.68843772919
-90527.85126457067	-76388.22053251423	0.7231730837379895	-80302.45090515296
-78457.90854510602	-105142.05597605792	0.05199712869088534	-79845.40759307978
-92389.4580254272	-75767.88906775488	0.7698461514092022	-79593.4071329805
-85693.46191409303	-79069.53428193337	0.5544331912102057	-82020.93657864929
-82760.25073637461	-82457.15677850768	0.37337195230590886	-82647.08395359371
-84550.15614550254	-80118.94799718403	0.49078376873898333	-82375.39111040389
-127668.03598418382	-72963.840683839	0.998146135397727	-73065.25485510213
-78912.66055481137	-98540.55651867519	0.08362304844631215	-80554.00504989673
-87209.68119224468	-77992.82119024545	0.620044810665339	-81494.81497737613
-85178.65103683072	-79511.31664998073	0.5274003602235002	-82189.696839699
-81691.59889294843	-84585.8080488613	0.2979028003456475	-82553.79190528089
-80794.77751812404	-87164.03798686132	0.227117726136054	-82241.34947295192
-95221.28243473239	-75060.78712453767	0.828484266697044	-78518.62926141653
-80560.13890518415	-88018.52876136421	0.20747115565245725	-82107.5396679524
-98126.36061804078	-74537.38588315733	0.8706861326192186	-77587.76743367265
-84667.18855490166	-79999.43288189985	0.4978816442716131	-82343.19868536937
-82406.60426992316	-83078.59798740176	0.34906182974809846	-82641.17162652547
-83790.20217810909	-80979.64973048463	0.4423733579048914	-82546.88865428565
-97461.29146239109	-74642.9618720775	0.8624788611473967	-77780.96454405149
-78118.53447953144	-115075.40379962357	0.021484272087332765	-78912.5259155003
-85856.50259229429	-78938.7534856089	0.5624349866544475	-81965.71846579688
-88897.77246302771	-77077.51044233654	0.6768839653889938	-80896.82663452535
-91707.20813680321	-75977.91504179958	0.75341340336276	-79856.54789360617
-80135.47394006014	-89827.50650311087	0.17220633646457456	-81804.50336063847
-95994.80705454617	-74904.61961580365	0.8414338717095979	-78248.80898288391
-80723.4305990965	-87414.34653870825	0.22116572237455231	-82203.23185622813
-94241.23630187016	-75279.38055247106	0.8101233779914857	-78879.7936691797
-83595.85463234021	-81227.1134503081	0.42954895641408214	-82578.36432958326
-79933.30531933643	-90836.65802331446	0.15608289413717596	-81635.13216517173
-82762.30252409198	-82453.74994551018	0.37351181625514085	-82647.05449005569
-111987.71448766963	-73377.99416740693	0.9570248804025052	-75037.25151579604
-78896.7165798838	-98717.98752437899	0.08255664295592882	-80533.09416818121
-86503.34888424297	-78457.8547117568	0.5917630305604501	-81742.32287037611
-92725.91355702611	-75670.7820150574	0.7776553316373443	-79462.8995816379
-89743.43994841623	-76699.99483524488	0.7016577592650641	-80591.40547721158
-83310.95174954993	-81613.98433301144	0.41056316520413516	-82614.23943576761
-94540.48855213114	-75210.01012098642	0.8159607437896123	-78767.57699364524
-79262.9882872623	-95220.99809890291	0.107194481260629	-80973.59887097315
-114567.23268756078	-73284.13586266503	0.9656419488099711	-74702.54261665772
-82506.84403966449	-82895.24459665002	0.3559983979655456	-82645.11401572026
-81119.3731543837	-86118.86574937309	0.25370057134132323	-82387.74728214923
-82710.02816610338	-82541.2270243748	0.36994475626412815	-82647.58106886949
-101277.01912335932	-74125.82772642931	0.901215759299114	-76807.93755269947
-79494.93878252509	-93479.33504722007	0.12336137705311921	-81220.07316299436
-88409.36772889839	-77318.02260417618	0.6616288727673798	-81071.01355655446
-85684.11175952324	-79077.16079736306	0.5539663309416354	-82024.08337630406
-79008.18359360464	-97532.30858062759	0.09000674881950241	-80675.47985841268
-79840.75976118309	-91337.70058240861	0.14891303816016735	-81552.80414841943
-91421.12857961265	-76071.62627697214	0.746292495872861	-79965.91019576884
-79260.33335392723	-95242.70615610768	0.10701296145154093	-80970.65439851112
-92696.54619580646	-75679.09734846966	0.7769817656640506	-79474.29874330504
-87806.49263489473	-77640.92695514207	0.641574211421243	-81284.52785025656
-84434.17727591125	-80240.52875816557	0.48363824234183744	-82405.96847778928
-85542.43072859851	-79194.4558207152	0.5467842932783122	-82071.45775484308
-116887.98552256238	-73216.59813818602	0.972568304363076	-74414.57834495643
-78078.18903722691	-117026.21705224257	0.01676762012215507	-78731.25477548975
-83930.56322597913	-80808.47824943998	0.45155116443315835	-82520.7821193636
-86637.28701723143	-78365.19847960495	0.5973979128846526	-81695.55858965631
-83882.30378207308	-80866.64662785576	0.4484046830667662	-82530.06899159824
-81526.95706547354	-84992.00838187752	0.28553969845439114	-82516.36677348852
-103572.8977280568	-73897.5465131154	0.9175372122545346	-76344.65870162526
-81924.94392946658	-84051.37513977414	0.3149980008121634	-82594.76550957805
-107610.39751894683	-73598.38849236892	0.9393233970516193	-75662.12165955133
-83243.02397516662	-81710.82086058115	0.4060099140784086	-82620.9343202631
-80180.22450499838	-89618.39748013095	0.17585107917591847	-81839.93740812443
-82594.47514199886	-82739.75316929407	0.36203046213704876	-82647.07021335891
-107291.6462684137	-73618.16644046952	0.9378345702396987	-75711.4927854985
-79756.48628795726	-91818.0526932729	0.1425071459403222	-81475.34569194846
-90674.75915941142	-76333.49907221695	0.7270704905296891	-80247.65215300108
-92645.78506531031	-75693.54167602072	0.7758138398311999	-79494.00002771248
-122931.5558174756	-73086.22406649933	0.9879429207639923	-73687.21318096595
-79523.84752415422	-93281.52292970986	0.1254255775937348	-81249.41190824316
-87458.61992823359	-77841.83805530895	0.6292552824607383	-81407.20913442309
-78073.38839540817	-117271.86597688455	0.01619450073609382	-78708.18816945514
-86877.78748506053	-78204.2359341176	0.6071827614410955	-81611.3565028573
-83734.86353163693	-81048.84012447306	0.43873427220502126	-82556.41300696925
-80891.83810942968	-86835.97280428068	0.23516234131973765	-82289.67474139073
-83039.14206090575	-82013.05065731228	0.39228775175034064	-82636.61897109971
-112188.92357922537	-73369.84370029712	0.9577375002091559	-75010.43505556109
-79273.75211579613	-95133.43856482719	0.10793111208518487	-80985.5057115624
-87360.97708555667	-77900.31541493928	0.6256843255909676	-81441.5893685321
-85198.56050093258	-79493.36057371172	0.5284966019651941	-82183.38172586428
-80834.91005862426	-87026.68858462201	0.23045222613625577	-82261.8192036831
-80841.07238249555	-87005.81331387188	0.2309632564196338	-82264.90102298964
-95322.44410067868	-75039.58264910421	0.8302547712756285	-78482.50160538645
-80297.31968398114	-89093.26101482782	0.18549202766671963	-81928.8966766774
-103775.52496108763	-73879.70258127459	0.9188115433470281	-76306.89826066299
-86086.04492839519	-78761.42264921773	0.5732683910666331	-81887.0704992403
-82902.08163608536	-82226.6344830948	0.3830144304757887	-82643.37562946619
-84040.57514528363	-80678.46287886008	0.45868414296605464	-82498.42756180349
-97031.62538618711	-74715.31514214179	0.8567565183135135	-77911.98111989464
-78490.88058929784	-104513.7948020389	0.05445879652384241	-79908.05717936691
-86163.20180272084	-78703.51931756253	0.5768009434864854	-81860.44990717192
-89751.75228146261	-76696.50782696603	0.7018924912352655	-80588.37422761062
-90151.65449602928	-76533.49272132576	0.7130090736965742	-80441.78158359783
-81094.45014268049	-86194.07002550371	0.2516950203123133	-82377.99907267276
-95129.57574504052	-75080.22067522384	0.8268590247117451	-78551.58556591242
-80618.41296484695	-87797.72343915488	0.21236501088286283	-82143.04731185481
-95863.55921172355	-74930.17229869001	0.8393311241458501	-78293.51604182708
-83741.72117008781	-81040.21215563836	0.4391858121304708	-82555.25673959905
-78798.82954253872	-99872.47364568338	0.0759857158131727	-80400.12547450821
-82742.55651845601	-82486.62661221134	0.37216530986088986	-82647.30828559579
-120600.3914801336	-73131.87232313931	0.9823947220163592	-73967.56879836998
-78257.45888191022	-109951.35494747583	0.03557919546139223	-79385.10220496003
-84568.54191866503	-80099.96490486013	0.49190654791760324	-82370.4196257003
-89622.08671442403	-76751.37502195154	0.6982129523202667	-80635.58910515983
-85817.11664558099	-78969.96943117844	0.5605258405951598	-81979.1136975492
-82159.16653245277	-83558.19789066938	0.3317361897464015	-82623.27586456329
-91487.2670467814	-76049.6488503097	0.7479507608204593	-79940.68877147463
-78648.2846989936	-101910.98350961953	0.06570358257813867	-80176.72735128792
-94606.51770370634	-75195.02337074986	0.81722162846459	-78743.02469399649
-83486.34439774869	-81372.26948028925	0.4222741915404374	-82593.62512112259
-81209.88183937178	-85852.24976302731	0.2609278346673511	-82421.20484942039
-83013.02455618662	-82053.08127155271	0.3905238123240892	-82638.14384505647
-109476.65482208144	-73493.51081222705	0.9474403548928066	-75384.77209122603
-80265.42533020547	-89233.2510116445	0.18285269977562324	-81905.21646717377
-91215.07265363357	-76141.33782493263	0.741079728108424	-80044.2333452014
-87567.09773817107	-77777.96418809003	0.6331623818038734	-81368.98662380555
-87607.63529386307	-77754.3840575067	0.6346067490423606	-81354.69555926134
-79840.04812870442	-91341.65770199231	0.14885845032054898	-81552.15990597605
-92074.94956077899	-75862.44196808405	0.7623681822287347	-79715.0496179666
-79809.13922803728	-91515.13084839533	0.14649560684341933	-81524.01557416562
-92241.52872466453	-75811.89422677278	0.766349932412531	-79650.6794376426
-85784.76707813394	-78995.78656095623	0.5589464735455942	-81990.09035908771
-83029.40925455141	-82027.93217283278	0.3916305789013753	-82637.20020528148
-84494.63352669394	-80176.75365592084	0.48737631547381627	-82390.20114461798
-106395.06384150355	-73677.00620618684	0.9334631184155413	-75853.9637327414
-77889.90191502681	-124547.29529368633	0.0008348798491013862	-77928.85523257025
-83965.20669887486	-80767.15258884411	0.45380355834325464	-82513.91836396864
-86652.01893341704	-78355.14152320482	0.5980093582598996	-81690.40859777498
-83849.32787163985	-80906.8022576585	0.44624906678442716	-82536.2285624114
-81598.59069293353	-84812.12759195575	0.29095173881131325	-82533.57484143836
-100631.5478982586	-74199.75997095878	0.8958727132144546	-76952.03033271944
-81665.14923353972	-84649.35887357284	0.2959345316850977	-82548.27991581308
-121886.509636512	-73106.47386468887	0.9855071634916935	-73813.43494799925
-80598.50390364206	-87872.4950329894	0.2106934183645901	-82131.08595983796
-78506.8920277433	-104220.6259100308	0.05563806414869419	-79937.55440298846
-81160.1658656435	-85997.45708644004	0.2569689006311412	-82403.19927268426
-97339.49267530511	-74663.13012829919	0.8608916962609846	-77817.60045718412
-78786.00500887864	-100032.74275438231	0.07512020723293569	-80382.06435134471
-86525.80515708528	-78442.16446574003	0.5927174655651114	-81734.49013397213
-93669.75152583246	-75418.76393798606	0.7984299772654306	-79097.6159209966
-91694.1568291634	-75982.11466950562	0.7530914753622158	-79861.55181819339
-81488.16503460375	-85091.52489815443	0.2825868510290437	-82506.42715156898
-90267.33397702285	-76488.01443890284	0.7161634599866895	-80399.08882034064
-78792.02303843324	-99957.25623477972	0.07552652951295277	-80390.55964808563
-91065.89387682588	-76193.00888914379	0.7372616436565389	-80100.68624489273
-85677.21334624104	-79082.79648333417	0.5536213274238295	-82026.40352901246
-82885.37612819206	-82253.27195129836	0.3818812754037332	-82643.98737893187
-84477.79513702758	-80194.42836011617	0.4863380458999106	-82394.63090887188
-118695.5242243772	-73172.53036192022	0.97752312192487	-74195.74514458155
-78830.80350667443	-99482.38665867655	0.07813804236564532	-80444.47778592323
-86210.08606504292	-78668.7389318549	0.5789216464478655	-81844.23696626282
-84390.44911100343	-80287.20990119183	0.4809170991281213	-82417.13121319207
-78533.02395266858	-103757.57732541222	0.05754247074831355	-79984.50707725895
-80379.73810320048	-88741.53136488213	0.1923493114192316	-81988.12327931491
-93491.90871720592	-75464.0892797562	0.7946501423154418	-79166.0994355994
-79622.57834837431	-92633.83564393916	0.13256980549005912	-81347.47819722845
-98554.77560898998	-74473.24103709467	0.8755903000715474	-77469.21752700083
-85691.27780908828	-79071.31451373827	0.5543242154051845	-82021.67184938227
-82973.33980330422	-82114.50252550477	0.38784078759913443	-82640.24767706299
-84270.00125441607	-80418.26147825342	0.473350834627397	-82446.77701660193
-99878.3495967868	-74292.29381098432	0.8891122380128441	-77129.47427515048
-78244.98683984009	-110330.10103084808	0.034436051884420664	-79349.8714968392
-86838.92216677693	-78229.791057259	0.6056292721007703	-81624.98035949949
-89891.85249933973	-76638.35007471722	0.7058257598867355	-80537.18907931985
-100304.91434278342	-74239.02642850496	0.8930149268365964	-77027.68735408311
-79954.71043653929	-90724.46527469513	0.1577609485298636	-81653.75717524084
-99669.6466179368	-74319.20969909898	0.8871278312479085	-77180.5684929413
-80891.58923311984	-86836.79627122285	0.23514180474756247	-82289.5559456573
-94219.07211504647	-75284.614676396	0.8096830923284579	-78888.16206455839
-83728.00564380328	-81057.483770609	0.4382825566341186	-82557.56248967236
-80528.49581291419	-88140.94524392931	0.2048134033460896	-82087.6274886804
-82956.30578148164	-82141.0899610737	0.3866880966643775	-82641.0715275174
-111027.07614830951	-73419.0628055265	0.9535159014958187	-75167.23740229898
-79024.25155495625	-97371.28057658034	0.09108124262135657	-80695.32175665586
-86707.98498236653	-78317.17365593526	0.6003175417519123	-81670.83375357921
-89659.77135779806	-76735.32430044888	0.6992863158125044	-80621.88239115059
-87292.52430863287	-77941.87950085069	0.6231491517320039	-81465.67792851613
-82616.62356841056	-82701.13773531956	0.36355075136916437	-82647.34875729166
-92813.33629754839	-75646.20583137425	0.7796511490802028	-79428.96330318596
-78294.62050219573	-108892.44059347942	0.03887753001510156	-79484.18817119129
-104610.9889672079	-73809.61513224356	0.9238316906570104	-76155.70370269418
-82652.27866603521	-82639.54006834405	0.3659947473633454	-82647.61640619148
-80556.60084946416	-88032.12708492292	0.20717397008202704	-82105.3352981165
-82465.70238588176	-82969.77479041406	0.35315640661914194	-82643.71878494225
-106918.91905055115	-73642.03979761308	0.9360512423520079	-75770.05488424072
-80075.64005188024	-90114.835667227	0.1673731702184094	-81755.93204846358
-90351.57008723516	-76455.35391601296	0.7184440211534523	-80367.91666236465
-87009.68910435736	-78118.77613679114	0.6123790604444599	-81565.08017478569
-84689.83759957913	-79976.65957483325	0.4992415243292326	-82336.82341806995
-80404.69993086062	-88637.75490198779	0.19443473964425206	-82005.49183064855
-93553.54761950589	-75448.27128059685	0.7959675638496242	-79142.33491920022
-80048.67560251526	-90247.3299028684	0.16521114191591485	-81733.60692548225
-95725.17971749007	-74957.5225286723	0.8370727319795122	-78341.14017763242
-90093.06562512889	-76556.80736308986	0.7114012821642104	-80463.35414180844
-85598.40587158079	-79147.7230324908	0.5496460490221126	-82052.81353558024
-86442.26469063631	-78500.8568326483	0.5891466194553551	-81763.61109738647
-126673.3047985578	-73000.43013460776	0.99609318610048	-73210.12006737207
-78073.57068279566	-117262.49575643789	0.016216281583727572	-78709.06932675344
-83744.46107324642	-81036.7692187404	0.4393661756825241	-82554.79285820539
-86438.11726524106	-78503.79377830747	0.5889678901637263	-81765.05550126529
-83628.07364588528	-81185.21068943322	0.4316830955299151	-82573.53100288869
-81299.95894231481	-85596.60788071279	0.2680316247573692	-82451.59673828565
-95332.38264795643	-75037.51248143039	0.8304274527461256	-78478.96531175487
-80611.18173794787	-87824.80246013027	0.2117579348132754	-82138.72316460346
-97832.02674077536	-74583.1811496631	0.8671469727887242	-77671.86066560989
-81644.95755366755	-84698.30300478695	0.29442746830504407	-82543.94632470136
-78024.44952358434	-119836.10049757498	0.010457648081328444	-78461.70105516966
-81275.19323695551	-85665.95852207101	0.26608744247568045	-82443.5207421829
-99405.9194817211	-74354.05569034928	0.8845455233468514	-77246.40551356808
-78718.35510822947	-100917.24118599606	0.07052711881480743	-80283.97858419249
-87231.49246365765	-77979.34034423131	0.6208660494012067	-81487.14532881042
-92303.94841916725	-75793.22598260631	0.7678297796523434	-79626.52404880166
-96035.73286034304	-74896.72797852107	0.8420817992916038	-78234.9615942244
-80681.23879726193	-87566.18196077221	0.2176343526265256	-82179.63894552292
-88541.5247470538	-77251.17972840556	0.6658359513886785	-81024.00713005573
-78240.85268204544	-110458.48057734397	0.03405274279650667	-79337.9512782776
-88487.45207850618	-77278.36603025698	0.6641220946775901	-81043.25037272157
-84475.85111461568	-80196.47329091212	0.48621803187242746	-82395.14045153602
-81573.44796844917	-84874.69909341173	0.28905809079308237	-82527.70131585936
-83605.23509245279	-81214.87657363045	0.43017060872938795	-82576.9731133295
-118693.63682215419	-73172.5732152934	0.9775181258911187	-74195.97203660522
-79736.15787171248	-91937.59488201415	0.1409796095054908	-81456.31169683066
-88722.71073132474	-77161.69094492235	0.6715061445311437	-80959.4149077094
-86135.42754672287	-78724.26676912287	0.5755354693993265	-81870.04164979298
-82765.37379420105	-82448.65437853802	0.3737211535897007	-82647.0090488152
-81339.07739492158	-85488.47418109467	0.27108874560164037	-82463.93216468873
-97576.22809842674	-74624.17219531773	0.8639519725589769	-77746.75412665181
-80879.15191420054	-86878.06228179965	0.23411487710339268	-82283.58607766527
-115421.55144815624	-73257.63166109951	0.9682729842579678	-74595.36700792925
-82912.2993090178	-82210.4081656665	0.38370718672034876	-82642.97863301855
-81683.98013614191	-84604.04877238967	0.29733652291903856	-82552.22319112875
-83091.21809408437	-81934.14538507047	0.3958006748475668	-82633.24793500897
-94592.22193907113	-75198.25846732373	0.8169494752213186	-78748.33365836566
-78016.02224577712	-120266.56324617186	0.009534880395725557	-78418.87610087058
-84681.67981115181	-79984.84902308964	0.4987522459385769	-82339.12490681234
-87548.07333444274	-77789.08426486568	0.6324816281263255	-81375.69203884964
-85813.26990553332	-78973.03094339468	0.5603385708029671	-81980.42018153779
-80481.7284188442	-88325.21969813299	0.20088747520981456	-82057.38757877072
-96101.86565882126	-74884.05152664185	0.8431210610914793	-78212.67969365638
-80816.19370643806	-87090.44022553966	0.22889848026795268	-82252.3591994869
-95850.90758768703	-74932.65529901671	0.8391264168600044	-78297.84949772152
-83910.19599499372	-80832.94146692514	0.45022445821786494	-82524.74074229557
-79752.90709751732	-91838.9936421598	0.1422376973154148	-81472.00421718208
-82969.04022392246	-82121.20074730406	0.3875498954365808	-82640.46012341199
-118654.46891917019	-73173.46385574748	0.977414367087603	-74200.68114059682
-78545.3978519376	-103544.62152615697	0.058436161428667865	-80006.25652215566
-85396.84157451056	-79318.47531401175	0.5391906697569625	-82119.44319948409
-96855.36909596529	-74745.99038832857	0.8543069926057097	-77967.17226386345
-88018.09773386478	-77524.09617895039	0.6487861175234517	-81209.7352077668
-82987.84790585788	-82091.96387699901	0.38882205054469365	-82639.50844070673
-93489.28097432846	-75464.76620570415	0.794593806869667	-79167.11316734873
-79468.36047210191	-93664.66124310876	0.12147410604826071	-81192.8434174522
-99697.22363900725	-74315.62015019073	0.887392979480398	-77173.7668950763
-84773.12789164021	-79893.8792270593	0.5042024905966195	-82312.99856271828
-82288.14807679222	-83303.22175205847	0.3408069870401536	-82634.09227768348
-83846.05377686347	-80910.8075507953	0.4460348019462245	-82536.83180775575
-109464.28141347447	-73494.14867302177	0.9473896136343603	-75386.55125412034
-80154.55271019394	-89737.7637742874	0.17375723263184448	-81819.7049444177
-91539.48688853912	-76032.43056485397	0.7492549530829979	-79920.748130281
-87493.71578795603	-77821.0484754845	0.630526144493114	-81394.84616045878
-93741.05839980135	-75400.8572513486	0.7999271095630694	-79070.23430631425
-79125.55384386315	-96406.6606504662	0.09787581382435584	-80816.95623634504
-90291.73308568445	-76478.51507129705	0.7168254348978136	-80390.06707518289
-79262.77682270644	-95222.72551754433	0.10718002078846041	-80973.36445560193
-90012.32355461238	-76589.25210830609	0.7091741046775962	-80493.02887965471
-87336.02729301016	-77915.4099486453	0.6247633827156382	-81450.37053367516
-83744.09909889358	-81037.22393230024	0.4393423489501742	-82554.85420488757
-84914.31921523875	-79756.9255777316	0.512463607049721	-82271.34266878656
-103942.67504491935	-73865.23720120091	0.9198454563377484	-76276.0805060939
-78187.75929070622	-112249.24103862175	0.02891188916152456	-79172.54107567924
-84487.55968154888	-80184.17061382088	0.4869404091615134	-82392.06564812822
-87483.95551391515	-77826.81809477904	0.6301733737226423	-81398.28464599498
-85003.42346181044	-79672.60166675801	0.5175772609218455	-82244.31131866472
-81899.129491137	-84108.28026886188	0.31312910599755067	-82590.87889917979
-102769.24231822173	-73971.79206714538	0.9122409273869552	-76499.02959480013
-81948.88898400993	-83999.06097726832	0.3167269692144524	-82598.23374580301
-111137.2603827924	-73414.16545945467	0.9539276848665386	-75152.15577657217
-81872.33048495825	-84167.91998881749	0.31118336904815475	-82586.67976072076
-79575.22325050997	-92939.26788988427	0.12912451288068946	-81300.84900468496
-81832.84500516724	-84256.85809104079	0.3083059130562489	-82580.18257286778
-100762.69293625213	-74184.35221457412	0.8969900469152132	-76922.18584538564
-79308.99103262796	-94851.73715077052	0.11035088413275126	-81024.14680861589
-88175.3906924767	-77439.74383392472	0.6540220106824444	-81154.04134806986
-90681.30547382869	-76331.08606290487	0.7272432574870878	-80245.20516377401
-92093.14850917006	-75856.86740959584	0.7628054770627052	-79708.02435928516
-81369.67570201462	-85405.07249470164	0.27346827337171636	-82473.2286952805
-89514.92081237133	-76797.49538892228	0.6951422840587423	-80674.50065616824
-78033.72345609977	-119353.13660247749	0.01150595061259212	-78509.14258310328
-90949.64862392085	-76233.99251022632	0.7342604025550805	-80144.52504201737
-84991.57416713341	-79683.7236272943	0.516901783628991	-82247.93675585448
-81678.83961560483	-84616.38574257845	0.29695413607218873	-82551.15608791249
-83994.33829274958	-80732.67628080526	0.4556932850523142	-82508.02081579634
-125598.96369898807	-73029.76905923581	0.9938324256350197	-73353.9934764836
-78897.06702575515	-98714.05761637057	0.08258008958433993	-80533.5558840202
-86544.45055141785	-78429.18485656558	0.5935069328312391	-81727.9840997555
-84648.61009441948	-80018.19847310903	0.49676277583016387	-82348.39396418106
-80081.25946048685	-90087.46287921522	0.16782502740353675	-81760.5508234403
-80533.09202173717	-88123.05191818661	0.20519940728659555	-82090.54729381762
-94007.12878352974	-75335.35324005598	0.8054183862214938	-78968.53745741515
-80004.08349424328	-90470.70543008279	0.16165889863449567	-81696.10606881476
-98215.15293986518	-74523.85080691008	0.8717260689271389	-77562.82726373909
-87950.62693144659	-77560.9230598216	0.6465081716401784	-81233.59847751944
-83520.77115155078	-81326.1744048801	0.42456449553670195	-82589.02329089405
-84658.80893145093	-80007.88736622845	0.4973773665617976	-82345.5458112551
-100419.71311068247	-74225.07876691838	0.894031784273508	-77000.87742993495
-78616.48991189976	-102391.6727063133	0.06348512845694522	-80125.86044569046
-87470.34935799797	-77834.87659481655	0.6296807518428229	-81403.07762411685
-90899.24301767786	-76251.9632916077	0.7329518464715647	-80163.49229666921
-98592.04444711286	-74467.79711681731	0.8760037106185979	-77459.11426989315
-80693.42567790535	-87522.02783145355	0.21865510008297215	-82186.53436521624
-94169.61782669049	-75296.34211285757	0.8086967861606367	-78906.86041259022
-80411.944348713	-88607.86957629614	0.19504057729293564	-82010.48233655056
-94007.68977310481	-75335.21727825489	0.8054298037331812	-78968.3239163646
-83319.11263299198	-81602.4745393748	0.4111095566649094	-82613.38630737092
-78583.00445095508	-102920.4630991043	0.06112380494845362	-80070.6025263056
-82387.40629386056	-83114.40575241216	0.3477284496252794	-82640.20468846113
-113073.58401011075	-73335.75110589189	0.9607853219215148	-74894.05743076747
-78638.44046978248	-102057.69225290688	0.06501896260911405	-80161.13592580287
-86067.95786046793	-78775.11778285248	0.5724325234693853	-81893.29901157985
-91682.5823038891	-75985.84505410692	0.7528057391006973	-79865.98841709738
-90094.86217856355	-76556.0896111057	0.7114506862163895	-80462.69314491803
-83271.94001475506	-81669.37142543051	0.4079493302395888	-82618.17323207711
-94647.23153048614	-75185.83897090693	0.8179941724076644	-78727.92582981246
-78907.3983442515	-98598.80984482048	0.08327115759385412	-80547.12497456081
-127153.37193471627	-72984.43893933068	0.9970876147197109	-73142.1997424354
-80693.85861693803	-87520.46372505734	0.2186913519444059	-82186.77811722324
-80651.5409898673	-87674.80646349586	0.215144840890589	-82162.56032272348
-82247.28616751819	-83382.79425891518	0.3379432436346848	-82631.02345509832
-108476.7589697335	-73547.46536696542	0.9432124756190597	-75531.01347904163
-79977.30444155577	-90607.4822860586	0.15954003825265833	-81673.24342150032
-89559.7644852291	-76778.11001741084	0.6964305360122919	-80658.23001308253
-86701.57419983108	-78321.5037773096	0.6000543133716804	-81673.07679643863
-83912.81763689547	-80829.78558854712	0.4503953315184286	-82524.23439539768
-80136.41406887285	-89823.06345243573	0.1722826517152894	-81805.25571090933
-93161.06269391348	-75551.01546464625	0.7874485746364279	-79294.05610394682
-80129.69989185025	-89854.84245826265	0.17173787317760353	-81799.8751925549
-93444.30028192418	-75476.38653539092	0.7936273066523389	-79184.47328910146
-86682.71638840949	-78334.26959823121	0.5992782606592012	-81679.67371678556
-83698.98962951686	-81094.22651705125	0.43636960180041023	-82562.35018734584
-84971.16854194063	-79702.94217679447	0.5157352610181749	-82254.15844240914
-110021.34742908241	-73466.13798597569	0.949637273474978	-75307.15800222378
-78004.59363348856	-120831.77118612098	0.00833910222759184	-78361.73384521919
-83394.82143285083	-81496.93851634639	0.4161717107751073	-82604.97625263833
-85908.94996593082	-78897.55038372747	0.564954040151459	-81947.8314448488
-82858.64436932256	-82296.1779469703	0.38006664662094586	-82644.86964234225
-81165.4433733089	-85981.90038574125	0.25739042927567546	-82405.15331132669
-99003.06977168474	-74409.14968042243	0.8804303951760861	-77349.83498680558
-81380.4707346543	-85375.89180928995	0.2743053178252689	-82476.43598237801
-102340.79883477112	-74013.76481032753	0.9092456391679988	-76584.56667748226
-82550.17739440672	-82817.80821269799	0.35898472970863776	-82646.25277137272
-79380.54848824254	-94301.90403078731	0.11530650754490167	-81101.07788368914
-82043.79963932866	-83796.03923265196	0.323538619559072	-82610.71681848924
-103454.23106678005	-73908.15630690132	0.9167799444706853	-76366.98228909171
-79357.98557701404	-94472.17544002141	0.11373753257078793	-81077.03623883892
-89160.54615649911	-76955.18783981045	0.6847844407716968	-80802.50668718728
-94667.06763371844	-75181.37977615316	0.8183691990524311	-78720.58086873706
-104271.49538067309	-73837.43524767233	0.9218354677842904	-76216.2993213931
-80444.54544276345	-88474.65566841557	0.1977698630063498	-82032.65924201655
-88806.39054697077	-77121.17771952921	0.6740886855543985	-80929.52079169729
-78535.9559236061	-103706.7623231977	0.05775467813349109	-79989.68774557493
-88556.37358122149	-77243.753165445	0.6663048111990342	-81018.7201709212
-84666.57085015075	-80000.05557084884	0.4978444925754617	-82343.37191883105
-82006.15966339814	-83875.73802037498	0.32084493692331445	-82606.00441341556
-83768.72360887534	-81006.38735175753	0.44096220491217664	-82550.63772222782
-110446.31592754112	-73445.71361866465	0.9513032672835722	-75247.52205964686
-79036.02135883724	-97254.78819442232	0.0918686982693778	-80709.75575209575
-86707.69586006593	-78317.3688363376	0.6003056767806949	-81670.93491767535
-84701.5267306744	-79964.95067510071	0.49994156213567187	-82333.51549827648
-78099.07962742793	-115988.70280028507	0.019238351743047104	-78828.01352543886
-80539.27379907761	-88099.04626264038	0.20571860026282104	-82094.45960858716
-94379.2891595279	-75247.08002302435	0.812841205239991	-78827.84122610878
-79641.06322464206	-92517.11322055523	0.13392424961977695	-81365.47855841146
-105258.05728004641	-73758.96782223877	0.9274832944499187	-76043.17801754628
-84168.54898260822	-80531.55917567406	0.4669033255715201	-82470.42634668094
-82230.11199765948	-83416.56785630679	0.33673695011191834	-82629.63552494279
-83580.37607340534	-81247.37232135847	0.42852264138705526	-82580.6311432123
-96229.9356646529	-74859.7664101401	0.8451066704588712	-78169.86307882905
-78133.42373666109	-114412.95109867846	0.023157822397969426	-78973.57858799296
-85454.34089392528	-79269.06223276038	0.542215775923379	-82100.58522535943
-88515.18932036575	-77264.39253576774	0.6650025163041079	-81033.3811481819
-88792.56632324237	-77127.83570003702	0.6736635671635872	-80934.46228161152
-80851.56322313205	-86970.40483377506	0.23183261001651898	-82270.1102440051
-99636.06699701937	-74323.59428625768	0.8868037417316249	-77188.87148463626
-81307.65872394518	-85575.18818453168	0.2686347000003802	-82454.06522033262
-98394.50292638812	-74496.89786676121	0.8737887509798844	-77513.04444992615
-84612.57695105523	-80054.81552929028	0.49458412371113525	-82358.3805121872
-80893.75192806787	-86829.64346226971	0.23532024741519403	-82290.587392526
-83643.60928160956	-81165.13314060534	0.43271107895713906	-82571.1451964661
-125211.3413209429	-73038.96562899539	0.9930026873071426	-73404.03205564118
-78377.91474509051	-106826.36588778069	0.04579803859496802	-79680.7980084905
-85248.65817241186	-79448.50273465257	0.5312369595417904	-82167.40123278684
-87630.85897770018	-77740.94505721303	0.635430460655123	-81346.50641936551
-84652.57517136233	-80014.18698339394	0.4970018233653958	-82347.28778446553
-81677.26249508662	-84620.175541508	0.29683676910543766	-82550.82729554459
-90261.467510933	-76490.3032390653	0.7160041238876386	-80401.25710154162
-78076.69096253901	-117102.61742742112	0.016588898676854417	-78724.08810243531
-92719.28430776311	-75672.6564451089	0.7775034207110265	-79465.47283296158
-82780.45653892079	-82423.70050685051	0.37474881966346857	-82646.76263699462
-80418.93448992548	-88579.1314899956	0.19562538726700784	-82015.27618823927
-82454.72771276168	-82989.82490495295	0.35239714480155376	-82643.29443548122
-106802.17346076565	-73649.68712599661	0.9354829156618167	-75788.58888287737
-80049.80756340853	-90241.72928309819	0.16530169466198938	-81734.54949553557
-90481.54517015869	-76405.69813706141	0.721936446787142	-80319.6781775651
-87005.15128358456	-78121.68411965847	0.612202197758039	-81566.67316211764
-84687.81076290773	-79978.69290422446	0.4991200166094387	-82337.39577906593
-79617.53080847421	-92665.94864763616	0.13220090055128203	-81342.54339758084
-91282.94034505117	-76118.16731080694	0.7428044163023777	-80018.47996299135
-79541.42791463107	-93163.0911188885	0.1266868695145767	-81267.11378356034
-91385.13018432137	-76083.66882130063	0.7453868863364675	-79979.62154254157
-91558.00148306917	-76026.35398164086	0.7497162765896256	-79913.67254899578
-84614.44572011188	-80052.90926122793	0.4946973901381738	-82357.86553888186
-85658.13046310398	-79098.4260468224	0.552664469560729	-82032.81490140455
-108625.1633187038	-73539.14125539367	0.9438568671700531	-75508.98045256853
-78395.91761384401	-106425.12961206606	0.04722544320386234	-79719.60957311506
-85299.58200930577	-79403.3751403079	0.5339959191509178	-82151.03160279129
-88817.48026911786	-77115.84665689194	0.6744292816910952	-80925.55591741196
-86871.46397106856	-78208.38209472237	0.6069307103780553	-81613.57353379451
-82439.43601496743	-83017.88196133121	0.3513383847573497	-82642.66627943232
-99868.87292371443	-74293.50360623443	0.8890232292525491	-77131.7755037618
-81517.55517699003	-85015.98992159058	0.28482546843661133	-82513.9984919158
-117963.38583611904	-73189.61820016438	0.9755580976137045	-74283.97425818906
-81017.04524477238	-86432.74987410166	0.24542539932176258	-82346.19671603423
-78414.91359656648	-106016.48697437019	0.048709924324459204	-79759.3841470353
-81207.12602125734	-85860.2208085243	0.26070909261276665	-82420.23014108691
-97817.77352415786	-74585.43564683635	0.8669719154820832	-77675.98905352948
-78791.67252490493	-99961.63927705947	0.07550287232424231	-80390.06582170131
-86714.70668892565	-78312.63877510843	0.6005932146170792	-81668.48171113514
-92664.04431602654	-75688.3354663378	0.7762344882884514	-79486.91364375467
-92219.5569878703	-75818.50053212466	0.7658274393166452	-79659.17792027887
-81546.03988259565	-84943.60183929691	0.2869865471847278	-82521.09445739553
-90211.44852111881	-76509.89398269755	0.7146428521512832	-80419.73050687509
-78597.91565988297	-102682.00454572866	0.06217871989717471	-80095.43347669463
-91327.91229926	-76102.92779382439	0.7439430483659637	-80001.39091496167
-85568.25426311063	-79172.83177133837	0.5481084970221101	-82062.86885332395
-82711.47343453988	-82538.78931355284	0.3700434826331342	-82647.5728010144
-84428.58783966345	-80246.46957913873	0.48329121900452277	-82407.40680751338
-123512.88055653266	-73074.82057799367	0.9892645309120021	-73616.29681175186
-79330.1298279776	-94686.28924506217	0.11180875291606007	-81047.08286198204
-87578.61621917285	-77771.2482041721	0.6335736433557593	-81364.92633417808
-85381.09968205185	-79332.10350025282	0.5383565159871743	-82124.58317239881
-81504.2290445153	-85050.13180061465	0.2838115508916215	-82510.59720503473
-80938.06841878769	-86684.54502261998	0.23896814692044205	-82311.29328412717
-95686.17094211264	-74965.30937326586	0.8364283656447213	-78354.65456533161
-80507.78240966506	-88222.06238080714	0.20307413504349692	-82074.3531422881
-102858.52514116654	-73963.26038670764	0.9128494428317192	-76481.49880958372
-84970.53776407262	-79703.53758447581	0.5156991354467804	-82254.35032505651
-82455.3405850559	-82988.70332962657	0.35243955828031265	-82643.31871515556
-83962.79058873304	-80770.02317966348	0.45364664950453026	-82514.40235096138
-99814.59782993836	-74300.45494458036	0.888511462183354	-77144.9894285139
-77973.63627501827	-122208.24920374337	0.005496185131741768	-78216.75789690549
-86342.68145257716	-78571.99010358175	0.5848163880036691	-81798.2538055663
-89189.47587162419	-76942.00756539563	0.6856423403338149	-80792.09303897741
-110652.59859165561	-73436.08376302496	0.9520974561814086	-75218.8494953787
-79205.27011961877	-95703.16351438903	0.10326272918849198	-80908.88761742355
-93698.75647550717	-75411.461952378	0.7990402371190256	-79086.47232348057
-80296.07031398604	-89098.70311727398	0.18538847301545153	-81927.97696790332
-92217.25816209882	-75819.1927876592	0.7657727250933211	-79660.06695405576
-82841.72003514698	-82323.52321658698	0.3789168759497772	-82645.36651553112
-79013.65470265278	-97477.21721670816	0.09037255126331013	-80682.25395245758
-82127.78375296618	-83621.95658752807	0.3295146046141388	-82620.13552377203
-105987.0637203492	-73705.43216791462	0.9313770229597466	-75920.69382875926
-78557.09085197213	-103346.92312077651	0.0592762504037559	-80026.53915700488
-85466.08111227262	-79259.04302518122	0.5428292512732212	-82096.71927483243
-92858.15827299116	-75633.70761072151	0.780668971499281	-79411.564089837
-88181.65959532572	-77436.4247523383	0.6542285897248957	-81151.81975773524
-82994.93762806313	-82080.98516919947	0.38930140221125614	-82639.13465427308
-93549.9102094938	-75449.2015069539	0.795890036342885	-79143.73650239735
-79279.25046407903	-95088.98844720365	0.10830783577798035	-80991.56896924818
-101710.78681299699	-74078.72527990535	0.9045988458734916	-76714.855841057
-82906.29694344284	-82219.93424716777	0.383300256814502	-82643.21394569271
-81320.40241935723	-85539.88346998577	0.2696313951205944	-82458.10698172312
-82892.38566050235	-82242.07864745893	0.38235682042823455	-82643.73633869288
-102304.20852659996	-74017.43021743285	0.9089838712764897	-76591.9832731934
-79616.86010496935	-92670.22356784673	0.13215191179170072	-81341.88704190054
-88830.7124155657	-77109.49722838114	0.6748351772179378	-80920.82408751242
-85945.3310456386	-78869.21084874614	0.5666860122294629	-81935.39270920525
-80231.91577598595	-89382.75303783907	0.18008992962050185	-81879.88941444174
-79967.00262350739	-90660.63946434736	0.1587278661152647	-81664.38078026549
-91867.88213858691	-75926.79030581171	0.7573535813152089	-79794.83914895999
-79417.89429550176	-94026.06382866306	0.11791725678298165	-81140.44957347287
-93392.27646478	-75489.90450574968	0.7925043768383496	-79204.56833146034
-88398.05658068578	-77323.80657032925	0.661265881555729	-81075.03288501882
-84765.04304236898	-79901.84872579655	0.503723729816331	-82315.33666240353
-85799.7183783306	-78983.83435562489	0.5596776956184686	-81985.02011489993
-119659.40498322793	-73151.36380024637	0.9800296837700362	-74080.1440899067
-78063.44034854173	-117787.68711888982	0.015005164785879772	-78659.50921732576
-83626.88949345115	-81186.74442018429	0.43160471183389054	-82573.71138227092
-86229.1660000358	-78654.6711101505	0.579779173865223	-81837.63161033175
-83372.32271044396	-81528.06940180321	0.4146686575796052	-82607.56866671315
-81270.6494645431	-85678.75838822468	0.2657300069643087	-82442.01627953243
-105594.80912530546	-73733.78895784981	0.9293095048839989	-75986.06024838815
-81746.05684923747	-84456.93214620616	0.30193482946851935	-82564.56451973814
-102222.81607155359	-74025.63021341729	0.9083981115790877	-76608.54568617801
-82784.15269358919	-82417.60303662835	0.37500056460512965	-82646.69636527306
-80168.48902577256	-89672.76815756374	0.17489293214025498	-81830.72027101096
-82368.58007309752	-83149.74118272225	0.3464192694860873	-82639.18933404465
-104388.6408471069	-73827.73571960167	0.9225308247609859	-76195.26383438725
-79671.94601577632	-92325.13006670812	0.13619936176990316	-81395.30160787035
-89681.78745410455	-76725.98703591472	0.699911874849067	-80613.86889323898
-92249.49773765983	-75809.5026893362	0.7665392336314871	-79647.59653241238
-98471.06383586681	-74485.54723198079	0.8746541700284877	-77492.03171799036
-80849.79363527149	-86976.36607002259	0.2316860246613338	-82269.23484747868
-88675.03638284882	-77185.00085036535	0.6700247566023784	-80976.4281218439
-78178.44873157771	-112593.78482686763	0.02796409479253098	-79140.84245246321
-88834.9003486517	-77107.49026538982	0.6749635288618773	-80919.3262544429
-84554.26414302431	-80114.69974049476	0.49103487861860856	-82374.28317550872
-81541.39674985518	-84955.34693128392	0.28663485250769677	-82519.95385657763
-83654.86591128266	-81150.6369459059	0.43345547480164265	-82569.39415608325
-118509.90090989925	-73176.7735282093	0.9770300718154279	-74218.07220854878
-79697.41096576992	-92169.599257658	0.13808699460419427	-81419.65796313436
-88651.30992653804	-77196.66418245816	0.6692847284585614	-80984.89046012252
-86018.57183519186	-78812.75007771615	0.5701349759105233	-81910.28082107792
-82218.55813231517	-83439.39997212331	0.3359245060820647	-82628.66882435704
-81275.49134968714	-85665.1195632127	0.266110885517316	-82443.61920068023
-97449.64334920523	-74644.87915589678	0.8623282438005644	-77784.45109210355
-80704.66817886411	-87481.51025259058	0.21959624401447708	-82192.83724453373
-122081.97928235892	-73102.6832658869	0.985968854809172	-73789.91887963856
-83947.00249152977	-80788.82361438162	0.4526206655125166	-82517.5454663474
-82467.9776727859	-82965.62693076114	0.3533137562639165	-82643.80400142308
-83643.71330354006	-81164.99898491881	0.4327179596177261	-82571.12910111103
-95709.29711849343	-74960.68886844724	0.8368107871286579	-78346.63791694811
-78331.99949635219	-107918.59011888765	0.042054312404256125	-79576.24322136914
-85515.25565294779	-79217.33171167398	0.5453834278390697	-82080.47230558614
-88864.88712799482	-77093.15640649658	0.67588098458451	-80908.59817768486
-87926.17377092865	-77574.36736727503	0.6456776771830255	-81242.24345756922
-80771.26416430667	-87245.65215858612	0.22515928876418506	-82229.03276028202
-93998.50937349908	-75337.44336770785	0.8052428744466447	-78971.81894275718
-80351.54316392011	-88860.26629191289	0.18999814439476786	-81968.18476940758
-94377.75514382492	-75247.436112317	0.8128112387273969	-78828.41683457467
-83336.01840383673	-81578.7148505978	0.4122409965861358	-82611.58583574515
-78151.91536357175	-113633.53986788518	0.025177787677810815	-79045.26417180516
-82344.24848129226	-83195.73751198445	0.34472480278765705	-82637.77786947349
-115438.91278917185	-73257.11398900225	0.9683254257588501	-74593.20450672347
-78302.07576237238	-108691.41583728847	0.039521585172307826	-79503.1106544734
-84677.56335653992	-79988.98704419588	0.4985051285403743	-82340.2840192835
-89372.4026338607	-76859.94190857228	0.6910153855495089	-80726.09976160243
-86143.94821598871	-78717.89037552159	0.5759244257527981	-81867.10011861062
-82297.95506880798	-83284.28641925013	0.34149300111443454	-82634.78032176373
-91838.50900059592	-75936.05752144898	0.7566364612621721	-79806.13438802079
-78452.79299882604	-105242.67525217519	0.05161086167467628	-79835.44190608451
-96578.85154336723	-74795.32647101807	0.8503390906597634	-78055.46864198169
-83712.44433447446	-81077.15439822018	0.43725698132197593	-82560.14541203974
-81138.64872429988	-86061.23921132759	0.25524715993393354	-82395.12596563151
-83089.65926419188	-81936.4898820773	0.3956956004824136	-82633.35521307812
-114127.20576968437	-73298.61321589594	0.9642465500756553	-74758.37625524928
-80559.46126185184	-88021.13151928602	0.20741423568606793	-82107.11789523902
-92455.56304992823	-75748.48726447615	0.7713962499916538	-79567.78744070412
-88454.10405019291	-77295.24455960735	0.6630599738823231	-81055.11096780874
-96312.96808267533	-74844.20502527685	0.8463751704266861	-78142.34009111955
-79674.51469980188	-92309.3291864233	0.1363892901461218	-81397.76807876011
-92156.48192225938	-75837.56786495355	0.7643229317116838	-79683.56168762839
-79899.57401535149	-91016.2209114929	0.15345342293537304	-81605.46153312828
-91831.81804020796	-75938.17342377816	0.7564729071403807	-79808.70649216125
-85868.9784511994	-78928.91475946123	0.563036597440597	-81961.46860418211
-83103.47430765103	-81915.74901370067	0.3966266446277529	-82632.390809572
-84486.81901398423	-80184.94789544011	0.48689474462298354	-82392.2605743197
-103990.30556394416	-73861.15666629044	0.9201372790163536	-76267.3524781785
-78010.94333883324	-120520.74473417226	0.008994946713096013	-78393.31673716861
-83979.98976462116	-80749.62620865107	0.4547630176516439	-82510.93988579631
-86676.10081407544	-78338.75810569101	0.5990053908460913	-81681.98758642182
-83930.27750600986	-80808.82056765564	0.45153256546415743	-82520.83804664889
-81594.15823269021	-84823.11465193126	0.2906183635245808	-82532.55226314224
-100912.74297826362	-74166.968687792	0.8982481240282374	-76888.40139616483
-81742.29005710724	-84465.76218057514	0.3016568102835582	-82563.84397076875
-114444.5151582592	-73288.11498473928	0.9652556294124985	-74718.06820441557
-81921.23637438858	-84059.51553952045	0.31472990235499904	-82594.21676723826
-79071.2956186194	-96912.81249655216	0.09423130450560815	-80752.52502838583
-81694.39839446494	-84579.11864664665	0.2981107414407679	-82554.36448769203
-100616.00865700227	-74201.59903491623	0.895739202349917	-76955.58645157095
-79145.96192393308	-96222.1755674515	0.09925078494719004	-80840.7895319782
-88021.76802986882	-77522.10407819937	0.6489094711615753	-81208.43664761673
-96098.99605031677	-74884.59964353358	0.8430761636081635	-78213.6441144232
-96736.74140339668	-74766.97228403598	0.8526236924989952	-78004.79573349695
-82227.58442094643	-83421.55505633475	0.3365592794506951	-82629.42631767801
-91737.96627337621	-75968.04579344389	0.7541709822339245	-79844.74985527477
-79099.53286269489	-96646.49117432481	0.09612616279437486	-80786.25463390474
-94049.83709639925	-75325.02787792006	0.8062856527076948	-78952.2920738507
-86714.57616682845	-78312.7267822975	0.6005878647356576	-81668.52738514241
-83885.66804091675	-80862.56866617195	0.44862435188156063	-82529.43204324831
-85216.61683200739	-79477.13947187159	0.5294872749334866	-82177.63660504665
-128087.54986555804	-72942.47739610205	0.9990069996347211	-72997.23647320755
-78402.67006586713	-106278.19383580914	0.04775557909625693	-79733.88184611218
-85787.53861751156	-78993.56835599942	0.5590821863406125	-81989.15086977225
-84091.18499418758	-80619.8216350091	0.4619453266081392	-82487.60491345635
-78917.19165072775	-98490.63583501782	0.08392600069031193	-80559.91254085026
-80207.19652689566	-89494.6674816352	0.17805922144377634	-81860.91637427827
-92733.93566036074	-75668.51580289702	0.7778390534106863	-79459.78563237523
-79606.63292417038	-92735.63832135117	0.13140578840610734	-81331.86022937496
-95334.1471170801	-75037.1451909573	0.830458086708983	-78478.33773158361
-85167.00262148105	-79521.85651623619	0.5267570910588897	-82193.38188047985
-82720.31746837434	-82523.89612800506	0.37064748640802797	-82647.51439228957
-83987.08153406528	-80741.24117513439	0.45522292586842106	-82509.50058897096
-97682.26893773986	-74607.04235780488	0.8652902597266401	-77715.50013713686
-78279.998248064	-109297.38109764704	0.037597849157277624	-79446.18512969615
-86165.45061026984	-78701.84414528776	0.5769031056162873	-81859.67286152388
-89387.70983183118	-76853.17305220108	0.6914610664812829	-80720.56566233929
-91898.83144289406	-75917.0636211916	0.7581076327030141	-79782.931273174
-80155.58537401239	-89732.9316107172	0.17384130569832704	-81820.5237489261
-95990.70446637398	-74905.41269651373	0.8413687179810685	-78250.19956170989
-80699.7630685951	-87499.16282646926	0.2191856843589232	-82190.09415775465
-93945.42791765279	-75350.36170962469	0.8041584710212532	-78992.04790726594
-83520.29044875252	-81326.81508082511	0.4245325362831541	-82589.08878753167
-79955.23477632563	-90721.7337866738	0.15780214521148336	-81654.21141657588
-82715.26086555804	-82532.40632511067	0.37030217330125154	-82647.54943183238
-110865.44761915147	-73426.3372668008	0.9529073117986052	-75189.44561716166
-78875.82676751932	-98954.73855364324	0.08115829172057115	-80505.39694768918
-86392.845800852	-78535.99619929447	0.5870078833464978	-81780.81314646994
-88862.83099852013	-77094.13720431372	0.6758181646849276	-80909.33395778066
-86787.15793909912	-78264.09731749313	0.6035439064978717	-81643.11663621686
-82432.14546350497	-83031.30804945245	0.3508332580362884	-82642.35162562637
-92476.17316773317	-75742.470940197	0.7718779749774984	-79559.7969784661
-77900.67643310672	-124353.5418072341	0.0012177160059079859	-77957.24283079308
-106728.2724956437	-73654.57054591595	0.9351206918030109	-75800.36944792769
-81399.26657882758	-85325.3829187817	0.27575970794722376	-82481.93127410015
-79898.74743705017	-91020.6642749647	0.1533892193948083	-81604.72957899186
-81854.01733429212	-84209.00985149627	0.30985041526535323	-82583.71274369463
-102270.83754765452	-74020.78443113182	0.9087442918474532	-76598.76303362715
-79650.09229103931	-92460.596233663	0.13458782342148043	-81374.23013360932
-88728.74559026945	-77158.75215517975	0.6716931405008615	-80957.2603642797
-85951.88827507863	-78864.12387153276	0.5669968460640524	-81933.14821262307
-81157.45201222839	-86005.47012438651	0.256752020660201	-82402.19045872224
-79935.03154946791	-90827.56025412219	0.15621795177779538	-81636.64007338985
-91865.32910358631	-75927.59439802228	0.7572913079434079	-79795.82114275468
-79553.56571081559	-93082.12849660189	0.12756037519020252	-81279.2742555547
-92880.55085150986	-75627.48932837383	0.7811760726702871	-79402.87200932762
-89802.35355491747	-76675.36922180826	0.7033180899847722	-80569.90800649507
-84976.77291865555	-79697.65555364327	0.516056058083634	-82252.45242110646
-85967.05774690269	-78852.37996192761	0.5677143764125346	-81927.95288482944
-115761.39613820279	-73247.6433950364	0.9692923576188718	-74553.14051055326
-78195.1962042564	-111981.09426015391	0.029658354786644858	-79197.23035558363
-84335.97526268322	-80346.02466072098	0.47750770536850945	-82430.74310620653
-87337.10025727979	-77914.75952009617	0.6248030601034686	-81449.99293134989
-84672.91607737562	-79993.66318669885	0.4982259636910475	-82341.59079656407
-81767.46125311062	-84406.99047170076	0.30351223282104495	-82568.5906598413
-96940.29614271826	-74731.1359895229	0.8554948809277093	-77940.47332195597
-80938.4213659131	-86683.4005856724	0.23899713174053103	-82311.45492134453
-103256.42712879743	-73926.10877684806	0.9154991191543527	-76404.54651307104
-82319.36384876166	-83243.16598403182	0.3429888896232804	-82636.21771736958
-78164.68085372305	-113122.2218951298	0.02653445617247246	-79092.26019438366
-81661.0903081275	-84659.1675767863	0.2956318963650402	-82547.41757651002
-103007.90844414523	-73949.14731546599	0.9138559619915093	-76452.38633861458
-78927.86080873091	-98373.95313002795	0.08463919769825577	-80573.7624611717
-88611.37784196198	-77216.38834262542	0.6680350231639	-80999.12576782028
-93551.96461318817	-75448.6760670469	0.7959338270950532	-79142.9448776519
-113690.189826397	-73313.58138253426	0.9628320661561953	-74814.29649401296
-80130.12023565991	-89852.8496541547	0.17177196236082884	-81800.21254737812
-88142.20076342489	-77457.37042258184	0.6529256698792119	-81165.8007555842
-78273.49472717661	-109482.24044502719	0.03702133109963435	-79428.88403560146
-87746.009430865	-77675.0514585586	0.6394752506685848	-81305.88105705159
-84201.52244406426	-80494.43592723478	0.4690058770359885	-82462.87708099037
-81457.0116320011	-85172.54601564133	0.28020398769756966	-82498.11918272452
-83419.19101461042	-81463.4366778137	0.41779848367253186	-82602.07981826077
-118136.91293945674	-73185.4808939835	0.9760288129709074	-74263.0200787711
-79607.02243290747	-92733.13905859845	0.13143417485071943	-81332.24274059947
-88348.35381734109	-77349.34147027218	0.6596652634452823	-81092.68743977396
-85933.73653106557	-78878.22121735329	0.5661354011380663	-81939.3595387013
-82580.59982593071	-82764.08356012963	0.36107719432493196	-82646.85161787951
-81227.96118579172	-85800.1802214887	0.2623608084224663	-82427.53226828176
-96986.89112059114	-74723.0446585018	0.8561405844814258	-77925.90859773326
-80852.54307485797	-86967.10598578364	0.23191376690939597	-82270.59439253522
-107301.1772570936	-73617.56662777242	0.9378795639731398	-75710.00720702484
-83794.1752165364	-80974.72004439906	0.4426342050004532	-82546.18791788297
-82020.28870475304	-83845.69706523074	0.32185723162765784	-82607.80958624637
-83410.64771921525	-81475.1558669338	0.4172283340148007	-82603.10567818864
-95704.64361670963	-74961.61765437412	0.8367339318282015	-78348.24994523017
-78076.82319060121	-117095.86434070203	0.01660467871697999	-78724.72183274325
-85178.16309967359	-79511.75764193767	0.5273734425130159	-82189.85134675285
-88160.38911526227	-77447.69961400641	0.6535270238696836	-81159.35702786653
-87703.94613614894	-77698.97981206492	0.6380052378091683	-81320.72521727899
-80732.13260475284	-87383.38778277476	0.22189310543249025	-82208.00027122805
-97355.35395001803	-74660.48860499127	0.8610999249466412	-77812.80710474137
-81045.3526512118	-86344.55275900206	0.247725269417027	-82358.09842560889
-97377.75510867228	-74656.76566936384	0.8613932209762207	-77806.04883177968
-84273.22906990506	-80414.70121914336	0.47355489310284105	-82446.00432600327
-80230.8782644854	-89387.42220078317	0.1800045681633715	-81879.09800160762
-83308.93504902833	-81616.83267310279	0.41042812072273194	-82614.44865080673
-123507.41623228879	-73074.9288888088	0.9892522137560468	-73616.96648252741
-78449.5239449781	-105307.43927212946	0.051363370641057636	-79829.03700457272
-85182.88490207226	-79507.49199881243	0.5276338242296026	-82188.35564051973
-90719.86762511256	-76316.91532995364	0.7282594223202903	-80230.78190693342
-86387.84099094097	-78539.57249285252	0.5867901749761556	-81782.5541456878
-82394.27919624807	-83101.56047752713	0.3482059911333563	-82640.55877580591
-92056.42585503473	-75868.12928739745	0.7619225115706858	-79722.19827616942
-78901.84132828073	-98660.65370777182	0.0828994805625762	-80539.83661107394
-95741.41791574517	-74954.29111804372	0.8373399574647608	-78335.52604714326
-83845.07568106247	-80912.00472945497	0.4459707847067075	-82537.01172717362
-81522.8483268331	-85002.47782124857	0.28522768414307714	-82515.33498920118
-83256.11138613551	-81692.01873713506	0.4068879044796114	-82619.70100577176
-105278.6095381444	-73757.40851976407	0.9275961550846568	-76039.66466984423
-79768.18061019106	-91749.9463949214	0.14338900323110898	-81486.23406301215
-90031.09570990283	-76581.67608570008	0.7096931109950436	-80486.13525572458
-86512.80327388643	-78451.24119265832	0.592165343160563	-81739.0255976458
-79475.51141578847	-93614.46675943793	0.12198090545149141	-81200.19399074503
-79542.38786630424	-93156.66419354024	0.12675587274291977	-81268.07734392631
-90544.69055195372	-76381.89222011279	0.7236218113377695	-80296.18076945544
-79081.43172836864	-96816.47058862643	0.09491107447461973	-80764.68332244483
-91053.45050560843	-76197.36552212002	0.7369414751603902	-80105.38532276836
-86989.06240339068	-78132.0126452532	0.6115740516022936	-81572.32059756342
-83846.83718376103	-80909.84888375942	0.4460860738938543	-82536.68760394113
-85064.9189878989	-79615.32481686037	0.5210601865520424	-82225.35243250465
-109334.06427424442	-73500.90562391742	0.9468533019788415	-75405.31968585061
-78104.87072308882	-115711.25256474812	0.019913368660223526	-78853.74046867892
-84646.16200249546	-80020.6769797704	0.4966151158562177	-82349.07622204366
-87569.66239340685	-77776.46774423095	0.6332540105075561	-81368.08260613507
-85516.19784439298	-79216.53650606933	0.5454321239605486	-82080.16018039896
-82020.98812374844	-83844.21386347461	0.32190730602023604	-82607.89780989043
-105815.40100014603	-73717.7156195942	0.9304798983273816	-75949.14997070587
-82406.33558589558	-83079.09757208788	0.34904317983407956	-82641.15856882762
-126526.95378677269	-73004.8697491895	0.995788283794466	-73230.28957788454
-80757.48386952034	-87293.88170405252	0.2240100256328927	-82221.70251598068
-79501.46650142888	-93434.32979536724	0.12382642730323311	-81226.72318522162
-81578.88602114741	-84861.11440025744	0.28946820098113557	-82528.98676525762
-98941.92029154647	-74417.71594435748	0.8797868494626956	-77365.84781335373
-79166.70686443619	-96037.79435895119	0.10065120320680594	-80864.80212016642
-87373.30242396408	-77892.88167674882	0.6261379865117851	-81437.25086601816
-90084.22313741129	-76560.34270689073	0.7111580238065375	-80466.60705624639
-89211.95867509655	-76931.80292003916	0.6863074915346568	-80783.99578318823
-80977.72219028603	-86557.05180682299	0.24221758038562635	-82329.13391017748
-88737.76684078058	-77154.36404779993	0.6719724542488456	-80954.03923742844
-78064.5929757995	-117727.51690730805	0.015142932370300326	-78665.2059505027
-89165.37743039713	-76952.98284492904	0.6849278691230102	-80800.76803008308
-84573.5717761915	-80094.78525447	0.4922132195893211	-82369.0538424817
-81378.58794508518	-85380.97222289184	0.2741594184623229	-82475.8792911514
-83653.56982783812	-81152.30384135467	0.43336978480764826	-82569.5967255291
-119886.56097620107	-73146.56481394428	0.9806077831840888	-74052.95695349762
-79015.31116797501	-97460.59097241447	0.09048331545200453	-80684.3012391206
-86783.72004488243	-78266.38675321772	0.6034047407335904	-81644.32075828391
-84816.35339039106	-79851.50707754152	0.506751803701426	-82300.40856625418
-80359.25551156956	-88827.62622132942	0.19064077576972957	-81973.67227318384
-80628.433186751	-87760.34833106339	0.21320607545873846	-82149.00082517459
-94395.7764179925	-75243.25683667083	0.8131629462069929	-78821.65716795785
-80109.31485672243	-89952.01345762386	0.17008743257643666	-81783.43419137344
-99381.35185504385	-74357.35019933178	0.8843005792801432	-77252.6126949904
-90915.43257324891	-76246.17804683669	0.7333726119133817	-80157.40306639178
-83779.95010043067	-80992.3936141696	0.44169999869262805	-82548.68640409353
-84886.26820959918	-79783.80458278197	0.5108375940104617	-82279.73796694998
-101463.5577769416	-74105.32581687787	0.9026900114703286	-76767.55505510376
-78743.07492022023	-100586.11088252006	0.07221148797049008	-80320.39304885082
-87939.76883139	-77566.88639702467	0.6461397274242406	-81237.43740264549
-91413.31035063541	-76074.236865125	0.7460959951539977	-79968.88905372322
-102640.41043344965	-73984.23217559053	0.911353505699899	-76524.50191818851
-80183.42339221822	-89603.63372404368	0.17611253285164688	-81842.44049375126
-93700.81683617251	-75410.94420979316	0.79908351999613	-79085.68103760443
-80309.20349371103	-89041.66425430939	0.1864776678887004	-81937.612411277
-92664.53961674591	-75688.19440649266	0.776245890448487	-79486.72141245197
-82972.11252339894	-82116.41360269983	0.3877577589177717	-82640.3086276003
-78803.4327141954	-99815.48917122587	0.07629604454638643	-80406.56950965218
-82174.99220479303	-83526.3061229622	0.3328542318580414	-82624.78276102431
-107685.5852497197	-73593.80695983021	0.9396698801616528	-75650.5680295616
-78573.19009306465	-103080.13576659287	0.060426283653611745	-80054.05374381693
-85597.2525257103	-79148.68073088214	0.5495874050978018	-82053.19868640382
-91501.90623154408	-76044.81004169537	0.7483168283474707	-79935.10103529472
-88354.8645439955	-77345.98545924445	0.6598754552040494	-81090.37544665906
-82976.58182741616	-82109.45752029028	0.3880601031860451	-82640.08547931776
-93606.23448375313	-75434.84221686916	0.7970874790977236	-79122.04523004672
-78980.6233546032	-97814.03499281843	0.08816475058487565	-80641.06639434875
-105353.5141259817	-73751.75058181089	0.9280059206908948	-76026.89045271752
-83068.21746748356	-81968.84725167367	0.3942497943463391	-82634.79098599001
-81141.74358705936	-86052.0299749359	0.2554951085425	-82396.29774070464
-82846.6983175477	-82315.46498411246	0.37925515361864764	-82645.22533806838
-108512.30390016583	-73545.46129200213	0.9433673746271184	-75525.72538990279
-80178.35045526487	-89627.05800266002	0.1756979632660111	-81838.46912683838
-90612.75654843429	-76356.46056971814	0.7254303443588318	-80270.80684731281
-87259.54029463946	-77962.07726743171	0.6219179756317291	-81477.28091024757
-85531.0859432175	-79203.99079281052	0.5462003922269119	-82075.22409040821
-80485.74250905811	-88309.24390660113	0.2012242735221234	-82060.02089417801
-93939.07712569312	-75351.91267708484	0.804028323638392	-78994.47045288749
-80210.94232196058	-89477.61838697364	0.17836652236610726	-81863.8071055702
-95926.07430191763	-74917.95451601369	0.840337432652863	-78272.1648561673
-87153.7590854233	-78027.611910215	0.6179261986349714	-81514.47365326354
-84216.32642440434	-80477.86345143274	0.46994769492917127	-82459.44436767828
-85420.80766608694	-79297.81012784144	0.5404557013842997	-82111.59873698013
-125062.46746974679	-73042.36209012891	0.9926818444691466	-73423.05331202834
-77929.19908330202	-123695.66832791237	0.002516512005071132	-78044.3709525858
-82982.59869002468	-82100.10741141217	0.38846706978779005	-82639.7798889088
-85394.5637560008	-79320.44460435602	0.5390701280172321	-82120.18756733173
-82083.1607161821	-83713.81629180178	0.32634513517762737	-82615.31723043586
-80901.51324786126	-86804.02944500197	0.2359603140683286	-82294.27282353198
-97323.71634695926	-74665.762019294	0.8606841219445913	-77822.37482139203
-81078.26292852883	-86243.3387117645	0.25038895362122215	-82371.54084926752
-99776.16267108193	-74305.40090274088	0.888146985319077	-77154.38239274942
-82119.1213214727	-83639.67768417767	0.3289003213814113	-82619.23279784492
-78881.49793410965	-98889.97590050768	0.0815380661571516	-80512.95053423772
-81727.26837517711	-84501.09924389304	0.30054681424392715	-82560.93440602114
-101399.08623065926	-74112.36921756517	0.9021838522301195	-76781.45076107289
-79122.29947918527	-96436.36974159064	0.09765678575538646	-80813.1359293547
-88279.28169383269	-77385.15340026	0.6574255066292697	-81117.2038811464
-96094.40850379798	-74885.47626322	0.8430043503143808	-78215.18635946781
-99753.07514748113	-74308.38122642713	0.8879272184934303	-77160.03884874296
-81148.87874569058	-86030.84351378976	0.2560663585467372	-82398.98568641121
