alpha	beta	x	y
-25305.322011676384	-44565.883832074505	9.99999999999999e-16	-25305.322011676402
-41661.04488017714	-28947.015968798703	0.9999999999999991	-28947.015968798714
-41661.04488017714	-28947.015968798703	0.9999999999999991	-28947.015968798714
-41532.50977669359	-28959.7062898187	0.9994997498749365	-28965.99583633541
-41400.68890449484	-28968.027521215212	0.998999499749874	-28980.466402038914
-41268.38436063408	-28974.78877116725	0.9984992496248114	-28993.23838936056
-41136.18501224322	-28980.585883589083	0.9979989994997489	-29004.90924352637
-41004.36607234889	-28985.70101411246	0.9974987493746864	-29015.76270760481
-40873.08617703346	-28990.299707343915	0.9969984992496238	-29025.96589984925
-40742.44731568411	-28994.490827221794	0.9964982491245613	-29035.629244139884
-40612.519582100475	-28998.35130825493	0.9959979989994988	-29044.83122130685
-40483.35331492385	-29001.93829605029	0.9954977488744362	-29053.63050974208
-40354.98576605727	-29005.295815875186	0.9949974987493737	-29062.072654045194
-40227.44507250053	-29008.45874458213	0.9944972486243112	-29070.194037031917
-40100.75277114942	-29011.455325533803	0.9939969984992487	-29078.02439474211
-39974.92546927655	-29014.308839187346	0.9934967483741861	-29085.588487106896
-39849.975997857066	-29017.038756554575	0.9929964982491236	-29092.90725149117
-39725.91423367374	-29019.6615614086	0.9924962481240611	-29099.998624982385
-39602.7477011731	-29022.191352259546	0.9919959979989985	-29106.878146447958
-39480.48202325859	-29024.64029324728	0.991495747873936	-29113.559407509518
-39359.12126559027	-29027.01895857159	0.9909954977488735	-29120.05439705401
-39238.66820412999	-29029.33660014025	0.9904952476238109	-29126.373768962574
-39119.12453615809	-29031.60135870666	0.9899949974987484	-29132.527053328493
-39000.491048963675	-29033.820432665307	0.9894947473736859	-29138.522825332784
-38882.767756290945	-29036.000214613217	0.9889944972486233	-29144.36884188532
-38765.954009894864	-29038.146403020393	0.9884942471235608	-29150.072153374636
-38650.04859162884	-29040.264094432136	0.9879939969984983	-29155.639195949265
-38535.04979016027	-29042.357860266613	0.9874937468734357	-29161.075868394357
-38420.95546528097	-29044.4318112957	0.9869934967483732	-29166.387596690216
-38307.76310237979	-29046.489652179367	0.9864932466233107	-29171.579388625305
-38195.46985876623	-29048.53472790013	0.9859929964982481	-29176.655880308466
-38084.072603289846	-29050.570063546376	0.9854927463731856	-29181.621376028907
-37973.567950587785	-29052.59839859032	0.9849924962481231	-29186.4798826123
-37863.95229059783	-29054.622216583073	0.9844922461230605	-29191.235139191616
-37755.221814333185	-29056.643771003564	0.983991995997998	-29195.890643132912
-37647.37253637965	-29058.665107864654	0.9834917458729355	-29200.449672717587
-37540.400314630024	-29060.68808556824	0.9829914957478729	-29204.91530707305
-37434.30086768383	-29062.71439241387	0.9824912456228104	-29209.290443756774
-37329.0697902498	-29064.745562096436	0.9819909954977479	-29213.57781432932
-37224.702566765234	-29066.782987473543	0.9814907453726854	-29217.77999819581
-37121.194583618584	-29068.82793283411	0.9809904952476228	-29221.89943495008
-37018.54113996211	-29070.88154486908	0.9804902451225603	-29225.938435418677
-36916.73745744845	-29072.944862508077	0.9799899949974978	-29229.89919157142
-36815.77868900539	-29075.01882576413	0.9794897448724352	-29233.783785440424
-36715.65992663428	-29077.10428371038	0.9789894947473727	-29237.59419716852
-36616.37620857106	-29079.20200168738	0.9784892446223102	-29241.332312290688
-36517.922525685164	-29081.312667835	0.9779889944972476	-29244.999928337966
-36420.29382732839	-29083.43689902283	0.9774887443721851	-29248.59876084062
-36323.48502657484	-29085.575246248743	0.9769884942471226	-29252.130448797525
-36227.491005077514	-29087.72819956001	0.97648824412206	-29255.59655966973
-36132.30661746165	-29089.896192550317	0.9759879939969975	-29258.998593948894
-36037.92669530246	-29092.079606477186	0.975487743871935	-29262.337989344844
-35944.34605083681	-29094.278774035854	0.9749874937468724	-29265.616124631182
-35851.55948028094	-29096.49398282793	0.9744872436218099	-29268.834323183168
-35759.561766951476	-29098.725478550696	0.9739869934967474	-29271.993856237965
-35668.34768407952	-29100.973467937318	0.9734867433716851	-29275.095945904075
-35577.91199742103	-29103.238121469614	0.9729864932466223	-29278.141767943547
-35488.249467678426	-29105.519575884475	0.9724862431215598	-29281.132454348048
-35399.35485269083	-29107.817936494394	0.9719859929964975	-29284.069095727515
-35311.222909484044	-29110.133279336857	0.9714857428714347	-29286.952743528152
-35223.8483961685	-29112.465653168292	0.9709854927463722	-29289.784412094767
-35137.226073697355	-29114.81508131587	0.9704852426213098	-29292.565080590768
-35051.35070745919	-29117.181563400558	0.9699849924962471	-29295.295694788016
-34966.21706879902	-29119.565076939736	0.9694847423711846	-29297.97716873735
-34881.81993639488	-29121.96557884155	0.9689844922461222	-29300.610386329452
-34798.154097566425	-29124.383006797878	0.9684842421210595	-29303.196202755073
-34715.214349456925	-29126.817280585994	0.967983991995997	-29305.735445872513
-34632.99550015806	-29129.268303284047	0.9674837418709346	-29308.22891748956
-34551.49236972981	-29131.735962408922	0.9669834917458722	-29310.677394566595
-34470.69979119039	-29134.220130979986	0.9664832416208095	-29313.08163034672
-34390.61261138204	-29136.72066851761	0.965982991495747	-29315.442355418454
-34311.22569181824	-29139.23742197796	0.9654827413706846	-29317.76027871582
-34232.53390946322	-29141.77022663048	0.9649824912456219	-29320.036088460547
-34154.5321574639	-29144.31890688159	0.9644822411205594	-29322.27045305035
-34077.21534579176	-29146.883277050056	0.963981990995497	-29324.464021897184
-34000.57840191111	-29149.463142093507	0.9634817408704343	-29326.617426218916
-33924.616271320956	-29152.05829829492	0.9629814907453718	-29328.731279787633
-33849.32391813995	-29154.66853390582	0.9624812406203094	-29330.80617963747
-33774.69632559074	-29157.293629754382	0.9619809904952467	-29332.842706734657
-33700.72849646941	-29159.93335981789	0.9614807403701842	-29334.841426612373
-33627.415453616835	-29162.58749176106	0.9609804902451218	-29336.802889972543
-33554.75224027297	-29165.255787447266	0.9604802401200591	-29338.72763325679
-33482.73392051512	-29167.938003416682	0.9599799899949966	-29340.61617918851
-33411.35557959258	-29170.633891340607	0.9594797398699342	-29342.46903728779
-33340.61232423236	-29173.343198450897	0.9589794897448717	-29344.286704360897
-33270.49928298874	-29176.065667943032	0.958479239619809	-29346.069664965944
-33201.01160649061	-29178.801039360336	0.9579789894947465	-29347.81839185606
-33132.14446773109	-29181.54904895473	0.9574787393696841	-29349.53334640145
-33063.893062287905	-29184.30943003005	0.9569784892446214	-29351.214978991622
-32996.25260859133	-29187.081913264075	0.9564782391195589	-29352.863729418892
-32929.218348086455	-29189.86622701709	0.9559779889944965	-29354.48002724426
-32862.78554543936	-29192.66209762146	0.9554777388694338	-29356.064292146624
-32796.9494887489	-29195.469249654805	0.9549774887443713	-29357.616934256344
-32731.705489660035	-29198.287406202493	0.9544772386193089	-29359.13835447395
-32667.048883556625	-29201.116289102094	0.9539769884942462	-29360.628944774842
-32602.975029669335	-29203.955619178254	0.9534767383691837	-29362.089088500754
-32539.47931121746	-29206.80511646309	0.9529764882441213	-29363.519160638636
-32476.55713552091	-29209.66450040598	0.9524762381190588	-29364.919528087783
-32414.203934095483	-29212.53349007253	0.9519759879939961	-29366.290549915553
-32352.415162748865	-29215.411804332747	0.9514757378689337	-29367.632577602566
-32291.18630169519	-29218.299162037878	0.9509754877438712	-29368.945955277708
-32230.512855546614	-29221.19528219375	0.9504752376188085	-29370.231019943592
-32170.3903534924	-29224.09988411524	0.949974987493746	-29371.48810169289
-32110.814349260356	-29227.01268758313	0.9494747373686835	-29372.717523916
-32051.78042123796	-29229.933412984305	0.948974487243621	-29373.9196035005
-31993.28417243875	-29232.861781452193	0.9484742371185584	-29375.094651022788
-31935.321230615766	-29235.797514991846	0.9479739869934959	-29376.24297093226
-31877.88724825861	-29238.740336604016	0.9474737368684334	-29377.364861728445
-31820.977902582024	-29241.68997040294	0.9469734867433709	-29378.460616131295
-31764.588895611123	-29244.646141722365	0.9464732366183083	-29379.53052124518
-31708.715954139032	-29247.608577222432	0.9459729864932458	-29380.574858716678
-31653.35482974859	-29250.577004987037	0.9454727363681833	-29381.593904886493
-31598.501298823274	-29253.55115461631	0.9449724862431207	-29382.587930935857
-31544.151162536404	-29256.530757314955	0.9444722361180583	-29383.5572030276
-31490.300246835497	-29259.51554597572	0.9439719859929956	-29384.501982442103
-31436.944402432127	-29262.505255257853	0.9434717358679332	-29385.422525708425
-31384.07950480697	-29265.49962165985	0.9429714857428707	-29386.31908473077
-31331.701454145066	-29268.498383592072	0.942471235617808	-29387.19190691053
-31279.80617535032	-29271.501281440393	0.9419709854927456	-29388.04123526408
-31228.389618012116	-29274.5080576286	0.9414707353676831	-29388.867308536494
-31177.447756335456	-29277.518456679383	0.9409704852426204	-29389.670361311408
-31126.976589159287	-29280.53222526607	0.940470235117558	-29390.450624117144
-31076.97213988583	-29283.549112266428	0.9399699849924955	-29391.208323529227
-31027.430456448627	-29286.568868810733	0.939469734867433	-29391.943682269557
-30978.34761126321	-29289.591248327677	0.9389694847423704	-29392.656919302233
-30929.719701195918	-29292.61600658614	0.9384692346173079	-29393.348249926312
-30881.542847491062	-29295.642901736617	0.9379689844922454	-29394.017885865458
-30833.813195732317	-29298.67169434773	0.9374687343671828	-29394.66603535477
-30786.52691579894	-29301.702147440355	0.9369684842421203	-29395.29290322484
-30739.680201791096	-29304.734026521164	0.9364682341170578	-29395.89869098304
-30693.26927198015	-29307.767099612207	0.9359679839919952	-29396.483596892398
-30647.290368763333	-29310.80113727769	0.9354677338669327	-29397.0478160479
-30601.73975856472	-29313.83591265223	0.9349674837418702	-29397.59154045044
-30556.613731803896	-29316.87120146237	0.9344672336168075	-29398.11495907855
-30511.908602818992	-29319.90678204913	0.9339669834917451	-29398.618257957896
-30467.62070980688	-29322.94243538731	0.9334667333666826	-29399.101620228634
-30423.7464147317	-29325.977945105322	0.9329664832416199	-29399.56522621084
-30380.282103295118	-29329.01309749868	0.9324662331165575	-29400.009253467924
-30337.22418482214	-29332.047681547807	0.931965982991495	-29400.433876868123
-30294.56909221239	-29335.08148892951	0.9314657328664323	-29400.839268644246
-30252.313281855466	-29338.11431402955	0.9309654827413699	-29401.22559845175
-30210.453233568413	-29341.145953951815	0.9304652326163074	-29401.593033424906
-30168.98545050772	-29344.17620852816	0.9299649824912449	-29401.94173823158
-30127.90645908759	-29347.20488032628	0.9294647323661823	-29402.271875126353
-30087.21280891607	-29350.23177465486	0.9289644822411198	-29402.58360400208
-30046.901072709436	-29353.256699569163	0.9284642321160573	-29402.87708244013
-30006.96784619478	-29356.2794658762	0.9279639819909947	-29403.152465759078
-29967.40974805244	-29359.299887135756	0.9274637318659322	-29403.409907062178
-29928.22341982224	-29362.317779662968	0.9269634817408697	-29403.649557283406
-29889.405525828242	-29365.332962528417	0.9264632316158071	-29403.871565232308
-29850.952753079033	-29368.345257559144	0.9259629814907446	-29404.076077637656
-29812.861811187275	-29371.354489337078	0.9254627313656821	-29404.263239189844
-29775.129432295118	-29374.36048519607	0.9249624812406195	-29404.433192582193
-29737.752370986043	-29377.363075219095	0.924462231115557	-29404.586078551165
-29700.727404186557	-29380.36209223535	0.9239619809904945	-29404.72203591548
-29664.051331080118	-29383.357371815593	0.9234617308654319	-29404.84120161423
-29627.720973043102	-29386.348752264814	0.9229614807403694	-29404.94371074398
-29591.733173514596	-29389.336074619576	0.9224612306153069	-29405.029696594927
-29556.084797944746	-29392.31918263815	0.9219609804902444	-29405.09929068609
-29520.7727336887	-29395.29792279441	0.9214607303651818	-29405.152622799615
-29485.793889921013	-29398.2721442694	0.9209604802401193	-29405.18982101425
-29451.145197532755	-29401.24169894366	0.9204602301150568	-29405.21101173789
-29416.823609060873	-29404.206441386224	0.9199599799899942	-29405.216319739375
-29382.8260985899	-29407.166228845337	0.9194597298649317	-29405.20586817944
-29349.149661654235	-29410.12092123859	0.9189594797398692	-29405.17977864096
-29315.79131514497	-29413.0703811421	0.9184592296148066	-29405.13817115834
-29282.748097227628	-29416.014473778254	0.9179589794897441	-29405.081164246338
-29250.01706725597	-29418.953067003244	0.9174587293646816	-29405.008874928055
-29217.59530565238	-29421.886031297054	0.916958479239619	-29404.92141876228
-29185.47991384252	-29424.8132397483	0.9164582291145565	-29404.818909870228
-29153.668014146842	-29427.734568042317	0.915957978989494	-29404.701460961558
-29122.15674970073	-29430.649894446404	0.9154577288644314	-29404.56918335985
-29090.943284337896	-29433.559099797905	0.914957478739369	-29404.42218702742
-29060.024802528274	-29436.462067486988	0.9144572286143064	-29404.26058058957
-29029.398509258033	-29439.35868344436	0.9139569784892438	-29404.084471358292
-28999.061629951233	-29442.248836124778	0.9134567283641813	-29403.893965355383
-28969.01141036544	-29445.13241649271	0.9129564782391189	-29403.68916733506
-28939.245116510436	-29448.009318005443	0.9124562281140562	-29403.47018080603
-28909.76003453608	-29450.879436598894	0.9119559779889937	-29403.237108053094
-28880.55347065535	-29453.74267066972	0.9114557278639313	-29402.99005015819
-28851.62275104998	-29456.598921058834	0.9109554777388688	-29402.729107021027
-28822.965221755174	-29459.44809103678	0.9104552276138062	-29402.454377379247
-28794.578248583894	-29462.290086284924	0.9099549774887437	-29402.165958828104
-28766.459217050855	-29465.124814876453	0.9094547273636812	-29401.863947839716
-28738.605532222653	-29467.952187264473	0.9089544772386186	-29401.548439781924
-28711.014618683796	-29470.77211625843	0.9084542271135561	-29401.21952893669
-28683.683920396426	-29473.584517010913	0.9079539769884936	-29400.877308518135
-28656.61090063735	-29476.389306996516	0.907453726863431	-29400.52187069014
-28629.79304189085	-29479.186405995028	0.9069534767383685	-29400.153306583634
-28603.227845753296	-29481.97573607323	0.906453226613306	-29399.771706313433
-28576.912832838545	-29484.757221566455	0.9059529764882434	-29399.377158994746
-28550.845542694595	-29487.53078905898	0.9054527263631809	-29398.969752759396
-28525.023533695246	-29490.296367366664	0.9049524762381184	-29398.54957477158
-28499.44438295713	-29493.053887516988	0.9044522261130558	-29398.116711243383
-28474.1056862288	-29495.803282731897	0.9039519759879933	-29397.671247449958
-28449.005057834846	-29498.54448840467	0.9034517258629308	-29397.21326774435
-28424.140130527947	-29501.277442086473	0.9029514757378682	-29396.74285557204
-28399.50855544784	-29504.002083461535	0.9024512256128057	-29396.260093485213
-28375.108001994653	-29506.718354331253	0.9019509754877432	-29395.76506315668
-28350.93615774059	-29509.426198594236	0.9014507253626806	-29395.25784539355
-28326.990728351368	-29512.125562225167	0.9009504752376181	-29394.738520150622
-28303.269437472343	-29514.816393257497	0.9004502251125556	-29394.207166543518
-28279.770026665756	-29517.498641760423	0.899949974987493	-29393.663862861507
-28256.490255272933	-29520.172259824158	0.8994497248624305	-29393.108686580137
-28233.427900369254	-29522.837201534858	0.898949474737368	-29392.54171437355
-28210.580756644318	-29525.49342295784	0.8984492246123055	-29391.9630221266
-28187.946636309654	-29528.14088211774	0.8979489744872429	-29391.372684946728
-28165.52336900841	-29530.779538978408	0.8974487243621804	-29390.77077717558
-28143.308801744002	-29533.40935542063	0.8969484742371179	-29390.157372400427
-28121.30079875381	-29536.03029522609	0.8964482241120553	-29389.532543465328
-28099.497241449757	-29538.64232405372	0.8959479739869928	-29388.89636248212
-28077.896028306408	-29541.24540942204	0.8954477238619303	-29388.248900841165
-28056.495074771043	-29543.839520689027	0.8949474737368677	-29387.590229221903
-28035.292313177	-29546.424629031597	0.8944472236118052	-29386.92041760322
-28014.28569265961	-29549.000707424762	0.8939469734867427	-29386.23953527358
-27993.473179067252	-29551.567730621402	0.8934467233616801	-29385.547650840992
-27972.85275483507	-29554.12567513651	0.8929464732366176	-29384.84483224281
-27952.422418940503	-29556.67451922177	0.8924462231115551	-29384.131146755302
-27932.180186799953	-29559.2142428471	0.8919459729864925	-29383.406661003086
-27912.124090157213	-29561.74482768331	0.89144572286143	-29382.67144096837
-27892.25217702385	-29564.266257078496	0.8909454727363675	-29381.925552
-27872.562511571476	-29566.77851604035	0.8904452226113049	-29381.169058822397
-27853.05317404131	-29569.2815912164	0.8899449724862424	-29380.402025544303
-27833.722260672588	-29571.77547087196	0.8894447223611799	-29379.624515667325
-27814.567883590073	-29574.26014487324	0.8889444722361173	-29378.836592094416
-27795.58817073403	-29576.73560466521	0.8884442221110548	-29378.038317138118
-27776.781265768324	-29579.20184325227	0.8879439719859923	-29377.229752528707
-27758.145327987157	-29581.658855179154	0.8874437218609298	-29376.410959422174
-27739.6785322236	-29584.106636511686	0.8869434717358672	-29375.581998408077
-27721.379068769507	-29586.545184816194	0.8864432216108047	-29374.742929517244
-27703.245143300563	-29588.974499138272	0.8859429714857422	-29373.89381222932
-27685.274976748413	-29591.394579988457	0.8854427213606796	-29373.034705480215
-27667.466805269672	-29593.805429315562	0.8849424712356171	-29372.165667669462
-27649.818880109284	-29596.207050493616	0.8844422211105546	-29371.286756667312
-27632.32946753706	-29598.59944829953	0.883941970985492	-29370.398029821845
-27614.99684877641	-29600.98262889179	0.8834417208604295	-29369.499543965885
-27597.819319876326	-29603.356599796713	0.882941470735367	-29368.59135542384
-27580.795191669476	-29605.72136988344	0.8824412206103044	-29367.673520018365
-27563.92278965737	-29608.076949348695	0.8819409704852419	-29366.74609307698
-27547.200453942747	-29610.423349695353	0.8814407203601794	-29365.809129438538
-27530.626539129797	-29612.760583715368	0.8809404702351168	-29364.862683459556
-27514.199414254137	-29615.088665468935	0.8804402201100543	-29363.90680902054
-27497.917462693735	-29617.40761026615	0.8799399699849918	-29362.94155953209
-27481.77908207124	-29619.71743465005	0.8794397198599292	-29361.96698794095
-27465.78268419314	-29622.0181563748	0.8789394697348667	-29360.983146735998
-27449.926694948685	-29624.30979438931	0.8784392196098042	-29359.990087954055
-27434.209554235335	-29626.592368817535	0.8779389694847416	-29358.98786318569
-27418.62971586798	-29628.865900940953	0.8774387193596791	-29357.976523580834
-27403.185647508162	-29631.1304131785	0.8769384692346166	-29356.956119854385
-27387.875830572146	-29633.385929069496	0.876438219109554	-29355.926702291683
-27372.698760139316	-29635.632473256723	0.8759379689844915	-29354.88832075391
-27357.652944900605	-29637.87007146388	0.875437718859429	-29353.84102468336
-27342.736907046754	-29640.098750481757	0.8749374687343665	-29352.784863108693
-27327.949182196902	-29642.3185381488	0.8744372186093039	-29351.719884650087
-27313.288319323292	-29644.52946333228	0.8739369684842414	-29350.646137524243
-27298.752880660635	-29646.731555911876	0.8734367183591789	-29349.56366954941
-27284.34144163022	-29648.924846761194	0.8729364682341163	-29348.472528150254
-27270.052590776133	-29651.10936772769	0.8724362181090538	-29347.372760362683
-27255.884929641215	-29653.285151621476	0.8719359679839913	-29346.26441283861
-27241.837072727274	-29655.45223219198	0.8714357178589287	-29345.14753185059
-27227.90764741498	-29657.610644110624	0.8709354677338662	-29344.02216329648
-27214.095293847706	-29659.76042295891	0.8704352176088037	-29342.888352703878
-27200.398664897104	-29661.901605204617	0.8699349674837411	-29341.746145234654
-27186.816426055615	-29664.034228188997	0.8694347173586786	-29340.595585689338
-27173.347255372537	-29666.15833010746	0.8689344672336161	-29339.436718511384
-27159.989843363182	-29668.273949994622	0.8684342171085535	-29338.269587791485
-27146.74289294478	-29670.38112770536	0.867933966983491	-29337.094237271747
-27133.605119343643	-29672.479903900352	0.8674337168584285	-29335.91071034981
-27120.57525003713	-29674.57032002648	0.8669334667333659	-29334.719050082924
-27107.652024655028	-29676.652418303598	0.8664332166083034	-29333.519299191958
-27094.834194927436	-29678.726241704266	0.8659329664832409	-29332.31150006535
-27082.120524574704	-29680.79183394254	0.8654327163581783	-29331.095694762975
-27069.509789265285	-29682.849239452476	0.8649324662331158	-29329.871925019987
-27057.00077652569	-29684.898503374145	0.8644322161080533	-29328.640232250615
-27044.592285655217	-29686.93967153904	0.8639319659829908	-29327.400657551843
-27032.2831276657	-29688.972790451782	0.8634317158579282	-29326.153241707107
-27020.072125205937	-29690.997907274275	0.8629314657328657	-29324.89802518987
-27007.958112467604	-29693.015069813056	0.8624312156078032	-29323.63504816723
-26995.939935139435	-29695.02432649899	0.8619309654827406	-29322.364350503372
-26984.016450301013	-29697.02572637691	0.8614307153576781	-29321.08597176309
-26972.186526383943	-29699.01931908441	0.8609304652326156	-29319.79995121511
-26960.44904307234	-29701.00515484072	0.8604302151075531	-29318.506327835526
-26948.802891235715	-29702.983284430375	0.8599299649824905	-29317.20514031106
-26937.246972854566	-29704.95375918832	0.859429714857428	-29315.896427042353
-26925.780200952828	-29706.91663098398	0.8589294647323655	-29314.580226147165
-26914.401499532854	-29708.87195220504	0.8584292146073029	-29313.256575463554
-26903.109803480562	-29710.819775746346	0.8579289644822404	-29311.925512553007
-26891.90405850506	-29712.760154993222	0.8574287143571779	-29310.58707470351
-26880.783221076428	-29714.693143805263	0.8569284642321153	-29309.2412989326
-26869.74625833844	-29716.61879650444	0.8564282141070528	-29307.88822199036
-26858.792148050787	-29718.537167858438	0.8559279639819903	-29306.527880362388
-26847.919878506007	-29720.448313068326	0.8554277138569277	-29305.16031027267
-26837.128448467294	-29722.352287752958	0.8549274637318652	-29303.7855476865
-26826.416867098163	-29724.24914793487	0.8544272136068027	-29302.403628313314
-26815.78415388232	-29726.138950027922	0.8539269634817401	-29301.014587609454
-26805.22933857187	-29728.021750820393	0.8534267133566776	-29299.618460780963
-26794.751461100175	-29729.897607464125	0.8529264632316151	-29298.215282786285
-26784.349571519775	-29731.766577459646	0.8524262131065525	-29296.80508833895
-26774.022729940825	-29733.62871864129	0.85192596298149	-29295.387911910253
-26763.770006443992	-29735.48408916689	0.8514257128564275	-29293.96378773182
-26753.590481036208	-29737.332747500222	0.8509254627313649	-29292.532749798233
-26743.483243557144	-29739.17475240213	0.8504252126063024	-29291.094831869537
-26733.44739363539	-29741.010162913164	0.84992496248124	-29289.650067473776
-26723.482040597104	-29742.839038344682	0.8494247123561774	-29288.198489909453
-26713.58630342219	-29744.661438261788	0.848924462231115	-29286.740132248
-26703.75931066347	-29746.47742247284	0.8484242121060525	-29285.27502733615
-26694.000200376493	-29748.28705101739	0.8479239619809898	-29283.803207798363
-26684.308120070535	-29750.09038415037	0.8474237118559274	-29282.32470603914
-26674.682226623	-29751.88748233305	0.8469234617308649	-29280.83955424537
-26665.121686226532	-29753.678406218227	0.8464232116058023	-29279.347784388585
-26655.625674305727	-29755.46321664114	0.8459229614807398	-29277.849428227277
-26646.193375488674	-29757.24197460049	0.8454227113556773	-29276.344517309066
-26636.82398349712	-29759.01474125446	0.8449224612306147	-29274.83308297293
-26627.516701115575	-29760.78157790254	0.8444222111055522	-29273.31515635139
-26618.270740105352	-29762.5425459775	0.8439219609804897	-29271.79076837264
-26609.08532115283	-29764.297707031288	0.843421710855427	-29270.259949762672
-26599.959673802892	-29766.047122723798	0.8429214607303646	-29268.722731047375
-26590.893036395006	-29767.790854811275	0.8424212106053021	-29267.17914255458
-26581.884655988877	-29769.528965136866	0.8419209604802395	-29265.62921441612
-26572.933788325267	-29771.261515614755	0.841420710355177	-29264.072976569845
-26564.039697741697	-29772.98856822283	0.8409204602301145	-29262.510458761597
-26555.201657116697	-29774.710184990243	0.8404202101050519	-29260.941690547188
-26546.418947814545	-29776.426427984945	0.8399199599799894	-29259.366701294333
-26537.690859605915	-29778.137359305987	0.8394197098549269	-29257.785520184563
-26529.016690626857	-29779.843041068696	0.8389194597298644	-29256.19817621513
-26520.39574730252	-29781.543535396668	0.8384192096048018	-29254.604698200863
-26511.827344293495	-29783.238904409678	0.8379189594797393	-29253.00511477604
-26503.31080442984	-29784.929210213995	0.8374187093546768	-29251.39945439616
-26494.845458657084	-29786.614514890658	0.8369184592296142	-29249.787745339807
-26486.43064596627	-29788.294880486912	0.8364182091045517	-29248.170015710395
-26478.06571333994	-29789.970369004746	0.8359179589794892	-29246.546293437932
-26469.750015696107	-29791.641042389936	0.8354177088544266	-29244.916606280745
-26461.48291582091	-29793.306962523526	0.8349174587293641	-29243.280981827244
-26453.263784311202	-29794.968191211385	0.8344172086043016	-29241.639447497546
-26445.091999515284	-29796.62479017445	0.833916958479239	-29239.99203054521
-26436.966947484765	-29798.276821036794	0.8334167083541766	-29238.33875805889
-26428.88802189256	-29799.924345320564	0.8329164582291139	-29236.679656963905
-26420.85462400158	-29801.567424431127	0.8324162081040515	-29235.01475402397
-26412.86616258408	-29803.206119651994	0.831915957978989	-29233.344075842677
-26404.92205388077	-29804.84049213213	0.8314157078539265	-29231.667648865143
-26397.021721537338	-29806.470602877867	0.8309154577288639	-29229.985499379567
-26389.164596530936	-29808.096512747	0.8304152076038014	-29228.297653518763
-26381.35011715054	-29809.71828243211	0.8299149574787389	-29226.604137261656
-26373.577728902615	-29811.33597245927	0.8294147073536763	-29224.904976434846
-26365.846884476417	-29812.949643174696	0.8289144572286138	-29223.200196714057
-26358.157043682746	-29814.55935473697	0.8284142071035513	-29221.489823625616
-26350.50767338644	-29816.16516711078	0.8279139569784886	-29219.77388254791
-26342.898247481167	-29817.767140052005	0.8274137068534262	-29218.052398712865
-26335.328246792225	-29819.365333107846	0.8269134567283637	-29216.325397207293
-26327.797159056856	-29820.959805601076	0.826413206603301	-29214.59290297434
-26320.304478852708	-29822.550616625245	0.8259129564782386	-29212.854940814916
-26312.849707544156	-29824.13782503617	0.8254127063531761	-29211.111535388987
-26305.432353232653	-29825.7214894429	0.8249124562281134	-29209.362711216992
-26298.051930697686	-29827.301668200744	0.824412206103051	-29207.608492681196
-26290.707961347915	-29828.8784194022	0.8239119559779885	-29205.848904026956
-26283.399973164407	-29830.45180086987	0.8234117058529258	-29204.0839693641
-26276.12750064308	-29832.021870149616	0.8229114557278634	-29202.313712668216
-26268.890084755458	-29833.588684499897	0.8224112056028009	-29200.5381577819
-26261.687272874024	-29835.152300888956	0.8219109554777382	-29198.75732841606
-26254.518618747243	-29836.7127759814	0.8214107053526758	-29196.971248151185
-26247.38368242025	-29838.27016613662	0.8209104552276133	-29195.17994043854
-26240.28203020043	-29839.824527397766	0.8204102051025506	-29193.383428601443
-26233.21323459964	-29841.375915485827	0.8199099549774882	-29191.581735836487
-26226.176874281322	-29842.924385792783	0.8194097048524257	-29189.774885214672
-26219.172534015364	-29844.46999337333	0.8189094547273632	-29187.962899682694
-26212.199804616066	-29846.012792940328	0.8184092046023006	-29186.145802064035
-26205.258282902723	-29847.552838855492	0.8179089544772381	-29184.323615060188
-26198.34757164117	-29849.09018512445	0.8174087043521756	-29182.49636125181
-26191.467279499113	-29850.62488538874	0.816908454227113	-29180.664063099794
-26184.61702099181	-29852.156992920354	0.8164082041020505	-29178.826742946476
-26177.79641642888	-29853.68656061593	0.815907953976988	-29176.98442301671
-26171.005091883595	-29855.213640986214	0.8154077038519255	-29175.137125418994
-26164.24267911814	-29856.738286155436	0.8149074537268629	-29173.28487214653
-26157.508815544505	-29858.260547852948	0.8144072036018004	-29171.427685078343
-26150.803144184927	-29859.780477404965	0.8139069534767379	-29169.565585980323
-26144.125313610733	-29861.298125731428	0.8134067033516753	-29167.698596506303
-26137.474977899776	-29862.813543338758	0.8129064532266128	-29165.826738199095
-26130.85179658997	-29864.326780313626	0.8124062031015503	-29163.950032491528
-26124.255434622795	-29865.837886319212	0.8119059529764877	-29162.06850070748
-26117.68556230467	-29867.34691058746	0.8114057028514252	-29160.18216406289
-26111.141855262893	-29868.85390191269	0.8109054527263627	-29158.291043666755
-26104.62399437877	-29870.35890865074	0.8104052026013001	-29156.395160522137
-26098.131665764595	-29871.861978707995	0.8099049524762376	-29154.494535527156
-26091.6645607024	-29873.36315953941	0.8094047023511751	-29152.589189475926
-26085.222375604775	-29874.86249814166	0.8089044522261125	-29150.679143059573
-26078.8048119586	-29876.36004105029	0.80840420210105	-29148.76441686714
-26072.411576294333	-29877.85583433109	0.8079039519759875	-29146.845031386558
-26066.042380126615	-29879.349923578335	0.8074037018509249	-29144.92100700559
-26059.696939912676	-29880.842353908974	0.8069034517258624	-29142.992364012738
-26053.374977013653	-29882.333169956255	0.8064032016007999	-29141.05912259818
-26047.076217643214	-29883.822415866445	0.8059029514757373	-29139.12130285463
-26040.800392817175	-29885.310135295633	0.8054027013506748	-29137.178924778313
-26034.54723832747	-29886.796371400636	0.8049024512256123	-29135.232008269802
-26028.316494677078	-29888.281166839504	0.8044022011005497	-29133.280573134896
-26022.10790704684	-29889.764563764544	0.8039019509754872	-29131.32463908553
-26015.92122525193	-29891.246603817857	0.8034017008504247	-29129.36422574061
-26009.756203694425	-29892.727328128043	0.8029014507253622	-29127.399352626868
-26003.612601323337	-29894.206777305215	0.8024012006002996	-29125.43003917973
-25997.490181586887	-29895.684991438004	0.8019009504752371	-29123.456304744133
-25991.388712393287	-29897.16201008867	0.8014007003501746	-29121.478168575377
-25985.307966070708	-29898.637872288487	0.800900450225112	-29119.495649839922
-25979.24771931196	-29900.112616537095	0.8004002001000495	-29117.50876761622
-25973.207753155315	-29901.586280793028	0.799899949974987	-29115.517540895537
-25967.18785291762	-29903.05890247613	0.7993996998499244	-29113.5219885827
-25961.187808165887	-29904.530518460702	0.7988994497248619	-29111.52212949696
-25955.207412677628	-29906.001165071426	0.7983991995997994	-29109.517982372723
-25949.246464391923	-29907.470878081815	0.7978989494747368	-29107.509565860342
-25943.30476537006	-29908.939692710403	0.7973986993496743	-29105.49689852689
-25937.382121760547	-29910.407643615967	0.7968984492246118	-29103.479998856936
-25931.478343752096	-29911.87476489582	0.7963981990995492	-29101.458885253247
-25925.5932455352	-29913.34109008223	0.7958979489744867	-29099.433576037613
-25919.72664526332	-29914.806652138937	0.7953976988494242	-29097.404089451527
-25913.878365010878	-29916.271483458644	0.7948974487243616	-29095.37044365695
-25908.048230729564	-29917.735615861136	0.7943971985992991	-29093.332656737035
-25902.236072227563	-29919.1990805855	0.7938969484742366	-29091.290746696817
-25896.44172309668	-29920.66190829608	0.793396698349174	-29089.244731463983
-25890.665020706598	-29922.12412907107	0.7928964482241115	-29087.194628889534
-25884.905806147694	-29923.585772404644	0.792396198099049	-29085.140456748497
-25879.163924197077	-29925.04686720313	0.7918959479739865	-29083.08223274064
-25873.439223277575	-29926.507441783193	0.7913956978489239	-29081.019974491122
-25867.73155542418	-29927.967523868178	0.7908954477238614	-29078.95369955122
-25862.040776244594	-29929.4271405861	0.790395197598799	-29076.88342539896
-25856.366744876297	-29930.886318468758	0.7898949474737363	-29074.809169439824
-25850.709323955238	-29932.345083447814	0.7893946973486738	-29072.730949007404
-25845.06837957743	-29933.803460852916	0.7888944472236114	-29070.64878136404
-25839.443781259874	-29935.26147541013	0.7883941970985487	-29068.562683701493
-25833.835401899523	-29936.719151241054	0.7878939469734862	-29066.472673141598
-25828.24311774813	-29938.176511857724	0.7873936968484238	-29064.378766736874
-25822.66680836527	-29939.63358016356	0.7868934467233611	-29062.280981471176
-25817.106356585657	-29941.09037845063	0.7863931965982986	-29060.17933426036
-25811.56164848259	-29942.546928397947	0.7858929464732362	-29058.073841952835
-25806.0325733349	-29944.003251069073	0.7853926963481735	-29055.96452133022
-25800.519023587396	-29945.459366911604	0.784892446223111	-29053.851389107997
-25795.02089481315	-29946.91529575616	0.7843921960980486	-29051.73446193603
-25789.53808568897	-29948.371056812044	0.783891945972986	-29049.613756399252
-25784.07049794712	-29949.826668669393	0.7833916958479235	-29047.489289018195
-25778.618036346044	-29951.282149296396	0.782891445722861	-29045.361076249643
-25773.180608642175	-29952.73751603614	0.7823911955977984	-29043.229134487177
-25767.758125544402	-29954.192785608513	0.7818909454727359	-29041.09348006176
-25762.35050068194	-29955.647974108495	0.7813906953476734	-29038.954129242356
-25756.957650585497	-29957.103097000756	0.7808904452226108	-29036.81109823643
-25751.57949462991	-29958.558169125296	0.7803901950975483	-29034.66440319059
-25746.215955011303	-29960.0132046934	0.7798899449724858	-29032.514060191086
-25740.866956721016	-29961.46821728475	0.7793896948474233	-29030.360085264434
-25735.532427500682	-29962.9232198498	0.7788894447223607	-29028.202494377907
-25730.212297817223	-29964.378224706794	0.7783891945972982	-29026.041303440117
-25724.906500822068	-29965.833243543297	0.7778889444722357	-29023.87652830156
-25719.61497232465	-29967.288287413812	0.7773886943471731	-29021.70818475514
-25714.337650761445	-29968.743366738778	0.7768884442221106	-29019.53628853673
-25709.074477160357	-29970.198491304967	0.7763881940970481	-29017.360855325656
-25703.825395104155	-29971.653670266383	0.7758879439719855	-29015.181900745283
-25698.590350710376	-29973.108912140444	0.775387693846923	-29012.999440363503
-25693.369292586056	-29974.564224811533	0.7748874437218605	-29010.81348969324
-25688.16217180588	-29976.019615528017	0.7743871935967979	-29008.624064193005
-25682.968941881874	-29977.475090901684	0.7738869434717354	-29006.431179267387
-25677.789558720764	-29978.930656910918	0.7733866933466729	-29004.234850267523
-25672.623980609114	-29980.386318895988	0.7728864432216103	-29002.035092491664
-25667.472168169636	-29981.84208156277	0.7723861930965478	-28999.83192118564
-25662.334084335736	-29983.297948981217	0.7718859429714853	-28997.625351543327
-25657.209694322704	-29984.7539245851	0.7713856928464227	-28995.415398707202
-25652.09896559432	-29986.210011172985	0.7708854427213602	-28993.202077768765
-25647.001867833067	-29987.66621090843	0.7703851925962977	-28990.98540376906
-25641.918372915796	-29989.12252531858	0.7698849424712351	-28988.76539169913
-25636.84845487907	-29990.57895529604	0.7693846923461726	-28986.54205650053
-25631.79208988795	-29992.03550109968	0.7688844422211101	-28984.31541306575
-25626.74925621497	-29993.492162352628	0.7683841920960475	-28982.085476238703
-25621.71993420129	-29994.94893804572	0.767883941970985	-28979.852260815194
-25616.70410623488	-29996.40582653588	0.7673836918459225	-28977.615781543398
-25611.701756722563	-29997.862825546446	0.76688344172086	-28975.37605312427
-25606.71287205241	-29999.319932170605	0.7663831915957974	-28973.133090212024
-25601.737440575787	-30000.777142868927	0.7658829414707349	-28970.886907414602
-25596.775452578022	-30002.23445347046	0.7653826913456724	-28968.637519294094
-25591.826900241293	-30003.6918591763	0.7648824412206098	-28966.384940367167
-25586.89177763178	-30005.149354555942	0.7643821910955473	-28964.129185105576
-25581.970080657113	-30006.60693355266	0.7638819409704848	-28961.8702679365
-25577.061807050097	-30008.064589481117	0.7633816908454222	-28959.60820324306
-25572.16695633559	-30009.522315030146	0.7628814407203597	-28957.343005364703
-25567.285529805096	-30010.98010226331	0.7623811905952972	-28955.07468859765
-25562.41753049437	-30012.437942618595	0.7618809404702347	-28952.803267195315
-25557.56296314678	-30013.89582691263	0.7613806903451721	-28950.5287553687
-25552.721834199372	-30015.353745338052	0.7608804402201096	-28948.25116728688
-25547.89415174419	-30016.811687468507	0.7603801900950471	-28945.970517077334
-25543.079925513703	-30018.269642256364	0.7598799399699845	-28943.68681882641
-25538.279166845437	-30019.72759803705	0.759379689844922	-28941.400086579735
-25533.491888663535	-30021.185542528026	0.7588794397198595	-28939.11033434259
-25528.71810544906	-30022.6434628316	0.7583791895947969	-28936.81757608034
-25523.957833211352	-30024.101345437382	0.7578789394697344	-28934.52182571882
-25519.211089475182	-30025.55917621987	0.7573786893446719	-28932.223097144746
-25514.477893246105	-30027.016940443074	0.7568784392196093	-28929.92140420609
-25509.75826498032	-30028.474622763788	0.7563781890945468	-28927.616760712484
-25505.052226573815	-30029.93220722885	0.7558779389694843	-28925.309180435623
-25500.35980132778	-30031.389677280033	0.7553776888444217	-28922.99867710962
-25495.681013934358	-30032.847015752526	0.7548774387193592	-28920.685264431413
-25491.015890436604	-30034.304204881864	0.7543771885942967	-28918.368956061142
-25486.36445821776	-30035.761226301463	0.7538769384692342	-28916.04976562253
-25481.726745974767	-30037.2180610453	0.7533766883441716	-28913.72770670324
-25477.10278369226	-30038.674689550662	0.7528764382191091	-28911.402792855286
-25472.492602619648	-30040.131091659838	0.7523761880940466	-28909.075037595358
-25467.896235250657	-30041.587246621253	0.751875937968984	-28906.744454405234
-25463.313715294826	-30043.043133093193	0.7513756878439215	-28904.411056732115
-25458.745077658717	-30044.49872914458	0.750875437718859	-28902.07485798902
-25454.19035842541	-30045.954012256236	0.7503751875937964	-28899.73587155509
-25449.649594824972	-30047.408959325407	0.7498749374687339	-28897.394110776022
-25445.122825215352	-30048.863546666817	0.7493746873436713	-28895.04958896437
-25440.610089063197	-30050.317750013855	0.7488744372186088	-28892.70231939993
-25436.11142691767	-30051.771544522202	0.7483741870935463	-28890.352315330063
-25431.626880388456	-30053.224904772193	0.7478739369684837	-28887.999589970088
-25427.156492127957	-30054.677804769777	0.7473736868434212	-28885.644156503582
-25422.70030580556	-30056.13021795031	0.7468734367183587	-28883.28602808275
-25418.258366086873	-30057.582117180747	0.7463731865932961	-28880.92521782877
-25413.83071861409	-30059.033474761567	0.7458729364682336	-28878.56173883214
-25409.417409987193	-30060.48426242842	0.7453726863431711	-28876.19560415299
-25405.01848773354	-30061.934451357938	0.7448724362181085	-28873.826826821445
-25400.634000295835	-30063.384012167255	0.744372186093046	-28871.45541983794
-25396.263997011894	-30064.83291491655	0.7438719359679835	-28869.081396173584
-25391.90852808594	-30066.28112911444	0.743371685842921	-28866.704768770454
-25387.567644579816	-30067.728623716695	0.7428714357178584	-28864.32555054193
-25383.24139837795	-30069.17536713418	0.7423711855927959	-28861.943754373067
-25378.929842184032	-30070.62132722968	0.7418709354677334	-28859.559393120846
-25374.633029488883	-30072.066471325063	0.7413706853426708	-28857.172479614554
-25370.35101455423	-30073.510766202864	0.7408704352176083	-28854.783026656092
-25366.08385239597	-30074.95417810813	0.7403701850925458	-28852.39104702028
-25361.831598760655	-30076.396672752777	0.7398699349674832	-28849.996553455174
-25357.594310108627	-30077.838215317686	0.7393696848424207	-28847.599558682406
-25353.372043595235	-30079.278770455552	0.7388694347173582	-28845.20007539748
-25349.164857048716	-30080.718302294987	0.7383691845922956	-28842.79811627007
-25344.97280895558	-30082.15677444208	0.7378689344672331	-28840.393693944367
-25340.795958439274	-30083.594149984423	0.7373686843421706	-28837.986821039347
-25336.634365243055	-30085.030391493696	0.736868434217108	-28835.5775101491
-25332.488089711514	-30086.465461028874	0.7363681840920455	-28833.165773843153
-25328.357192770483	-30087.899320140004	0.735867933966983	-28830.75162466671
-25324.241735907355	-30089.331929872067	0.7353676838419204	-28828.335075141033
-25320.141781165465	-30090.763250763724	0.7348674337168579	-28825.916137763685
-25316.05739110708	-30092.193242857516	0.7343671835917954	-28823.49482500885
-25311.988628813426	-30093.621865696776	0.7338669334667328	-28821.071149327618
-25307.935557854194	-30095.04907833369	0.7333666833416703	-28818.645123148308
-25303.898242277864	-30096.474839329818	0.7328664332166078	-28816.21675887672
-25299.87674659318	-30097.899106760033	0.7323661830915453	-28813.786068896465
-25295.871135749407	-30099.321838216812	0.7318659329664827	-28811.353065569223
-25291.881475123224	-30100.742990812396	0.7313656828414202	-28808.91776123506
-25287.907830498527	-30102.162521183425	0.7308654327163577	-28806.4801682127
-25283.9502680527	-30103.58038549344	0.7303651825912951	-28804.04029879981
-25280.008854337946	-30104.99653943716	0.7298649324662326	-28801.598165273288
-25276.083656265266	-30106.41093824397	0.7293646823411701	-28799.15377988955
-25272.174741089806	-30107.823536680888	0.7288644322161075	-28796.707154884803
-25268.282176395838	-30109.23428905582	0.728364182091045	-28794.258302475344
-25264.4060300754	-30110.643149223182	0.7278639319659825	-28791.8072348578
-25260.54637031913	-30112.05007058511	0.7273636818409199	-28789.35396420944
-25256.70326559412	-30113.455006097618	0.7268634317158574	-28786.898502688455
-25252.876784637952	-30114.85790827067	0.7263631815907949	-28784.440862434203
-25249.066996430098	-30116.258729176934	0.7258629314657323	-28781.981055567492
-25245.273970191884	-30117.65742044982	0.7253626813406698	-28779.519094190884
-25241.49777535555	-30119.053933293228	0.7248624312156073	-28777.05499038891
-25237.738481565855	-30120.44821847912	0.7243621810905447	-28774.588756228386
-25233.996158649206	-30121.840226357443	0.7238619309654822	-28772.12040375867
-25230.27087661031	-30123.229906855675	0.7233616808404197	-28769.649945011908
-25226.562705616427	-30124.617209483156	0.7228614307153571	-28767.17739200333
-25222.871715974918	-30126.002083338077	0.7223611805902947	-28764.702756731494
-25219.197978130876	-30127.384477106836	0.7218609304652323	-28762.226051178553
-25215.541562640872	-30128.764339072663	0.7213606803401696	-28759.747287310525
-25211.902540168867	-30130.141617115754	0.7208604302151072	-28757.266477077552
-25208.280981469	-30131.516258718562	0.7203601800900447	-28754.783632414157
-25204.676957367923	-30132.888210971316	0.719859929964982	-28752.2987652395
-25201.090538757933	-30134.257420573456	0.7193596798399196	-28749.811887457643
-25197.521796579047	-30135.62383383941	0.7188594297148571	-28747.323010957807
-25193.970801804706	-30136.987396703036	0.7183591795897944	-28744.83214761461
-25190.437625434875	-30138.348054719285	0.717858929464732	-28742.339309288363
-25186.92233847709	-30139.705753070546	0.7173586793396695	-28739.84450782527
-25183.42501193469	-30141.06043657038	0.716858429214607	-28737.347755057723
-25179.945716793933	-30142.412049667666	0.7163581790895444	-28734.84906280453
-25176.484524015446	-30143.760536449136	0.7158579289644819	-28732.348442871178
-25173.04150451372	-30145.10584064673	0.7153576788394194	-28729.84590705009
-25169.616729153942	-30146.447905638088	0.7148574287143568	-28727.341467120845
-25166.21026873177	-30147.78667445392	0.7143571785892943	-28724.835134850444
-25162.822193962988	-30149.12208978159	0.7138569284642318	-28722.326921993576
-25159.452575480434	-30150.454093965684	0.7133566783391692	-28719.81684029282
-25156.101483804996	-30151.782629019177	0.7128564282141067	-28717.304901478936
-25152.768989348144	-30153.107636621975	0.7123561780890442	-28714.79111727107
-25149.45516239742	-30154.429058126323	0.7118559279639816	-28712.27549937702
-25146.160073099192	-30155.74683456347	0.7113556778389191	-28709.758059493488
-25142.883791452023	-30157.060906646024	0.7108554277138566	-28707.238809306287
-25139.626387294444	-30158.37121477272	0.710355177588794	-28704.717760490617
-25136.387930295536	-30159.67769903202	0.7098549274637315	-28702.19492471128
-25133.16848993823	-30160.98029920884	0.709354677338669	-28699.670313622933
-25129.96813551377	-30162.278954786707	0.7088544272136064	-28697.143938870322
-25126.78693611266	-30163.573604951474	0.7083541770885439	-28694.615812088527
-25123.624960604593	-30164.864188599575	0.7078539269634814	-28692.08594490319
-25120.482277637562	-30166.150644338464	0.7073536768384188	-28689.554348930746
-25117.358955622727	-30167.432910493037	0.7068534267133563	-28687.02103577868
-25114.25506272418	-30168.71092511001	0.7063531765882938	-28684.486017045732
-25111.170666850612	-30169.984625961602	0.7058529264632312	-28681.94930432215
-25108.10583564397	-30171.25395055065	0.7053526763381687	-28679.41090918995
-25105.0606364687	-30172.518836115254	0.7048524262131062	-28676.870843223074
-25102.035136403574	-30173.779219632732	0.7043521760880437	-28674.32911798769
-25099.029402230262	-30175.03503782477	0.7038519259629811	-28671.7857450424
-25096.043500424847	-30176.286227161516	0.7033516758379186	-28669.24073593848
-25093.077497146594	-30177.532723866814	0.7028514257128561	-28666.694102220084
-25090.131458233358	-30178.77446392075	0.7023511755877935	-28664.1458554245
-25087.205449184905	-30180.011383067325	0.701850925462731	-28661.59600708237
-25084.299535159687	-30181.243416816542	0.7013506753376685	-28659.04456871792
-25081.413780961524	-30182.47050045077	0.7008504252126059	-28656.491551849183
-25078.548251035645	-30183.692569027236	0.7003501750875434	-28653.936967988233
-25075.703009453973	-30184.909557385126	0.6998499249624809	-28651.380828641406
-25072.878119910256	-30186.12140014855	0.6993496748374183	-28648.82314530952
-25070.073645711756	-30187.328031731064	0.6988494247123558	-28646.26392948813
-25067.289649765713	-30188.52938634245	0.6983491745872933	-28643.703192667723
-25064.52619457918	-30189.72539798977	0.6978489244622307	-28641.14094633394
-25061.783342242143	-30190.916000485784	0.6973486743371682	-28638.577201967822
-25059.061154425064	-30192.101127451144	0.6968484242121057	-28636.01197104604
-25056.359692368816	-30193.28071231984	0.6963481740870431	-28633.445265041064
-25053.67901687445	-30194.454688344977	0.6958479239619806	-28630.87709542147
-25051.01918830183	-30195.622988600502	0.6953476738369181	-28628.30747365208
-25048.380266554075	-30196.785545989405	0.6948474237118555	-28625.73641119423
-25045.76231107521	-30197.942293246077	0.694347173586793	-28623.163919506005
-25043.165380837876	-30199.093162943034	0.6938469234617305	-28620.590010042404
-25040.589534342187	-30200.238087492948	0.693346673336668	-28618.01469425562
-25038.03482960426	-30201.376999155116	0.6928464232116054	-28615.43798359522
-25035.501324148227	-30202.50983004055	0.6923461730865429	-28612.859889508392
-25032.989074999772	-30203.636512116394	0.6918459229614804	-28610.280423440134
-25030.49813868252	-30204.75697720919	0.6913456728364178	-28607.69959683352
-25028.02857120476	-30205.871157012363	0.6908454227113553	-28605.11742112987
-25025.580428058456	-30206.978983088447	0.6903451725862928	-28602.533907769004
-25023.15376420921	-30208.08038687525	0.6898449224612302	-28599.94906818943
-25020.748634089974	-30209.175299690505	0.6893446723361677	-28597.36291382861
-25018.36509159746	-30210.263652735273	0.6888444222111052	-28594.775456123105
-25016.003190078143	-30211.345377102152	0.6883441720860426	-28592.186706508874
-25013.662982331134	-30212.420403775883	0.6878439219609801	-28589.596676421443
-25011.344520596245	-30213.488663640666	0.6873436718359176	-28587.00537729611
-25009.047856549772	-30214.55008748413	0.686843421710855	-28584.412820568217
-25006.773041296405	-30215.604606003006	0.6863431715857925	-28581.81901767332
-25004.520125365492	-30216.652149806898	0.68584292146073	-28579.223980047416
-25002.289158706808	-30217.692649422348	0.6853426713356674	-28576.627719127162
-25000.080190676854	-30218.726035301286	0.6848424212106049	-28574.030246350114
-24997.89327004339	-30219.752237821107	0.6843421710855424	-28571.431573154903
-24995.728444973898	-30220.771187292223	0.6838419209604799	-28568.831710981474
-24993.585763029332	-30221.78281396323	0.6833416708354173	-28566.230671271303
-24991.465271161178	-30222.787048024595	0.6828414207103548	-28563.628465467613
-24989.36701570995	-30223.78381961167	0.6823411705852923	-28561.025105015575
-24987.29104238971	-30224.773058814266	0.6818409204602297	-28558.42060136253
-24985.237396290937	-30225.75469567781	0.6813406703351672	-28555.81496595823
-24983.20612187341	-30226.728660209075	0.6808404202101047	-28553.20821025502
-24981.19726296232	-30227.69488238051	0.6803401700850421	-28550.60034570806
-24979.21086273988	-30228.653292136725	0.6798399199599796	-28547.991383775552
-24977.246963746315	-30229.603819396627	0.6793396698349171	-28545.381335918963
-24975.305607868617	-30230.54639406129	0.6788394197098545	-28542.77021360321
-24973.38683633909	-30231.48094601729	0.678339169584792	-28540.158028296886
-24971.490689734655	-30232.407405139806	0.6778389194597295	-28537.544791472512
-24969.617207963616	-30233.32570130152	0.6773386693346669	-28534.930514606698
-24967.76643027031	-30234.23576437324	0.6768384192096044	-28532.315209180393
-24965.93839522652	-30235.137524230722	0.6763381690845419	-28529.698886679085
-24964.13314072507	-30236.03091076064	0.6758379189594793	-28527.08155859303
-24962.350703981385	-30236.915853862647	0.6753376688344168	-28524.463236417454
-24960.591121526082	-30237.792283455863	0.6748374187093543	-28521.84393165278
-24958.85442919764	-30238.660129485324	0.6743371685842917	-28519.22365580484
-24957.14066215106	-30239.519321920776	0.6738369184592292	-28516.60242038508
-24955.44985483617	-30240.36979077018	0.6733366683341667	-28513.980236910793
-24953.782041009617	-30241.21146607694	0.6728364182091042	-28511.35711690534
-24952.137253723264	-30242.044277928602	0.6723361680840416	-28508.733071898336
-24950.515525321403	-30242.86815646129	0.6718359179589791	-28506.108113425886
-24948.91688744124	-30243.68303186268	0.6713356678339166	-28503.48225303082
-24947.341371005066	-30244.488834378928	0.670835417708854	-28500.855502262868
-24945.789006217765	-30245.285494319163	0.6703351675837915	-28498.22787267893
-24944.25982256814	-30246.07294205798	0.669834917458729	-28495.599375843223
-24942.753848818902	-30246.851108043757	0.6693346673336664	-28492.970023327583
-24941.271113009574	-30247.619922800426	0.6688344172086039	-28490.339826711606
-24939.811642450586	-30248.37931693376	0.6683341670835414	-28487.70879758291
-24938.375463722132	-30249.129221135343	0.6678339169584788	-28485.076947537356
-24936.962602667474	-30249.86956618923	0.6673336668334163	-28482.44428817924
-24935.57308439827	-30250.600282972744	0.6668334167083538	-28479.81083112152
-24934.206933282265	-30251.321302466098	0.6663331665832912	-28477.176587986047
-24932.86417294729	-30252.032555753874	0.6658329164582287	-28474.5415704038
-24931.54482627751	-30252.73397403039	0.6653326663331662	-28471.905790015044
-24930.248915411754	-30253.42548860413	0.6648324162081036	-28469.269258469616
-24928.976461736587	-30254.1070309048	0.6643321660830411	-28466.631987427125
-24927.727485889725	-30254.778532485194	0.6638319159579786	-28463.99398855715
-24926.50200775714	-30255.43992502632	0.663331665832916	-28461.355273539495
-24925.300046468314	-30256.09114034344	0.6628314157078535	-28458.71585406438
-24924.12162039577	-30256.732110390054	0.662331165582791	-28456.0757418327
-24922.96674715146	-30257.362767263403	0.6618309154577284	-28453.43494855621
-24921.835443590793	-30257.983043206208	0.6613306653326659	-28450.793485957765
-24920.727725801793	-30258.59287061601	0.6608304152076034	-28448.151365771566
-24919.643609112172	-30259.192182045266	0.6603301650825409	-28445.508599743327
-24918.58310808158	-30259.780910209265	0.6598299149574783	-28442.86519963056
-24917.54623650283	-30260.35898798931	0.6593296648324158	-28440.22117720277
-24916.53300740041	-30260.92634843738	0.6588294147073533	-28437.576544241674
-24915.54343302921	-30261.482924780692	0.6583291645822907	-28434.931312541437
-24914.577524870147	-30262.02865042797	0.6578289144572282	-28432.28549390893
-24913.63529363448	-30262.563458971083	0.6573286643321657	-28429.63910016389
-24912.71674925668	-30263.087284192847	0.6568284142071031	-28426.992143139214
-24911.821900899726	-30263.600060068184	0.6563281640820406	-28424.34463468112
-24910.950756947164	-30264.10172077242	0.6558279139569781	-28421.69658664947
-24910.103325007847	-30264.5922006828	0.6553276638319155	-28419.048010917893
-24909.279611910617	-30265.071434385412	0.654827413706853	-28416.3989193741
-24908.479623708023	-30265.539356677345	0.6543271635817905	-28413.749323920063
-24907.703365671165	-30265.995902573548	0.6538269134567279	-28411.09923647227
-24906.9508422925	-30266.441007309546	0.6533266633316654	-28408.448668961963
-24906.222057282954	-30266.874606347115	0.652826413206603	-28405.797633335344
-24905.517013571432	-30267.29663537882	0.6523261630815403	-28403.14614155384
-24904.835713305107	-30267.707030332065	0.6518259129564778	-28400.494205594314
-24904.17815785157	-30268.105727372225	0.6513256628314154	-28397.841837449312
-24903.54434779174	-30268.49266291073	0.6508254127063527	-28395.189049127308
-24902.93428292652	-30268.867773605794	0.6503251625812903	-28392.53585265291
-24902.347962271724	-30269.230996369508	0.6498249124562279	-28389.88226006713
-24901.785384061874	-30269.58226837012	0.6493246623311653	-28387.228283427605
-24901.246545745795	-30269.9215270388	0.6488244122061028	-28384.57393480884
-24900.731443991433	-30270.248710071475	0.6483241620810403	-28381.919226302456
-24900.240074680736	-30270.56375543595	0.6478239119559777	-28379.264170017403
-24899.77243291283	-30270.866601374742	0.6473236618309152	-28376.60877808027
-24899.328513005123	-30271.15718640883	0.6468234117058527	-28373.95306263543
-24898.908308490594	-30271.43544934367	0.6463231615807901	-28371.297035845357
-24898.51181212062	-30271.70132927221	0.6458229114557276	-28368.640709890857
-24898.139015862795	-30271.95476558052	0.6453226613306651	-28365.984096971282
-24897.78991090216	-30272.195697951745	0.6448224112056026	-28363.327209304818
-24897.46448764508	-30272.42406636852	0.64432216108054	-28360.670059128715
-24897.16273571467	-30272.639811120058	0.6438219109554775	-28358.01265869953
-24896.884643952963	-30272.842872805588	0.643321660830415	-28355.35502029337
-24896.630200424912	-30273.03319233677	0.6428214107053524	-28352.69715620617
-24896.39939241208	-30273.21071094586	0.6423211605802899	-28350.039078753936
-24896.192206422143	-30273.375370185047	0.6418209104552274	-28347.38080027297
-24896.008628181768	-30273.527111935167	0.6413206603301648	-28344.722333120164
-24895.84864264166	-30273.665878407548	0.6408204102051023	-28342.063689673225
-24895.712233977276	-30273.79161214837	0.6403201600800398	-28339.40488233095
-24895.599385589652	-30273.904256042904	0.6398199099549772	-28336.745923513467
-24895.510080103617	-30274.00375332133	0.6393196598299147	-28334.086825662514
-24895.44429937482	-30274.09004755952	0.6388194097048522	-28331.42760124168
-24895.402024483534	-30274.16308268732	0.6383191595797896	-28328.768262736674
-24895.383235741185	-30274.222802989745	0.6378189094547271	-28326.1088226556
-24895.38791269067	-30274.269153111552	0.6373186593296646	-28323.44929352919
-24895.416034105827	-30274.302078062414	0.6368184092046021	-28320.789687911096
-24895.46757799481	-30274.321523219878	0.6363181590795395	-28318.130018378142
-24895.54252160051	-30274.327434333984	0.635817908954477	-28315.470297530595
-24895.640841400997	-30274.319757531965	0.6353176588294145	-28312.810537992456
-24895.76251311385	-30274.29843932061	0.6348174087043519	-28310.150752411686
-24895.907511695055	-30274.263426591842	0.6343171585792894	-28307.4909534605
-24896.075811341423	-30274.214666626343	0.6338169084542269	-28304.831153835665
-24896.267385493113	-30274.152107096936	0.6333166583291643	-28302.171366258714
-24896.482206835615	-30274.075696072567	0.6328164082041018	-28299.511603476305
-24896.72024729733	-30273.98538202456	0.6323161580790393	-28296.85187826042
-24896.981478057685	-30273.88111382699	0.6318159079539767	-28294.192203408675
-24897.265869546383	-30273.76284076214	0.6313156578289142	-28291.532591744624
-24897.573391441416	-30273.630512526648	0.6308154077038517	-28288.87305611799
-24897.904012678668	-30273.48407923102	0.6303151575787891	-28286.21360940501
-24898.25770144724	-30273.32349140736	0.6298149074537266	-28283.554264508664
-24898.634425194636	-30273.148700011447	0.6293146573286641	-28280.89503435899
-24899.034150628824	-30272.959656426607	0.6288144072036015	-28278.235931913372
-24899.45684372058	-30272.756312467456	0.628314157078539	-28275.576970156835
-24899.902469703266	-30272.538620385083	0.6278139069534765	-28272.918162102305
-24900.370993078108	-30272.306532869145	0.6273136568284139	-28270.259520790943
-24900.862377614136	-30272.06000305302	0.6268134067033514	-28267.601059292432
-24901.376586353304	-30271.79898451587	0.6263131565782889	-28264.942790705245
-24901.91358161127	-30271.523431287405	0.6258129064532263	-28262.284728156963
-24902.473324977855	-30271.2332978528	0.6253126563281638	-28259.626884804606
-24903.05577732395	-30270.9285391537	0.6248124062031013	-28256.969273834882
-24903.660898800044	-30270.609110594352	0.6243121560780388	-28254.311908464522
-24904.28864884034	-30270.27496804434	0.6238119059529762	-28251.654801940582
-24904.938986166217	-30269.92606784174	0.6233116558279137	-28248.997967540756
-24905.61186878832	-30269.562366797098	0.6228114057028512	-28246.341418573676
-24906.30725400819	-30269.183822197658	0.6223111555777886	-28243.685168379223
-24907.025098422142	-30268.79039181036	0.6218109054527261	-28241.02923032887
-24907.76535792491	-30268.382033884805	0.6213106553276636	-28238.373617825953
-24908.52798770945	-30267.95870715872	0.620810405202601	-28235.71834430602
-24909.312942274002	-30267.520370858947	0.6203101550775385	-28233.06342323715
-24910.12017542132	-30267.06698470719	0.619809904952476	-28230.408868120267
-24910.94964026301	-30266.59850892269	0.6193096548274134	-28227.754692489463
-24911.801289223913	-30266.11490422486	0.6188094047023509	-28225.100909912344
-24912.6750740426	-30265.616131838342	0.6183091545772884	-28222.44753399034
-24913.57094577688	-30265.10215349489	0.6178089044522258	-28219.79457835904
-24914.48885480511	-30264.572931437968	0.6173086543271633	-28217.142056688524
-24915.428750830615	-30264.028428425398	0.6168084042021008	-28214.489982683725
-24916.390582883152	-30263.468607733754	0.6163081540770382	-28211.838370084723
-24917.374299324976	-30262.893433160043	0.6158079039519757	-28209.18723266713
-24918.37984785231	-30262.302869026138	0.6153076538269132	-28206.536584242407
-24919.407175497636	-30261.69688018273	0.6148074037018506	-28203.886438658206
-24920.456228635627	-30261.0754320111	0.6143071535767881	-28201.23680979875
-24921.52695298425	-30260.43849042777	0.6138069034517256	-28198.587711585147
-24922.619293610976	-30259.786021886044	0.6133066533266631	-28195.939157975776
-24923.733194931927	-30259.117993382	0.6128064032016005	-28193.291162966612
-24924.868600720278	-30258.43437245459	0.612306153076538	-28190.64374059161
-24926.02545410579	-30257.735127191416	0.6118059029514755	-28187.996904923057
-24927.203697581772	-30257.02022622976	0.611305652826413	-28185.350670071937
-24928.403273005617	-30256.289638761686	0.6108054027013505	-28182.705050188288
-24929.6241216055	-30255.543334535283	0.6103051525762879	-28180.060059461593
-24930.86618397993	-30254.78128386041	0.6098049024512254	-28177.415712121154
-24932.12940010731	-30254.003457608047	0.6093046523261629	-28174.772022436424
-24933.41370934354	-30253.20982721734	0.6088044022011004	-28172.129004717433
-24934.71905043086	-30252.400364695426	0.6083041520760378	-28169.486673315158
-24936.045361497378	-30251.575042623233	0.6078039019509753	-28166.845042621895
-24937.392580066025	-30250.733834155195	0.6073036518259128	-28164.204127071655
-24938.76064305248	-30249.876713026155	0.6068034017008502	-28161.563941140557
-24940.149486774822	-30249.003653550586	0.6063031515757877	-28158.92449934722
-24941.559046953265	-30248.114630628304	0.6058029014507252	-28156.285816253152
-24942.989258715876	-30247.209619746296	0.6053026513256626	-28153.647906463153
-24944.440056603526	-30246.28859698103	0.6048024012006001	-28151.010784625738
-24945.911374571482	-30245.351539002942	0.6043021510755376	-28148.374465433513
-24947.40314599612	-30244.398423077586	0.603801900950475	-28145.738963623597
-24948.91530367783	-30243.429227069322	0.6033016508254125	-28143.10429397805
-24950.447779844613	-30242.443929444482	0.60280140070035	-28140.47047132427
-24952.00050615793	-30241.442509273063	0.6023011505752874	-28137.837510535428
-24953.57341371471	-30240.424946232983	0.6018009004502249	-28135.205426530858
-24955.166433053084	-30239.391220611913	0.6013006503251624	-28132.57423427655
-24956.779494157978	-30238.341313309047	0.6008004002000998	-28129.94394878551
-24958.41252646164	-30237.275205840437	0.6003001500750373	-28127.314585118245
-24960.06545885228	-30236.192880338727	0.5997998999499748	-28124.68615838317
-24961.738219674433	-30235.09431955857	0.5992996498249122	-28122.05868373706
-24963.430736737133	-30233.979506876763	0.5987993996998497	-28119.432176385526
-24965.14293731487	-30232.84842629713	0.5982991495747872	-28116.806651583396
-24966.87474815539	-30231.70106245097	0.5977988994497248	-28114.18212463524
-24968.62609548144	-30230.537400601446	0.5972986493246621	-28111.55861089579
-24970.39690499634	-30229.357426645416	0.5967983991995996	-28108.9361257704
-24972.187101889293	-30228.161127115516	0.5962981490745372	-28106.314684715533
-24973.996610838993	-30226.94848918328	0.5957978989494745	-28103.694303239216
-24975.82535601777	-30225.71950066197	0.595297648824412	-28101.07499690151
-24977.673261098556	-30224.474150007463	0.5947973986993496	-28098.45678131501
-24979.540249255435	-30223.212426323476	0.594297148574287	-28095.839672145295
-24981.426243173493	-30221.93431936051	0.5937968984492245	-28093.223685111454
-24983.331165049327	-30220.63981952106	0.593296648324162	-28090.60883598653
-24985.254936597044	-30219.32891786124	0.5927963981990994	-28087.99514059808
-24987.197479054295	-30218.001606092166	0.5922961480740369	-28085.382614828603
-24989.158713186207	-30216.657876582947	0.5917958979489744	-28082.771274616094
-24991.138559287534	-30215.297722364834	0.5912956478239118	-28080.16113595455
-24993.136937193984	-30213.921137129015	0.5907953976988493	-28077.55221489447
-24995.153766279815	-30212.528115233934	0.5902951475737868	-28074.944527543375
-24997.188965467507	-30211.118651704193	0.5897948974487242	-28072.338090066332
-24999.24245323105	-30209.692742233987	0.5892946473236617	-28069.732918686506
-25001.314147600842	-30208.25038318926	0.5887943971985992	-28067.129029685668
-25003.403966167883	-30206.79157161043	0.5882941470735366	-28064.52643940472
-25005.511826091977	-30205.316305212444	0.5877938969484741	-28061.925164244327
-25007.637644102513	-30203.824582389618	0.5872936468234116	-28059.325220665323
-25009.781336505766	-30202.31640221639	0.586793396698349	-28056.72662518939
-25011.94281918971	-30200.79176444955	0.5862931465732865	-28054.12939439958
-25014.12200763021	-30199.25066952942	0.585792896448224	-28051.533544940852
-25016.318816892453	-30197.6931185846	0.5852926463231615	-28048.939093520672
-25018.53316164085	-30196.119113430595	0.5847923961980989	-28046.34605690959
-25020.764956140905	-30194.528656574148	0.5842921460730364	-28043.75445194182
-25023.01411426484	-30192.92175121486	0.5837918959479739	-28041.164295515802
-25025.280549497882	-30191.29840124647	0.5832916458229113	-28038.575604594855
-25027.5641749431	-30189.658611258943	0.5827913956978488	-28035.98839620771
-25029.864903325535	-30188.002386541277	0.5822911455727863	-28033.402687449157
-25032.18264699962	-30186.329733081817	0.5817908954477237	-28030.818495480657
-25034.517317951286	-30184.6406575724	0.5812906453226612	-28028.23583753094
-25036.868827807193	-30182.93516740738	0.5807903951975987	-28025.654730896647
-25039.237087835845	-30181.21327068851	0.5802901450725361	-28023.075192942943
-25041.622008956605	-30179.47497622408	0.5797898949474736	-28020.497241104178
-25044.023501743355	-30177.720293531944	0.5792896448224111	-28017.92089288452
-25046.441476428154	-30175.949232842537	0.5787893946973485	-28015.346165858587
-25048.875842910966	-30174.161805097454	0.578289144572286	-28012.773077672136
-25051.326510761082	-30172.358021954133	0.5777888944472235	-28010.201646042708
-25053.7933892248	-30170.53789578585	0.577288644322161	-28007.631888760294
-25056.276387228703	-30168.70143968508	0.5767883941970984	-28005.063823688033
-25058.775413388055	-30166.848667462953	0.5762881440720359	-28002.497468762882
-25061.290376010074	-30164.979593652544	0.5757878939469734	-27999.93284199631
-25063.821183099655	-30163.094233510354	0.5752876438219108	-27997.369961474993
-25066.367742366492	-30161.19260301669	0.5747873936968483	-27994.808845361527
-25068.92996122868	-30159.274718878754	0.5742871435717858	-27992.249511895156
-25071.507746818526	-30157.34059853193	0.5737868934467232	-27989.69197939245
-25074.10100598952	-30155.39026014039	0.5732866433216607	-27987.136266248097
-25076.709645321756	-30153.42372259863	0.5727863931965982	-27984.58239093557
-25079.333571124647	-30151.44100553522	0.5722861430715356	-27982.030372007936
-25081.9726894466	-30149.44212931125	0.5717858929464731	-27979.48022809857
-25084.62690607767	-30147.427115023977	0.5712856428214106	-27976.931977921933
-25087.296126557947	-30145.395984506256	0.570785392696348	-27974.385640274315
-25089.980256179868	-30143.34876033052	0.5702851425712855	-27971.841234034666
-25092.679199996182	-30141.285465808418	0.569784892446223	-27969.298778165336
-25095.39286282623	-30139.206124991782	0.5692846423211604	-27966.75829171287
-25098.121149258983	-30137.11076267602	0.5687843921960979	-27964.219793808843
-25100.86396366089	-30134.999404399903	0.5682841420710354	-27961.683303670652
-25103.621210182966	-30132.87207644579	0.5677838919459728	-27959.148840602327
-25106.39279276209	-30130.728805844446	0.5672836418209103	-27956.6164239954
-25109.17861513055	-30128.56962037337	0.5667833916958478	-27954.08607332971
-25111.978580821575	-30126.39454855831	0.5662831415707852	-27951.557808174242
-25114.79259317307	-30124.203619676086	0.5657828914457227	-27949.031648188033
-25117.62055533548	-30121.996863754284	0.5652826413206602	-27946.507613120997
-25120.46237027624	-30119.774311573554	0.5647823911955977	-27943.985722814843
-25123.31794078728	-30117.53599466745	0.5642821410705351	-27941.465997203904
-25126.187169489192	-30115.281945325027	0.5637818909454726	-27938.9484563161
-25129.069958838027	-30113.01219659124	0.5632816408204101	-27936.433120273803
-25131.96621113096	-30110.72678226826	0.5627813906953475	-27933.920009294772
-25134.87582851236	-30108.425736916535	0.562281140570285	-27931.409143693094
-25137.798712980053	-30106.109095855547	0.5617808904452225	-27928.900543880092
-25140.734766389756	-30103.776895166156	0.5612806403201599	-27926.394230365302
-25143.68389046346	-30101.42917168972	0.5607803901950974	-27923.890223757426
-25146.645986793428	-30099.065963030742	0.5602801400700349	-27921.38854476531
-25149.620956849598	-30096.68730755674	0.5597798899449723	-27918.889214198916
-25152.60870198397	-30094.293244400556	0.5592796398199098	-27916.392252970334
-25155.60912343742	-30091.88381346075	0.5587793896948473	-27913.89768209478
-25158.622122347464	-30089.45905540117	0.5582791395697847	-27911.405522691603
-25161.647599751304	-30087.01901165433	0.5577788894447222	-27908.91579598536
-25164.68545659353	-30084.563724420997	0.5572786393196597	-27906.428523306786
-25167.735593732486	-30082.093236670982	0.5567783891945971	-27903.943726093938
-25170.797911945592	-30079.607592144548	0.5562781390695346	-27901.461425893183
-25173.8723119358	-30077.10683535311	0.5557778889444721	-27898.981644360327
-25176.958694337627	-30074.591011580156	0.5552776388194095	-27896.504403261693
-25180.05695972313	-30072.060166882267	0.554777388694347	-27894.029724475247
-25183.16700860905	-30069.514348089084	0.5542771385692845	-27891.55762999168
-25186.28874146069	-30066.953602806032	0.553776888444222	-27889.088141915563
-25189.422058701162	-30064.377979412668	0.5532766383191594	-27886.621282466505
-25192.56686071514	-30061.787527065437	0.5527763881940969	-27884.15707398031
-25195.72304785634	-30059.1822956974	0.5522761380690344	-27881.69553891013
-25198.890520453155	-30056.56233601952	0.5517758879439718	-27879.236699827692
-25202.06917881482	-30053.92769952141	0.5512756378189093	-27876.780579424456
-25205.258923237834	-30051.278438471993	0.5507753876938468	-27874.327200512875
-25208.459654013288	-30048.61460591932	0.5502751375687842	-27871.87658602761
-25211.671271430874	-30045.936255693163	0.5497748874437218	-27869.4287590268
-25214.893675787218	-30043.243442403982	0.5492746373186593	-27866.983742693275
-25218.126767390808	-30040.5362214448	0.5487743871935967	-27864.541560335896
-25221.370446569472	-30037.814648990905	0.5482741370685342	-27862.102235390827
-25224.624613676162	-30035.078782000895	0.5477738869434717	-27859.665791422827
-25227.889169094386	-30032.328678218182	0.5472736368184091	-27857.232252126618
-25231.164013246416	-30029.56439617001	0.5467733866933466	-27854.801641328202
-25234.44904659782	-30026.78599516966	0.5462731365682841	-27852.37398298624
-25237.74416966584	-30023.99353531534	0.5457728864432215	-27849.949301193406
-25241.04928302343	-30021.18707749282	0.545272636318159	-27847.527620177825
-25244.36428730721	-30018.366683374665	0.5447723861930965	-27845.108964304436
-25247.68908322402	-30015.532415420777	0.5442721360680339	-27842.69335807648
-25251.023571556147	-30012.68433687993	0.5437718859429714	-27840.280826136914
-25254.36765316948	-30009.822511788905	0.5432716358179089	-27837.871393269877
-25257.721229017643	-30006.94700497501	0.5427713856928463	-27835.465084402207
-25261.08420015112	-30004.057882054414	0.5422711355677838	-27833.061924604932
-25264.456467722157	-30001.155209433975	0.5417708854427213	-27830.661939094793
-25267.837932990362	-29998.23905431254	0.5412706353176587	-27828.26515323578
-25271.22849733242	-29995.309484678834	0.5407703851925962	-27825.87159254076
-25274.62806224495	-29992.36656931494	0.5402701350675337	-27823.481282672958
-25278.036529353343	-29989.41037779495	0.5397698849424711	-27821.094249447637
-25281.45380041773	-29986.44098048606	0.5392696348174086	-27818.710518833766
-25284.879777339982	-29983.458448548445	0.5387693846923461	-27816.330116955545
-25288.314362169047	-29980.462853937035	0.5382691345672836	-27813.953070094187
-25291.75745710838	-29977.454269401198	0.537768884442221	-27811.57940468956
-25295.208964523255	-29974.43276848464	0.5372686343171585	-27809.209147341928
-25298.668786946353	-29971.398425526728	0.536768384192096	-27806.842324813657
-25302.13682708453	-29968.351315662905	0.5362681340670334	-27804.478964031012
-25305.61298782574	-29965.291514824876	0.535767883941971	-27802.119092085908
-25309.097172245878	-29962.21909974099	0.5352676338169085	-27799.762736237757
-25312.58928361548	-29959.134147936576	0.5347673836918458	-27797.409923915257
-25316.08922540558	-29956.036737735274	0.5342671335667833	-27795.060682718293
-25319.596901295754	-29952.926948258202	0.5337668834417209	-27792.715040419782
-25323.112215180034	-29949.804859425196	0.5332666333166582	-27790.373024967597
-25326.635071173612	-29946.6705519553	0.5327663831915957	-27788.034664486517
-25330.165373619933	-29943.52410736691	0.5322661330665333	-27785.699987280153
-25333.703027098112	-29940.36560797766	0.5317658829414706	-27783.369021832958
-25337.24793642789	-29937.1951369065	0.5312656328164082	-27781.041796812224
-25340.80000667838	-29934.01277807246	0.5307653826913457	-27778.718341070136
-25344.359143174	-29930.818616195906	0.530265132566283	-27776.398683645846
-25347.925251501816	-29927.612736798503	0.5297648824412206	-27774.082853767544
-25351.498237517277	-29924.39522620473	0.5292646323161581	-27771.77088085461
-25355.078007353324	-29921.166171540328	0.5287643821910955	-27769.46279451974
-25358.664467424653	-29917.92566073517	0.528264132066033	-27767.15862457118
-25362.2575244368	-29914.673782521706	0.5277638819409705	-27764.858401014877
-25365.85708539187	-29911.410626436602	0.527263631815908	-27762.562154056777
-25369.463057596076	-29908.136282820673	0.5267633816908454	-27760.26991410508
-25373.075348666887	-29904.850842819156	0.5262631315657829	-27757.981711772532
-25376.693866538888	-29901.55439838335	0.5257628814407204	-27755.697577878822
-25380.318519472796	-29898.247042269162	0.5252626313156578	-27753.417543452877
-25383.949216060282	-29894.92886803974	0.5247623811905953	-27751.141639735346
-25387.585865234032	-29891.599970063195	0.5242621310655328	-27748.869898180987
-25391.228376270534	-29888.260443517003	0.5237618809404702	-27746.602350461155
-25394.876658801655	-29884.91038438456	0.5232616308154077	-27744.339028466347
-25398.530622819326	-29881.54988945785	0.5227613806903452	-27742.079964308698
-25402.190178683006	-29878.179056337718	0.5222611305652826	-27739.825190324587
-25405.85523712737	-29874.79798343402	0.5217608804402201	-27737.574739077263
-25409.52570926891	-29871.406769966685	0.5212606303151576	-27735.328643359495
-25413.201506614172	-29868.00551596538	0.520760380190095	-27733.086936196265
-25416.882541066323	-29864.594322270736	0.5202601300650325	-27730.849650847507
-25420.56872493181	-29861.173290535495	0.51975987993997	-27728.616820810865
-25424.259970929357	-29857.742523223624	0.5192596298149074	-27726.388479824527
-25427.95619219606	-29854.302123612026	0.5187593796898449	-27724.164661870076
-25431.657302295192	-29850.85219579083	0.5182591295647824	-27721.945401175373
-25435.363215223024	-29847.392844664522	0.5177588794397199	-27719.730732217497
-25439.073845417945	-29843.92417595108	0.5172586293146573	-27717.52068972573
-25442.789107765428	-29840.446296184997	0.5167583791895948	-27715.315308684596
-25446.508917607505	-29836.959312716084	0.5162581290645323	-27713.114624336897
-25450.233190750143	-29833.463333710348	0.5157578789394697	-27710.918672186846
-25453.96184346918	-29829.958468152265	0.5152576288144072	-27708.727488003235
-25457.694792519887	-29826.444825843653	0.5147573786893447	-27706.541107822617
-25461.43195514352	-29822.922517405495	0.5142571285642821	-27704.35956795258
-25465.173249074887	-29819.391654278807	0.5137568784392196	-27702.18290497505
-25468.918592551032	-29815.85234872447	0.5132566283141571	-27700.011155749606
-25472.667904317277	-29812.304713825797	0.5127563781890945	-27697.844357416943
-25476.421103637193	-29808.748863487173	0.512256128064032	-27695.682547402266
-25480.17811029789	-29805.184912437428	0.5117558779389695	-27693.525763418824
-25483.93884461997	-29801.61297622871	0.5112556278139069	-27691.37404347146
-25487.703227464208	-29798.03317123859	0.5107553776888444	-27689.227425860227
-25491.471180239867	-29794.445614670636	0.5102551275637819	-27687.08594918403
-25495.24262491244	-29790.85042455565	0.5097548774387193	-27684.94965234437
-25499.017484011692	-29787.247719752668	0.5092546273136568	-27682.818574549117
-25502.79568063985	-29783.63761994984	0.5087543771885943	-27680.69275531632
-25506.57713847966	-29780.02024566566	0.5082541270635317	-27678.572234478146
-25510.361781801636	-29776.395718250784	0.5077538769384692	-27676.45705218477
-25514.14953547442	-29772.764159887258	0.5072536268134067	-27674.347248908445
-25517.940324969342	-29769.12569359313	0.5067533766883441	-27672.24286544753
-25521.734076372937	-29765.480443219687	0.5062531265632816	-27670.14394293067
-25525.530716391564	-29761.828533456213	0.5057528764382191	-27668.05052282096
-25529.33017236157	-29758.17008982962	0.5052526263131566	-27665.962646920212
-25533.132372257864	-29754.505238705642	0.504752376188094	-27663.880357373324
-25536.937140290793	-29750.834002880598	0.5042521260630315	-27661.80359226204
-25540.743186488493	-29747.1552911567	0.503751875937969	-27659.731175183282
-25544.55004923131	-29743.468840866823	0.5032516258129064	-27657.662757778246
-25548.357606022284	-29739.774728642467	0.5027513756878439	-27655.598330501165
-25552.16573472718	-29736.073031641987	0.5022511255627814	-27653.537883852976
-25555.97431357655	-29732.36382754847	0.5017508754377188	-27651.48140838087
-25559.783221168786	-29728.64719456666	0.5012506253126563	-27649.428894677876
-25563.592336475293	-29724.92321141759	0.5007503751875938	-27647.380333382367
-25567.401538841754	-29721.191957337174	0.5002501250625313	-27645.335715177633
-25571.210707993512	-29717.453512070584	0.49974987493746875	-27643.295030791407
-25575.01972403764	-29713.707955869926	0.4992496248124062	-27641.25827099543
-25578.82846746686	-29709.95536949007	0.4987493746873437	-27639.225426605
-25582.636819162213	-29706.195834185557	0.49824912456228115	-27637.196488478497
-25586.44466039779	-29702.42943170549	0.4977488744372186	-27635.17144751693
-25590.251872842404	-29698.656244291455	0.4972486243121561	-27633.150294663494
-25594.058338563787	-29694.87635467287	0.49674837418709356	-27631.133020903115
-25597.863940031537	-29691.089846063467	0.49624812406203106	-27629.11961726199
-25601.66856012062	-29687.296802157234	0.4957478739369685	-27627.110074807104
-25605.472082114055	-29683.49730712516	0.49524762381190596	-27625.104384645816
-25609.274389706843	-29679.691445610657	0.49474737368684346	-27623.102537925388
-25613.075367008285	-29675.87930272651	0.4942471235617809	-27621.1045258325
-25616.87489854585	-29672.06096405032	0.49374687343671836	-27619.11033959283
-25620.672869267808	-29668.236515621116	0.49324662331165586	-27617.11997047059
-25624.469164546557	-29664.406043935134	0.4927463731865933	-27615.13340976804
-25628.263670181856	-29660.56963594179	0.49224612306153076	-27613.150648825063
-25632.056272403614	-29656.72737903999	0.49174587293646826	-27611.1716790187
-25635.846857874636	-29652.879361074425	0.4912456228114057	-27609.196491762676
-25639.635313694234	-29649.025670330982	0.4907453726863432	-27607.225078506966
-25643.421527401457	-29645.16639553246	0.49024512256128067	-27605.257430737314
-25647.205386976722	-29641.30162583595	0.4897448724362181	-27603.293539974813
-25650.98678084616	-29637.431450827295	0.4892446223111556	-27601.3333977754
-25654.76559788365	-29633.555960517962	0.48874437218609307	-27599.376995729435
-25658.5417274147	-29629.675245339946	0.4882441220610305	-27597.424325461245
-25662.3150592178	-29625.789396143195	0.487743871935968	-27595.475378628635
-25666.08548352878	-29621.898504189958	0.48724362181090547	-27593.53014692247
-25669.852891042894	-29618.002661151437	0.4867433716858429	-27591.58862206621
-25673.6171729176	-29614.101959103584	0.4862431215607804	-27589.650795815436
-25677.378220775867	-29610.196490522445	0.48574287143571787	-27587.716659957423
-25681.135926708128	-29606.286348280773	0.4852426213106554	-27585.786206310662
-25684.89018327588	-29602.371625642892	0.4847423711855928	-27583.859426724423
-25688.640883513835	-29598.452416261123	0.4842421210605303	-27581.936313078306
-25692.38792093271	-29594.52881417136	0.4837418709354678	-27580.01685728177
-25696.131189521977	-29590.600913788734	0.4832416208104052	-27578.101051273698
-25699.87058375266	-29586.668809903196	0.4827413706853427	-27576.18888702193
-25703.605998579773	-29582.732597675385	0.4822411205602802	-27574.28035652283
-25707.33732944492	-29578.79237263234	0.4817408704352176	-27572.37545180084
-25711.064472278733	-29574.848230663254	0.4812406203101551	-27570.474164908002
-25714.78732350396	-29570.900268014604	0.4807403701850926	-27568.576487923532
-25718.505780037587	-29566.94858128619	0.48024012006003003	-27566.682412953374
-25722.21973929322	-29562.99326742691	0.4797398699349675	-27564.791932129745
-25725.929099183657	-29559.034423730285	0.479239619809905	-27562.905037610704
-25729.63375812401	-29555.07214782921	0.47873936968484243	-27561.021721579677
-25733.33361503318	-29551.106537692704	0.47823911955977993	-27559.14197624504
-25737.02856933665	-29547.137691620956	0.4777388694347174	-27557.26579383966
-25740.71852096887	-29543.16570824097	0.47723861930965483	-27555.393166620488
-25744.403370376283	-29539.190686501195	0.47673836918459234	-27553.52408686805
-25748.083018518115	-29535.212725668913	0.4762381190595298	-27551.65854688608
-25751.757366870304	-29531.231925323842	0.47573786893446723	-27549.79653900103
-25755.426317426794	-29527.248385354767	0.47523761880940474	-27547.938055561648
-25759.089772702435	-29523.262205954295	0.47473736868434224	-27546.08308893856
-25762.74763573476	-29519.27348761481	0.4742371185592797	-27544.2316315238
-25766.399810086124	-29515.282331124035	0.4737368684342172	-27542.383675730398
-25770.04619984663	-29511.2888375596	0.47323661830915464	-27540.53921399194
-25773.686709635454	-29507.29310828543	0.47273636818409215	-27538.698238762132
-25777.32124460377	-29503.295244946246	0.47223611805902965	-27536.860742514375
-25780.949710436023	-29499.295349463908	0.4717358679339671	-27535.026717741322
-25784.572013352747	-29495.293524032	0.4712356178089045	-27533.196156954476
-25788.188060112265	-29491.28987111162	0.47073536768384205	-27531.36905268375
-25791.797758013214	-29487.28449342609	0.4702351175587795	-27529.545397477
-25795.401014895528	-29483.277493957572	0.469734867433717	-27527.72518389966
-25798.997739143684	-29479.26897594095	0.46923461730865446	-27525.908404534297
-25802.58783968785	-29475.259042860045	0.4687343671835919	-27524.09505198017
-25806.171226006383	-29471.24779844236	0.4682341170585294	-27522.285118852844
-25809.74780812722	-29467.235346654885	0.46773386693346686	-27520.47859778373
-25813.31749663001	-29463.221791699143	0.46723361680840436	-27518.67548141969
-25816.88020264838	-29459.20723800607	0.4667333666833418	-27516.87576242263
-25820.435837871126	-29455.19179023193	0.46623311655827926	-27515.079433469058
-25823.984314544283	-29451.175553253306	0.46573286643321676	-27513.286487249687
-25827.525545473356	-29447.158632161892	0.4652326163081542	-27511.496916469023
-25831.05944402432	-29443.141132260498	0.46473236618309166	-27509.710713844936
-25834.585924126106	-29439.1231590575	0.46423211605802917	-27507.927872108266
-25838.10490027205	-29435.104818262385	0.4637318659329666	-27506.148384002438
-25841.61628752098	-29431.086215781535	0.46323161580790406	-27504.372242283
-25845.120001500276	-29427.067457711895	0.46273136568284157	-27502.599439717258
-25848.615958406004	-29423.04865033787	0.462231115557779	-27500.829969083865
-25852.104075005886	-29419.029900124944	0.46173086543271646	-27499.063823172415
-25855.5842686399	-29415.01131371598	0.46123061530765397	-27497.300994783043
-25859.05645722215	-29410.99299792602	0.4607303651825914	-27495.541476726034
-25862.520559242676	-29406.97505973711	0.4602301150575288	-27493.785261821406
-25865.976493768816	-29402.957606293694	0.45972986493246637	-27492.03234289856
-25869.424180446596	-29398.940744897664	0.4592296148074038	-27490.28271279581
-25872.863539502185	-29394.92458300372	0.4587293646823412	-27488.53636436007
-25876.294491743654	-29390.90922821403	0.45822911455727877	-27486.79329044644
-25879.716958562087	-29386.89478827355	0.4577288644322162	-27485.05348391776
-25883.130861933063	-29382.881371065225	0.4572286143071537	-27483.31693764432
-25886.536124418133	-29378.8690846048	0.4567283641820912	-27481.58364450339
-25889.93266916584	-29374.858037036363	0.4562281140570286	-27479.853597378904
-25893.320419913493	-29370.8483366268	0.4557278639319661	-27478.12678916103
-25896.699300988224	-29366.840091761194	0.4552276138069036	-27476.403212745805
-25900.069237308264	-29362.833410937837	0.4547273636818411	-27474.68286103477
-25903.430154384085	-29358.82840276339	0.45422711355677853	-27472.965726934566
-25906.78197831971	-29354.825175947903	0.453726863431716	-27471.251803356612
-25910.12463581396	-29350.82383929961	0.4532266133066535	-27469.541083216664
-25913.458054161852	-29346.82450171988	0.45272636318159093	-27467.833559434497
-25916.782161254916	-29342.827272199047	0.4522261130565284	-27466.129224933502
-25920.096885583127	-29338.83225981058	0.4517258629314659	-27464.428072640352
-25923.40215623584	-29334.839573706235	0.45122561280640333	-27462.730095484614
-25926.697902902408	-29330.849323111583	0.4507253626813408	-27461.03528639839
-25929.98405587376	-29326.86161732037	0.4502251125562783	-27459.343638315957
-25933.26054604302	-29322.876565690003	0.44972486243121573	-27457.655144173405
-25936.5273049067	-29318.89427763632	0.44922461230615324	-27455.9697969083
-25939.784264565656	-29314.914862628495	0.4487243621810907	-27454.287589459287
-25943.03135772566	-29310.938430184568	0.44822411205602813	-27452.608514765772
-25946.268517699064	-29306.965089865495	0.44772386193096564	-27450.932565767576
-25949.49567840478	-29302.99495127111	0.4472236118059031	-27449.25973540453
-25952.712774369687	-29299.02812403463	0.44672336168084054	-27447.590016616206
-25955.919740729438	-29295.064717817462	0.44622311155577804	-27445.923402341505
-25959.116513228902	-29291.104842304772	0.4457228614307155	-27444.259885518346
-25962.30302822339	-29287.148607199797	0.44522261130565294	-27442.59945908332
-25965.479222679103	-29283.196122219288	0.44472236118059044	-27440.94211597136
-25968.64503417387	-29279.247497088334	0.4442221110555279	-27439.287849115364
-25971.800400897904	-29275.302841535387	0.4437218609304654	-27437.636651445904
-25974.94526165445	-29271.36226528716	0.44322161080540284	-27435.98851589086
-25978.079555860404	-29267.425878063717	0.4427213606803403	-27434.34343537513
-25981.20322354705	-29263.493789573193	0.4422211105552778	-27432.701402820243
-25984.31620536055	-29259.566109506948	0.44172086043021525	-27431.062411144077
-25987.418442562437	-29255.6429475346	0.4412206103051527	-27429.426453260512
-25990.509877029974	-29251.724413299224	0.4407203601800902	-27427.793522079104
-25993.590451257387	-29247.81061641142	0.44022011005502765	-27426.163610504787
-25996.660108355485	-29243.901666445363	0.4397198599299651	-27424.53671143753
-25999.71879205245	-29239.99767293333	0.4392196098049026	-27422.912817772016
-26002.766446694557	-29236.098745360316	0.43871935967984005	-27421.291922397344
-26005.80301724611	-29232.204993159663	0.4382191095547775	-27419.67401819672
-26008.82844929001	-29228.316525707654	0.437718859429715	-27418.05909804711
-26011.842689028184	-29224.433452318564	0.43721860930465245	-27416.447154818976
-26014.84568328191	-29220.555882239467	0.43671835917958995	-27414.83818137593
-26017.83737949175	-29216.683924645786	0.4362181090545274	-27413.23217057445
-26020.817725718378	-29212.817688635554	0.43571785892946485	-27411.629115263582
-26023.78667064228	-29208.957283225096	0.43521760880440236	-27410.029008284626
-26026.744163564534	-29205.10281734322	0.4347173586793398	-27408.431842470825
-26029.690154406413	-29201.254399827063	0.43421710855427725	-27406.837610647097
-26032.624593709912	-29197.412139416607	0.43371685842921476	-27405.246305629724
-26035.54743263793	-29193.576144749553	0.4332166083041522	-27403.65792022606
-26038.458622973954	-29189.74652435696	0.43271635817908966	-27402.072447234234
-26041.358117122636	-29185.923386657574	0.43221610805402716	-27400.48987944289
-26044.24586810962	-29182.106839953107	0.4317158579289646	-27398.910209630845
-26047.121829581636	-29178.29699242327	0.4312156078039021	-27397.333430566872
-26049.98595580615	-29174.493952121153	0.43071535767883956	-27395.75953500936
-26052.838201672068	-29170.697826967393	0.430215107553777	-27394.188515706075
-26055.678522688926	-29166.908724746147	0.4297148574287145	-27392.620365393854
-26058.506874987503	-29163.12675309921	0.42921460730365196	-27391.055076798333
-26061.323215318876	-29159.35201952228	0.4287143571785894	-27389.492642633693
-26064.127501055285	-29155.584631358568	0.4282141070535269	-27387.933055602363
-26066.919690189075	-29151.824695795123	0.42771385692846436	-27386.376308394763
-26069.699741332945	-29148.072319857343	0.4272136068034018	-27384.822393689043
-26072.46761372009	-29144.327610403518	0.4267133566783393	-27383.27130415079
-26075.223267203153	-29140.590674121016	0.42621310655327677	-27381.72303243278
-26077.966662254472	-29136.861617520808	0.42571285642821427	-27380.177571174758
-26080.69775996579	-29133.140546932325	0.4252126063031517	-27378.634913003087
-26083.41652204778	-29129.42756849903	0.4247123561780892	-27377.095050530577
-26086.12291082968	-29125.722788173392	0.4242121060530267	-27375.557976356176
-26088.816889259288	-29122.0263117116	0.4237118559279642	-27374.023683064745
-26091.498420902175	-29118.338244669205	0.4232116058029016	-27372.49216322679
-26094.16746994106	-29114.65869239653	0.42271135567783913	-27370.963409398228
-26096.82400117618	-29110.98776003274	0.4222111055527766	-27369.437414120122
-26099.467980024157	-29107.325552501858	0.421710855427714	-27367.914169918455
-26102.099372517434	-29103.672174508025	0.42121060530265153	-27366.393669303867
-26104.718145304338	-29100.027730529928	0.420710355177589	-27364.875904771434
-26107.324265647756	-29096.39232481699	0.42021010505252643	-27363.36086880041
-26109.917701425387	-29092.766061383434	0.41970985492746393	-27361.848553854004
-26112.49842112841	-29089.149044004564	0.4192096048024014	-27360.338952379145
-26115.06639386139	-29085.541376211142	0.4187093546773389	-27358.832056806234
-26117.621589341263	-29081.943161285177	0.41820910455227633	-27357.327859548925
-26120.163977896693	-29078.354502255166	0.4177088544272138	-27355.82635300391
-26122.6935304676	-29074.775501890905	0.4172086043021513	-27354.32752955066
-26125.210218604272	-29071.206262699074	0.4167083541770888	-27352.83138155123
-26127.71401446662	-29067.64688691843	0.41620810405202624	-27351.337901350013
-26130.20489082308	-29064.097476515566	0.41570785392696374	-27349.847081273532
-26132.682821050537	-29060.558133179205	0.4152076038019012	-27348.358913630225
-26135.147779132836	-29057.028958316438	0.41470735367683864	-27346.87339071023
-26137.599739660007	-29053.51005304787	0.41420710355177615	-27345.390504785144
-26140.03867782765	-29050.00151820263	0.4137068534267136	-27343.910248107844
-26142.46456943595	-29046.503454313857	0.413206603301651	-27342.432612912264
-26144.877390888414	-29043.015961614474	0.41270635317658855	-27340.95759141318
-26147.277119191203	-29039.539140032193	0.412206103051526	-27339.485175806
-26149.66373195207	-29036.073089184996	0.4117058529264634	-27338.015358266577
-26152.03720737957	-29032.617908376305	0.41120560280140095	-27336.548130951014
-26154.39752428129	-29029.173696591297	0.4107053526763384	-27335.083485995405
-26156.74466206377	-29025.74055249112	0.4102051025512759	-27333.62141551571
-26159.078600730485	-29022.318574409594	0.40970485242621335	-27332.16191160752
-26161.39932088151	-29018.90786034758	0.4092046023011508	-27330.704966345867
-26163.706803711804	-29015.508507969294	0.4087043521760883	-27329.250571785025
-26166.00103101017	-29012.120614597636	0.40820410205102575	-27327.798719958333
-26168.281985158144	-29008.744277209677	0.40770385192596326	-27326.349402878004
-26170.549649129058	-29005.379592431695	0.4072036018009007	-27324.902612534934
-26172.804006486087	-29002.02665653579	0.40670335167583815	-27323.458340898498
-26175.045041381538	-28998.685565434767	0.40620310155077566	-27322.016579916417
-26177.272738555206	-28995.35641467809	0.4057028514257131	-27320.577321514516
-26179.48708333359	-28992.039299446857	0.40520260130065056	-27319.140557596595
-26181.688061627945	-28988.734314550227	0.40470235117558806	-27317.706280044218
-26183.875659932983	-28985.44155442108	0.4042021010505255	-27316.274480716565
-26186.049865325902	-28982.16111311094	0.40370185092546296	-27314.845151450227
-26188.21066546442	-28978.89308428661	0.40320160080040046	-27313.418284059062
-26190.358048585993	-28975.63756122487	0.4027013506753379	-27311.993870334016
-26192.492003505413	-28972.394636809564	0.40220110055027536	-27310.57190204295
-26194.61251961414	-28969.16440352617	0.40170085042521286	-27309.15237093048
-26196.71958687855	-28965.946953457937	0.4012006003001503	-27307.735268717803
-26198.813195837974	-28962.742378282277	0.4007003501750877	-27306.32058710255
-26200.893337603746	-28959.550769265767	0.40020010005002526	-27304.908317758633
-26202.960003857213	-28956.372217260432	0.3996998499249627	-27303.49845233604
-26205.013186848137	-28953.20681269971	0.3991995997999001	-27302.090982460722
-26207.05287939311	-28950.054645594304	0.39869934967483767	-27300.685899734457
-26209.079074874026	-28946.91580552766	0.3981990995497751	-27299.283195734602
-26211.09176723616	-28943.790381652554	0.3976988494247126	-27297.882862014067
-26213.090950986545	-28940.678462686727	0.39719859929965007	-27296.484890101074
-26215.076621192162	-28937.580136909004	0.3966983491745875	-27295.089271499044
-26217.04877347826	-28934.49549215523	0.396198099049525	-27293.695997686445
-26219.00740402655	-28931.424615814307	0.39569784892446247	-27292.305060116654
-26220.952509573333	-28928.367594824354	0.3951975987994	-27290.91645021781
-26222.884087407692	-28925.32451566875	0.3946973486743374	-27289.530159392674
-26224.802135369664	-28922.295464372197	0.39419709854927487	-27288.146179018488
-26226.70665184819	-28919.280526497096	0.3936968484242124	-27286.764500446836
-26228.597635779446	-28916.279787139385	0.3931965982991498	-27285.385115003515
-26230.475086644758	-28913.293330924975	0.3926963481740873	-27284.008013988416
-26232.33900446856	-28910.321242006048	0.3921960980490248	-27282.633188675358
-26234.189389816678	-28907.363604056896	0.3916958479239622	-27281.260630311972
-26236.026243793942	-28904.420500270862	0.3911955977988997	-27279.890330119582
-26237.84956804266	-28901.492013355848	0.3906953476738372	-27278.522279293087
-26239.65936473993	-28898.57822553157	0.3901950975487746	-27277.1564690008
-26241.455636596274	-28895.67921852487	0.389694847423712	-27275.792890384357
-26243.238386852798	-28892.79507356732	0.3891945972986496	-27274.4315345586
-26245.007619279815	-28889.925871390307	0.38869434717358703	-27273.072392611408
-26246.76333817402	-28887.07169222273	0.38819409704852453	-27271.715455603633
-26248.505548356763	-28884.23261578671	0.387693846923462	-27270.360714568975
-26250.234255171752	-28881.408721294258	0.38719359679839943	-27269.008160513833
-26251.949464482608	-28878.600087444225	0.38669334667333694	-27267.657784417243
-26253.65118267108	-28875.806792418065	0.3861930965482744	-27266.3095772307
-26255.339416634422	-28873.028913877173	0.38569284642321183	-27264.963529878125
-26257.01417378307	-28870.266528959397	0.38519259629814934	-27263.619633255694
-26258.675462038707	-28867.51971427527	0.3846923461730868	-27262.277878231762
-26260.323289831595	-28864.78854590516	0.38419209604802423	-27260.938255646754
-26261.95766609842	-28862.07309939577	0.38369184592296174	-27259.600756313062
-26263.578600279667	-28859.37344975721	0.3831915957978992	-27258.265371014935
-26265.186102317548	-28856.689671459346	0.3826913456728367	-27256.93209050838
-26266.78018265344	-28854.021838428813	0.38219109554777414	-27255.600905521067
-26268.36085222531	-28851.370024046235	0.3816908454227116	-27254.271806752255
-26269.92812246552	-28848.734301142456	0.3811905952976491	-27252.944784872638
-26271.482005298083	-28846.114741996164	0.38069034517258654	-27251.619830524316
-26273.022513136526	-28843.511418330054	0.380190095047524	-27250.29693432066
-26274.549658880813	-28840.92440130884	0.3796898449224615	-27248.976086846233
-26276.063455915315	-28838.3537615354	0.37918959479739894	-27247.657278656698
-26277.56391810601	-28835.799569048304	0.3786893446723364	-27246.340500278755
-26279.051059797886	-28833.261893318846	0.3781890945472739	-27245.025742210015
-26280.5248958124	-28830.7408032481	0.37768884442221135	-27243.71299491893
-26281.985441444773	-28828.23636716429	0.37718859429714885	-27242.40224884473
-26283.432712461396	-28825.748652819806	0.3766883441720863	-27241.093494397304
-26284.86672509725	-28823.277727388424	0.37618809404702375	-27239.786721957164
-26286.287496052948	-28820.82365746297	0.37568784392196125	-27238.481921875322
-26287.695042492225	-28818.386509052285	0.3751875937968987	-27237.17908447324
-26289.0893820392	-28815.966347578684	0.37468734367183615	-27235.878200042738
-26290.47053277551	-28813.56323787548	0.37418709354677365	-27234.579258845937
-26291.83851323766	-28811.177244184335	0.3736868434217111	-27233.282251115183
-26293.193342414237	-28808.808430152567	0.37318659329664855	-27231.987167052954
-26294.53503974275	-28806.456858831363	0.37268634317158605	-27230.693996831804
-26295.86362510736	-28804.122592672407	0.3721860930465235	-27229.402730594302
-26297.179118835647	-28801.80569352607	0.371685842921461	-27228.11335845295
-26298.48154169574	-28799.50622263911	0.37118559279639846	-27226.825870490127
-26299.77091489369	-28797.224240651864	0.3706853426713359	-27225.540256758024
-26301.047260070063	-28794.95980759681	0.3701850925462734	-27224.256507278566
-26302.31059929763	-28792.71298289537	0.36968484242121086	-27222.97461204337
-26303.560955077937	-28790.483825356423	0.3691845922961483	-27221.694561013668
-26304.79835033852	-28788.272393173913	0.3686843421710858	-27220.416344120255
-26306.022808429847	-28786.07874392488	0.36818409204602326	-27219.139951263438
-26307.23435312242	-28783.902934567173	0.3676838419209607	-27217.865372312965
-26308.433008603653	-28781.745021437615	0.3671835917958982	-27216.59259710797
-26309.618799474818	-28779.60506025003	0.36668334167083566	-27215.321615456924
-26310.791750747954	-28777.48310609346	0.36618309154577316	-27214.052417137606
-26311.951887842937	-28775.37921342991	0.3656828414207106	-27212.784991897002
-26313.099236584232	-28773.29343609278	0.36518259129564806	-27211.519329451286
-26314.233823197832	-28771.225827285067	0.36468234117058557	-27210.255419485773
-26315.35567430796	-28769.17643957776	0.364182091045523	-27208.993251654843
-26316.464816934305	-28767.145324907673	0.36368184092046046	-27207.73281558195
-26317.56127848832	-28765.13253457648	0.36318159079539797	-27206.47410085951
-26318.64508677049	-28763.13811924846	0.3626813406703354	-27205.217097048895
-26319.71626996683	-28761.162128949436	0.36218109054527287	-27203.96179368039
-26320.77485664584	-28759.204613064914	0.36168084042021037	-27202.70818025314
-26321.82087575507	-28757.26562033903	0.3611805902951479	-27201.45624623512
-26322.85435661806	-28755.345198872685	0.3606803401700853	-27200.205981063074
-26323.87532893091	-28753.44339612254	0.3601800900450228	-27198.957374142505
-26324.88382275898	-28751.560258899717	0.3596798399199603	-27197.71041484762
-26325.879868533928	-28749.69583336783	0.3591795897948978	-27196.46509252129
-26326.86349704959	-28747.8501650433	0.35867933966983523	-27195.221396475048
-26327.83473945962	-28746.023298792363	0.3581790895447727	-27193.979315989007
-26328.793627273317	-28744.21527883145	0.3576788394197102	-27192.738840311868
-26329.740192352656	-28742.426148725313	0.35717858929464763	-27191.49995866085
-26330.67446690893	-28740.655951386132	0.3566783391695851	-27190.26266022171
-26331.596483498968	-28738.90472907306	0.3561780890445226	-27189.02693414867
-26332.506275022166	-28737.172523390567	0.35567783891946003	-27187.792769564403
-26333.403874716627	-28735.459375288356	0.3551775887943975	-27186.56015556001
-26334.289316156184	-28733.765325059707	0.354677338669335	-27185.329081195003
-26335.16263324634	-28732.090412341742	0.35417708854427243	-27184.099535497237
-26336.02386022129	-28730.43467611391	0.3536768384192099	-27182.87150746295
-26336.873031640127	-28728.79815469783	0.3531765882941474	-27181.644986056705
-26337.710182383424	-28727.180885756487	0.35267633816908484	-27180.419960211344
-26338.53534764969	-28725.582906293803	0.3521760880440223	-27179.196418828007
-26339.34856295185	-28724.00425265413	0.3516758379189598	-27177.974350776116
-26340.149864113537	-28722.44496052205	0.35117558779389724	-27176.753744893314
-26340.93928726578	-28720.90506492155	0.35067533766883474	-27175.534589985487
-26341.716868843047	-28719.384600216425	0.3501750875437722	-27174.31687482672
-26342.482645580083	-28717.88360010917	0.34967483741870964	-27173.10058815929
-26343.236654507942	-28716.402097641592	0.34917458729364714	-27171.88571869368
-26343.97893295043	-28714.94012519435	0.3486743371685846	-27170.672255108515
-26344.709518520565	-28713.497714486766	0.3481740870435221	-27169.460186050568
-26345.428449116804	-28712.074896577113	0.34767383691845954	-27168.24950013477
-26346.13576291943	-28710.671701862422	0.347173586793397	-27167.040185944163
-26346.83149838686	-28709.28816007876	0.3466733366683345	-27165.832232029923
-26347.51569425188	-28707.924300301336	0.34617308654327195	-27164.625626911322
-26348.18838951807	-28706.58015094466	0.3456728364182094	-27163.420359075735
-26348.84962345594	-28705.255739762964	0.3451725862931469	-27162.216416978627
-26349.49943559923	-28703.95109385059	0.34467233616808435	-27161.013789043547
-26350.137865741184	-28702.6662396423	0.3441720860430218	-27159.81246366213
-26350.764953930873	-28701.401202913585	0.3436718359179593	-27158.61242919407
-26351.38074046914	-28700.15600878181	0.34317158579289675	-27157.413673967134
-26351.985265905158	-28698.930681706057	0.3426713356678342	-27156.216186277154
-26352.578571032464	-28697.725245488273	0.3421710855427717	-27155.01995438803
-26353.160696885025	-28696.539723274076	0.34167083541770915	-27153.82496653171
-26353.731684733713	-28695.374137553055	0.34117058529264666	-27152.631210908195
-26354.291576082214	-28694.22851016015	0.3406703351675841	-27151.438675685553
-26354.840412663314	-28693.10286227631	0.34017008504252155	-27150.247348999903
-26355.378236435066	-28691.997214429473	0.33966983491745906	-27149.05721895543
-26355.90508957679	-28690.911586495786	0.3391695847923965	-27147.868273624354
-26356.421014485284	-28689.845997700686	0.33866933466733395	-27146.68050104698
-26356.926053770992	-28688.800466619923	0.33816908454227146	-27145.49388923166
-26357.42025025405	-28687.77501118092	0.3376688344172089	-27144.30842615482
-26357.903646960396	-28686.76964866414	0.33716858429214636	-27143.12409976096
-26358.376287117717	-28685.784395704657	0.33666833416708386	-27141.940897962646
-26358.83821415183	-28684.819268293057	0.3361680840420213	-27140.758808640527
-26359.289471682452	-28683.874281777546	0.3356678339169588	-27139.57781964334
-26359.730103519436	-28682.94945086522	0.33516758379189626	-27138.39791878791
-26360.160153658715	-28682.04478962392	0.3346673336668337	-27137.219093859178
-26360.57966627839	-28681.160311483854	0.3341670835417712	-27136.04133261018
-26360.98868573477	-28680.29602923939	0.33366683341670866	-27134.864622762074
-26361.387256558384	-28679.45195505095	0.3331665832916461	-27133.688952004133
-26361.775423449926	-28678.62810044716	0.3326663331665836	-27132.51430799378
-26362.15323127639	-28677.82447632655	0.33216608304152107	-27131.340678356584
-26362.520725066934	-28677.041092959884	0.3316658329164585	-27130.168050686258
-26362.877950009053	-28676.277959992036	0.331165582791396	-27128.99641254469
-26363.224951444234	-28675.535086444834	0.33066533266633347	-27127.82575146194
-26363.56177486433	-28674.81248071858	0.33016508254127097	-27126.65605493627
-26363.888465907225	-28674.11015059505	0.3296648324162084	-27125.487310434128
-26364.205070352953	-28673.42810323968	0.32916458229114587	-27124.319505390205
-26364.51163411954	-28672.76634520423	0.3286643321660834	-27123.152627207404
-26364.808203259065	-28672.124882429183	0.3281640820410208	-27121.986663256863
-26365.094823953557	-28671.503720246623	0.32766383191595827	-27120.821600878
-26365.37154251087	-28670.902863383017	0.3271635817908958	-27119.657427378497
-26365.63840536065	-28670.322315961952	0.3266633316658332	-27118.494130034313
-26365.89545905033	-28669.76208150701	0.32616308154077067	-27117.33169608973
-26366.142750240928	-28669.222162944923	0.3256628314157082	-27116.170112757336
-26366.38032570299	-28668.702562608545	0.3251625812906456	-27115.009367218056
-26366.608232312603	-28668.203282239945	0.32466233116558313	-27113.84944662118
-26366.826517047106	-28667.724322993792	0.32416208104052063	-27112.69033808435
-26367.035226981156	-28667.265685440478	0.3236618309154581	-27111.532028693604
-26367.234409282504	-28666.827369569706	0.3231615807903956	-27110.374505503383
-26367.424111207973	-28666.409374793708	0.32266133066533303	-27109.217755536538
-26367.604380099285	-28666.011699951025	0.3221610805402705	-27108.061765784387
-26367.77526337885	-28665.63434331013	0.321660830415208	-27106.90652320667
-26367.93680854589	-28665.277302572853	0.32116058029014544	-27105.75201473164
-26368.089063172083	-28664.940574878445	0.3206603301650829	-27104.598227256014
-26368.232074897434	-28664.624156807535	0.3201600800400204	-27103.44514764504
-26368.365891426376	-28664.328044385613	0.31965982991495784	-27102.292762732504
-26368.490560523278	-28664.052233087696	0.3191595797898953	-27101.141059320726
-26368.606130008662	-28663.796717841848	0.3186593296648328	-27099.990024180617
-26368.7126477547	-28663.561493033976	0.31815907953977024	-27098.83964405166
-26368.81016168139	-28663.346552511626	0.31765882941470774	-27097.68990564197
-26368.89871975223	-28663.151889588542	0.3171585792896452	-27096.54079562828
-26368.97836997009	-28662.977497049207	0.31665832916458264	-27095.392300655974
-26369.049160373033	-28662.82336715342	0.31615807903952015	-27094.24440733912
-26369.111139030265	-28662.689491640653	0.3156578289144576	-27093.097102260457
-26369.16435403789	-28662.575861735022	0.31515757878939504	-27091.950371971456
-26369.20885351474	-28662.48246815011	0.31465732866433255	-27090.804202992305
-26369.244685598314	-28662.40930109363	0.31415707853927	-27089.658581811953
-26369.271898440496	-28662.35635027269	0.31365682841420744	-27088.513494888113
-26369.290540203478	-28662.323604898666	0.31315657828914495	-27087.368928647295
-26369.300659055592	-28662.311053692436	0.3126563281640824	-27086.22486948482
-26369.302303167107	-28662.318684889673	0.3121560780390199	-27085.081303764848
-26369.295520706113	-28662.34648624612	0.31165582791395735	-27083.93821782038
-26369.280359834345	-28662.394445043024	0.3111555777888948	-27082.795597953304
-26369.256868703	-28662.46254809273	0.3106553276638323	-27081.653430434377
-26369.225095448688	-28662.550781744096	0.31015507753876975	-27080.511701503292
-26369.18508818907	-28662.659131888602	0.3096548274137072	-27079.370397368668
-26369.13689501894	-28662.787583965648	0.3091545772886447	-27078.229504208066
-26369.08056400585	-28662.936122968888	0.30865432716358215	-27077.08900816803
-26369.01614318612	-28663.10473345192	0.3081540770385196	-27075.948895364076
-26368.943680560667	-28663.293399534417	0.3076538269134571	-27074.809151880756
-26368.863224090746	-28663.50210490847	0.30715357678839456	-27073.669763771628
-26368.774821693896	-28663.730832844696	0.30665332666333206	-27072.5307170593
-26368.67852123983	-28663.97956619856	0.3061530765382695	-27071.391997735453
-26368.574370546165	-28664.248287417064	0.305652826413207	-27070.253591760833
-26368.46241737446	-28664.536978544933	0.30515257628814446	-27069.1154850653
-26368.342709425884	-28664.845621231783	0.30465232616308197	-27067.97766354784
-26368.215294337253	-28665.174196738328	0.3041520760380194	-27066.84011307655
-26368.08021967683	-28665.522685943542	0.30365182591295686	-27065.702819488684
-26367.93753294022	-28665.891069351586	0.30315157578789437	-27064.56576859069
-26367.787281546196	-28666.279327098793	0.3026513256628318	-27063.428946158165
-26367.629512832715	-28666.687438960704	0.3021510755377693	-27062.29233793592
-26367.464274052654	-28667.11538435957	0.30165082541270677	-27061.155929637982
-26367.291612369805	-28667.563142371502	0.3011505752876442	-27060.019706947605
-26367.111574854767	-28668.030691733908	0.3006503251625817	-27058.883655517282
-26366.92420848083	-28668.518010853153	0.30015007503751917	-27057.74776096877
-26366.729560119904	-28669.025077812083	0.2996498249124567	-27056.6120088931
-26366.527676538408	-28669.55187037788	0.2991495747873941	-27055.476384850568
-26366.31860439323	-28670.098366009875	0.2986493246623316	-27054.340874370788
-26366.102390227665	-28670.66454186737	0.2981490745372691	-27053.20546295266
-26365.879080467304	-28671.250374817984	0.2976488244122065	-27052.07013606443
-26365.648721416037	-28671.85584144548	0.297148574287144	-27050.934879143646
-26365.411359251957	-28672.480918058307	0.2966483241620815	-27049.799677597213
-26365.167040023363	-28673.125580697775	0.2961480740370189	-27048.66451680138
-26364.915809644684	-28673.78980514662	0.2956478239119564	-27047.529382101737
-26364.657713892466	-28674.473566937668	0.2951475737868939	-27046.394258813263
-26364.392798401415	-28675.17684136229	0.29464732366183133	-27045.259132220304
-26364.121108660336	-28675.899603479313	0.2941470735367688	-27044.123987576575
-26363.842690008067	-28676.64182812419	0.2936468234117063	-27042.9888101052
-26363.557587629617	-28677.403489917495	0.29314657328664373	-27041.85358499865
-26363.26584655213	-28678.184563274397	0.2926463231615812	-27040.71829741883
-26362.967511640913	-28678.985022413854	0.2921460730365187	-27039.58293249704
-26362.662627595444	-28679.80484136781	0.29164582291145613	-27038.44747533396
-26362.351238945485	-28680.64399399077	0.29114557278639364	-27037.31191099969
-26362.033390047087	-28681.502453969264	0.2906453226613311	-27036.176224533723
-26361.70912507866	-28682.38019483168	0.29014507253626853	-27035.04040094497
-26361.378488037142	-28683.277189957735	0.28964482241120604	-27033.904425211742
-26361.041522733918	-28684.193412588753	0.2891445722861435	-27032.76828228174
-26360.698272791084	-28685.12883583737	0.288644322161081	-27031.63195707208
-26360.348781637498	-28686.08343269773	0.28814407203601844	-27030.495434469263
-26359.99309250489	-28687.057176055798	0.2876438219109559	-27029.35869932919
-26359.63124842401	-28688.050038699646	0.2871435717858934	-27028.221736477146
-26359.263292220807	-28689.061993329848	0.28664332166083084	-27027.08453070779
-26358.889266512542	-28690.093012570163	0.2861430715357683	-27025.94706678516
-26358.50921370402	-28691.14306897818	0.2856428214107058	-27024.80932944266
-26358.123175983714	-28692.212135056077	0.28514257128564324	-27023.67130338304
-26357.73119532003	-28693.300183261614	0.2846423211605807	-27022.53297327839
-26357.33331345749	-28694.40718601911	0.2841420710355182	-27021.394323770146
-26356.92957191292	-28695.53311573071	0.28364182091045564	-27020.25533946904
-26356.520011971814	-28696.677944787465	0.2831415707853931	-27019.116004955136
-26356.104674684433	-28697.841645580986	0.2826413206603306	-27017.976304777756
-26355.683600862234	-28699.02419051462	0.28214107053526805	-27016.836223455506
-26355.256831074028	-28700.225552015465	0.2816408204102055	-27015.695745476245
-26354.824405642394	-28701.445702545785	0.281140570285143	-27014.554855297076
-26354.386364639882	-28702.68461461513	0.28064032016008045	-27013.41353734429
-26353.942747885456	-28703.94226079212	0.2801400700350179	-27012.271776013386
-26353.49359494081	-28705.218613716697	0.2796398199099554	-27011.129555669035
-26353.038945106644	-28706.513646112417	0.27913956978489285	-27009.986860645025
-26352.578837419205	-28707.82733079862	0.27863931965983035	-27008.843675244287
-26352.113310646575	-28709.15964070309	0.2781390695347678	-27007.699983738832
-26351.642403285125	-28710.510548874474	0.27763881940970525	-27006.555770369712
-26351.166153555965	-28711.880028495252	0.27713856928464276	-27005.411019347044
-26350.68459940136	-28713.268052894404	0.2766383191595802	-27004.265714849913
-26350.197778481215	-28714.674595560522	0.2761380690345177	-27003.11984102638
-26349.705728169618	-28716.09963015474	0.27563781890945516	-27001.97338199343
-26349.20848555122	-28717.54313052423	0.2751375687843926	-27000.82632183694
-26348.70608741791	-28719.005070715277	0.27463731865933017	-26999.678644611635
-26348.198570265275	-28720.485424986964	0.2741370685342676	-26998.530334341056
-26347.6859702892	-28721.984167824718	0.27363681840920506	-26997.38137501753
-26347.168323382404	-28723.50127395407	0.27313656828414257	-26996.23175060208
-26346.64566513109	-28725.03671835459	0.27263631815908	-26995.081445024443
-26346.11803081159	-28726.590476273705	0.27213606803401746	-26993.930442182973
-26345.585455386987	-28728.162523240982	0.27163581790895497	-26992.778725944627
-26345.047973503704	-28729.75283508248	0.2711355677838924	-26991.626280144876
-26344.50561948835	-28731.361387934925	0.2706353176588299	-26990.4730885877
-26343.958427344314	-28732.988158260305	0.27013506753376737	-26989.319135045484
-26343.406430748528	-28734.633122860687	0.2696348174087048	-26988.164403259012
-26342.849663048248	-28736.29625889281	0.2691345672836423	-26987.00887693738
-26342.288157257743	-28737.977543883164	0.26863431715857977	-26985.852539757918
-26341.72194605525	-28739.676955742838	0.2681340670335172	-26984.69537536618
-26341.151061779634	-28741.39447278301	0.2676338169084547	-26983.537367375837
-26340.575536427325	-28743.130073730063	0.2671335667833922	-26982.378499368628
-26339.995401649183	-28744.88373774105	0.2666333166583296	-26981.21875489429
-26339.410688747328	-28746.655444419484	0.2661330665332671	-26980.058117470486
-26338.821428672156	-28748.445173830816	0.2656328164082046	-26978.896570582736
-26338.227652019203	-28750.252906518468	0.265132566283142	-26977.73409768434
-26337.629389026144	-28752.0786235198	0.26463231615807953	-26976.570682196303
-26337.02666956972	-28753.92230638247	0.264132066033017	-26975.406307507255
-26336.41952316292	-28755.783937180215	0.2636318159079545	-26974.240956973383
-26335.80797895182	-28757.663498529822	0.26313156578289193	-26973.074613918317
-26335.192065712767	-28759.560973607455	0.2626313156578294	-26971.907261633085
-26334.57181184949	-28761.476346165262	0.2621310655327669	-26970.738883375987
-26333.947245390147	-28763.409600548406	0.26163081540770433	-26969.569462372525
-26333.318393984508	-28765.360721712073	0.2611305652826418	-26968.39898181532
-26332.68528490116	-28767.329695238404	0.2606303151575793	-26967.227424863995
-26332.047945024675	-28769.316507353935	0.26013006503251673	-26966.054774645094
-26331.406400852826	-28771.32114494701	0.2596298149074542	-26964.88101425197
-26330.76067849388	-28773.343595585342	0.2591295647823917	-26963.706126744695
-26330.11080366389	-28775.383847533547	0.25862931465732913	-26962.53009514994
-26329.456801683973	-28777.44188977131	0.25812906453226664	-26961.352902460894
-26328.79869747768	-28779.517712011108	0.2576288144072041	-26960.17453163712
-26328.13651556838	-28781.611304716487	0.25712856428214154	-26958.994965604463
-26327.470280076617	-28783.722659120413	0.25662831415707904	-26957.814187254942
-26326.800014717624	-28785.85176724344	0.2561280640320165	-26956.6321794466
-26326.125742798722	-28787.998621912604	0.25562781390695394	-26955.448925003424
-26325.44748721682	-28790.163216780053	0.25512756378189144	-26954.264406715196
-26324.76527045597	-28792.345546341843	0.2546273136568289	-26953.078607337367
-26324.079114584893	-28794.545605957097	0.25412706353176634	-26951.891509590936
-26323.389041254617	-28796.763391867058	0.25362681340670384	-26950.703096162328
-26322.695071696064	-28798.99890121447	0.2531265632816413	-26949.513349703226
-26321.997226717627	-28801.25213206328	0.2526263131565788	-26948.32225283046
-26321.295526703052	-28803.523083417735	0.25212606303151625	-26947.129788125865
-26320.58999160894	-28805.81175524284	0.2516258129064537	-26945.935938136132
-26319.88064096264	-28808.118148483798	0.2511255627813912	-26944.740685372657
-26319.167493859994	-28810.44226508621	0.25062531265632865	-26943.544012311388
-26318.450568963115	-28812.78410801659	0.25012506253126615	-26942.3459013927
-26317.72988449831	-28815.143681282327	0.2496248124062036	-26941.146335021185
-26317.005458253905	-28817.520989952725	0.24912456228114113	-26939.94529556557
-26316.277307578224	-28819.916040179192	0.24862431215607855	-26938.742765358456
-26315.54544937749	-28822.3288392166	0.24812406203101603	-26937.53872669625
-26314.809900113873	-28824.759395443944	0.24762381190595353	-26936.333161838927
-26314.070675803447	-28827.20771838577	0.24712356178089095	-26935.126053009884
-26313.32779201434	-28829.673818733347	0.24662331165582843	-26933.917382395768
-26312.581263864784	-28832.15770836629	0.24612306153076594	-26932.707132146297
-26311.831106021225	-28834.659400374127	0.24562281140570336	-26931.49528437404
-26311.077332696575	-28837.178909078168	0.24512256128064083	-26930.281821154294
-26310.319957648364	-28839.716250053432	0.2446223111555783	-26929.066724524844
-26309.558994177016	-28842.271440150853	0.24412206103051576	-26927.849976485788
-26308.794455124105	-28844.844497519553	0.24362181090545323	-26926.631558999336
-26308.026352870736	-28847.435441629237	0.2431215607803907	-26925.411453989615
-26307.254699335866	-28850.04429329295	0.24262131065532824	-26924.189643342463
-26306.479505974705	-28852.67107468972	0.24212106053026564	-26922.966108905206
-26305.700783777203	-28855.3158093876	0.2416208104052031	-26921.74083248647
-26304.918543266493	-28857.978522366793	0.24112056028014064	-26920.51379585596
-26304.1327944974	-28860.65924004284	0.24062031015507804	-26919.284980744203
-26303.343547055076	-28863.35799029015	0.24012006003001551	-26918.05436884239
-26302.55081005354	-28866.07480246559	0.23961980990495305	-26916.821941802104
-26301.75459213432	-28868.809707432232	0.23911955977989047	-26915.587681235073
-26300.954901465193	-28871.562737583346	0.23861930965482792	-26914.351568713
-26300.151745738876	-28874.33392686643	0.23811905952976545	-26913.11358576725
-26299.34513217178	-28877.123310807616	0.23761880940470287	-26911.87371388865
-26298.535067502857	-28879.930926536	0.23711855927964035	-26910.631934527224
-26297.721557992463	-28882.756812808315	0.23661830915457785	-26909.388229091965
-26296.904609421224	-28885.601010033726	0.23611805902951533	-26908.14257895054
-26296.08422708898	-28888.46356029879	0.2356178089044528	-26906.894965429063
-26295.260415813802	-28891.344507392474	0.23511755877939025	-26905.64536981179
-26294.433179930984	-28894.243896831722	0.23461730865432773	-26904.393773340915
-26293.602523292167	-28897.161775886572	0.2341170585292652	-26903.14015721622
-26292.76844926439	-28900.098193606176	0.23361680840420268	-26901.884502594865
-26291.93096072931	-28903.0532008443	0.23311655827914013	-26900.626790591035
-26291.09006008241	-28906.02685028553	0.2326163081540776	-26899.367002275732
-26290.24574923221	-28909.019196471316	0.23211605802901508	-26898.105118676405
-26289.39802959961	-28912.030295826436	0.23161580790395253	-26896.841120776713
-26288.546902117247	-28915.0602066854	0.23111555777889	-26895.57498951619
-26287.692367228832	-28918.1089893192	0.23061530765382748	-26894.306705789942
-26286.834424888664	-28921.176705962196	0.23011505752876496	-26893.036250448356
-26285.973074561065	-28924.263420839172	0.2296148074037024	-26891.76360429676
-26285.108315219954	-28927.3692001925	0.22911455727863989	-26890.488748095107
-26284.240145348424	-28930.494112309643	0.22861430715357736	-26889.211662557667
-26283.36856293834	-28933.638227550673	0.2281140570285148	-26887.93232835266
-26282.4935654901	-28936.801618376103	0.2276138069034523	-26886.650726101972
-26281.615150012298	-28939.98435937475	0.22711355677838976	-26885.36683638076
-26280.733313021534	-28943.18652729193	0.22661330665332724	-26884.08063971713
-26279.848050542252	-28946.4082010578	0.2261130565282647	-26882.79211659179
-26278.959358106615	-28949.64946181574	0.22561280640320217	-26881.50124743769
-26278.06723075444	-28952.910392951162	0.22511255627813964	-26880.208012639647
-26277.171663033183	-28956.19108012026	0.22461230615307712	-26878.912392533985
-26276.27264899798	-28959.491611279154	0.22411205602801457	-26877.61436740817
-26275.37018221174	-28962.812076713024	0.22361180590295204	-26876.31391750042
-26274.464255745257	-28966.152569065627	0.22311155577788952	-26875.01102299933
-26273.55486217746	-28969.513183368777	0.22261130565282697	-26873.705664043464
-26272.641993595582	-28972.894017072314	0.22211105552776444	-26872.39782072098
-26271.725641595516	-28976.29517007385	0.22161080540270192	-26871.087473069205
-26270.805797282155	-28979.716744749156	0.2211105552776394	-26869.77460107426
-26269.882451269805	-28983.158845982307	0.22061030515257685	-26868.459184670613
-26268.95559368261	-28986.621581196443	0.22011005502751432	-26867.141203740684
-26268.025214155103	-28990.1050603843	0.2196098049024518	-26865.820638114394
-26267.091301832785	-28993.609396139273	0.21910955477738925	-26864.497467568774
-26266.153845372715	-28997.134703686417	0.21860930465232672	-26863.171671827487
-26265.21283294419	-29000.68110091388	0.2181090545272642	-26861.843230560393
-26264.268252229533	-29004.248708404288	0.21760880440220168	-26860.51212338312
-26263.32009042486	-29007.837649466415	0.21710855427713913	-26859.178329856593
-26262.368334240877	-29011.448050167204	0.2166083041520766	-26857.84182948655
-26261.412969903882	-29015.080039363736	0.21610805402701408	-26856.50260172312
-26260.453983156658	-29018.733748735507	0.21560780390195156	-26855.160625960303
-26259.491359259544	-29022.409312816904	0.215107553776889	-26853.815881535516
-26258.525082991473	-29026.106869029933	0.21460730365182648	-26852.468347729093
-26257.55513865115	-29029.826557716897	0.21410705352676396	-26851.11800376378
-26256.58151005821	-29033.568522173682	0.2136068034017014	-26849.76482880424
-26255.604180554543	-29037.3329086828	0.21310655327663888	-26848.408801956564
-26254.623133005505	-29041.11986654706	0.21260630315157636	-26847.049902267718
-26253.63834980142	-29044.929548122902	0.21210605302651386	-26845.688108725037
-26252.649812858916	-29048.762108854604	0.2116058029014513	-26844.323400255704
-26251.657503622486	-29052.617707308047	0.2111055527763888	-26842.955755726194
-26250.661403066013	-29056.49650520513	0.21060530265132626	-26841.585153941738
-26249.66149169442	-29060.398667458103	0.2101050525262637	-26840.21157364577
-26248.657749545324	-29064.32436220437	0.2096048024012012	-26838.834993519384
-26247.65015619079	-29068.27376084112	0.20910455227613867	-26837.455392180706
-26246.638690739164	-29072.247038060606	0.20860430215107617	-26836.072748184408
-26245.623331836894	-29076.24437188529	0.20810405202601362	-26834.687040021054
-26244.604057670513	-29080.265943703296	0.2076038019009511	-26833.29824611654
-26243.580845968612	-29084.311938304112	0.20710355177588857	-26831.906344831496
-26242.553674003902	-29088.382543914515	0.20660330165082605	-26830.511314460673
-26241.522518595342	-29092.47795223452	0.2061030515257635	-26829.113133232335
-26240.48735611035	-29096.59835847374	0.20560280140070097	-26827.711779307625
-26239.448162466975	-29100.743961387998	0.20510255127563845	-26826.307230779945
-26238.40491313638	-29104.91496331577	0.2046023011505759	-26824.899465674334
-26237.357583145036	-29109.111570215293	0.20410205102551338	-26823.48846194677
-26236.30614707733	-29113.33399170162	0.20360180090045085	-26822.074197483576
-26235.25057907799	-29117.582441083967	0.20310155077538833	-26820.65665010072
-26234.19085285471	-29121.857135403254	0.20260130065032578	-26819.235797543137
-26233.12694168081	-29126.15829546981	0.20210105052526325	-26817.81161748409
-26232.058818397938	-29130.48614590135	0.20160080040020073	-26816.38408752444
-26230.986455418843	-29134.8409151612	0.20110055027513818	-26814.953185191946
-26229.909824730294	-29139.222835596593	0.20060030015007566	-26813.518887940594
-26228.828897895928	-29143.632143477378	0.20010005002501313	-26812.081173149847
-26227.743646059294	-29148.069079034733	0.1995997998999506	-26810.64001812393
-26226.654039946916	-29152.53388650023	0.19909954977488806	-26809.1954000911
-26225.560049871394	-29157.0268141451	0.19859929964982553	-26807.74729620289
-26224.461645734646	-29161.548114319652	0.198099049524763	-26806.29568353338
-26223.358797031164	-29166.098043492973	0.1975987993997005	-26804.840539078396
-26222.251472851356	-29170.67686229279	0.19709854927463794	-26803.381839754773
-26221.13964188496	-29175.284835545615	0.1965982991495754	-26801.91956239954
-26220.02327242456	-29179.92223231704	0.1960980490245129	-26800.453683769163
-26218.902332369096	-29184.58932595233	0.19559779889945034	-26798.984180538704
-26217.776789227544	-29189.286394117105	0.1950975487743878	-26797.511029301048
-26216.646610122592	-29194.01371883838	0.1945972986493253	-26796.034206566037
-26215.511761794434	-29198.77158654579	0.19409704852426277	-26794.553688759683
-26214.372210604597	-29203.560288112963	0.19359679839920022	-26793.069452223277
-26213.227922539896	-29208.38011889919	0.1930965482741377	-26791.581473212576
-26212.078863216408	-29213.231378791286	0.19259629814907517	-26790.089727896913
-26210.924997883558	-29218.114372245716	0.19209604802401262	-26788.59419235833
-26209.766291428255	-29223.02940833088	0.1915957978989501	-26787.09484259069
-26208.602708379123	-29227.97680076962	0.19109554777388757	-26785.59165449877
-26207.434212910808	-29232.956867982088	0.19059529764882505	-26784.084603897383
-26206.26076884832	-29237.969933128596	0.1900950475237625	-26782.573666510405
-26205.082339671513	-29243.01632415297	0.18959479739869997	-26781.0588179699
-26203.898888519605	-29248.09637382591	0.18909454727363745	-26779.540033815145
-26202.71037819577	-29253.21041978862	0.18859429714857492	-26778.017289491672
-26201.516771171824	-29258.358804596843	0.18809404702351237	-26776.490560350318
-26200.318029592985	-29263.541875764873	0.18759379689844985	-26774.959821646244
-26199.114115282708	-29268.759985809913	0.18709354677338733	-26773.425048537923
-26197.904989747578	-29274.013492296708	0.18659329664832477	-26771.88621608616
-26196.690614182353	-29279.302757882317	0.18609304652326225	-26770.343299253083
-26195.47094947497	-29284.628150361215	0.18559279639819973	-26768.796272901083
-26194.245956211733	-29289.99004271045	0.1850925462731372	-26767.245111791788
-26193.01559468257	-29295.388813135298	0.18459229614807465	-26765.68979058505
-26191.77982488625	-29300.824845114897	0.18409204602301213	-26764.1302838378
-26190.538606535873	-29306.29852744824	0.1835917958979496	-26762.566566003028
-26189.291899064283	-29311.8102543004	0.18309154577288708	-26760.998611428677
-26188.039661629642	-29317.360425248957	0.18259129564782453	-26759.42639435653
-26186.781853121036	-29322.949445330643	0.182091045522762	-26757.849888921086
-26185.51843216422	-29328.577725088348	0.18159079539769948	-26756.269069148442
-26184.2493571274	-29334.24568061813	0.18109054527263696	-26754.683908955136
-26182.974586127093	-29339.953733616672	0.18059029514757444	-26753.094382146974
-26181.694077034128	-29345.702311428926	0.1800900450225119	-26751.500462417887
-26180.407787479646	-29351.49184709591	0.17958979489744936	-26749.9021233487
-26179.115674861267	-29357.3227794028	0.17908954477238684	-26748.299338405974
-26177.81769634924	-29363.19555292732	0.17858929464732431	-26746.692080940724
-26176.513808892796	-29369.110618088213	0.17808904452226176	-26745.08032418723
-26175.203969226528	-29375.068431194217	0.17758879439719924	-26743.464041261814
-26173.888133876775	-29381.069454492943	0.17708854427213672	-26741.84320516148
-26172.566259168256	-29387.11415622022	0.17658829414707417	-26740.217788762726
-26171.238301230675	-29393.203010649722	0.17608804402201167	-26738.587764820222
-26169.90421600539	-29399.336498142584	0.17558779389694912	-26736.95310596545
-26168.563959252282	-29405.51510519756	0.17508754377188657	-26735.313784705435
-26167.21748655664	-29411.73932450122	0.17458729364682407	-26733.669773421403
-26165.86475333606	-29418.009654978403	0.17408704352176155	-26732.021044367346
-26164.505714847586	-29424.326601843095	0.17358679339669897	-26730.36756966872
-26163.140326194858	-29430.69067664933	0.17308654327163647	-26728.709321321046
-26161.768542335263	-29437.102397342405	0.17258629314657395	-26727.046271188425
-26160.390318087346	-29443.562288310455	0.17208604302151137	-26725.37839100218
-26159.00560813822	-29450.070880436117	0.17158579289644887	-26723.705652359422
-26157.614367050974	-29456.628711148525	0.17108554277138635	-26722.02802672149
-26156.216549272365	-29463.236324475518	0.17058529264632383	-26720.345485412574
-26154.81210914042	-29469.89427109617	0.17008504252126128	-26718.65799961814
-26153.401000892252	-29476.60310839342	0.16958479239619875	-26716.965540383448
-26151.98317867187	-29483.363400507133	0.16908454227113623	-26715.268078612004
-26150.55859653817	-29490.175718387243	0.16858429214607368	-26713.565585064003
-26149.12720847289	-29497.04063984727	0.16808404202101115	-26711.85803035473
-26147.68896838884	-29503.958749618054	0.16758379189594863	-26710.14538495302
-26146.24383013801	-29510.93063940163	0.16708354177088608	-26708.427619179558
-26144.79174751996	-29517.95690792558	0.16658329164582356	-26706.70470320534
-26143.332674290115	-29525.03816099741	0.16608304152076103	-26704.97660704991
-26141.86656416837	-29532.175011559342	0.1655827913956985	-26703.243300579783
-26140.393370847563	-29539.368079743206	0.16508254127063599	-26701.504753506677
-26138.9130480022	-29546.617992925767	0.16458229114557343	-26699.76093538582
-26137.425549297186	-29553.925385784172	0.1640820410205109	-26698.011815614213
-26135.93082839669	-29561.29090035169	0.1635817908954484	-26696.25736342885
-26134.428838973086	-29568.715186073696	0.16308154077038584	-26694.497547904954
-26132.919534715988	-29576.198899863946	0.1625812906453233	-26692.732337954152
-26131.40286934137	-29583.742706161083	0.16208104052026082	-26690.961702322656
-26129.878796600802	-29591.34727698536	0.1615807903951983	-26689.185609589404
-26128.347270290746	-29599.013291995718	0.16108054027013574	-26687.404028164186
-26126.808244261974	-29606.741438547033	0.16058029014507322	-26685.61692628574
-26125.261672429075	-29614.532411747656	0.1600800400200107	-26683.824272019847
-26123.707508780026	-29622.386914517203	0.15957978989494814	-26682.026033257345
-26122.145707385913	-29630.30565764459	0.15907953976988562	-26680.222177712207
-26120.576222410662	-29638.289359846392	0.1585792896448231	-26678.412672919483
-26118.999008120983	-29646.338747825346	0.15807903951976057	-26676.59748623333
-26117.41401889629	-29654.454556329227	0.15757878939469802	-26674.776584824944
-26115.82120923877	-29662.63752820997	0.1570785392696355	-26672.94993568047
-26114.220533783562	-29670.88841448293	0.15657828914457297	-26671.117505598922
-26112.611947309004	-29679.20797438655	0.15607803901951045	-26669.279261190044
-26110.99540474697	-29687.59697544222	0.1555777888944479	-26667.435168872147
-26109.370861193343	-29696.056193514458	0.15507753876938538	-26665.585194869956
-26107.738271918515	-29704.586412871187	0.15457728864432285	-26663.729305212353
-26106.097592378053	-29713.18842624454	0.1540770385192603	-26661.86746573017
-26104.44877822343	-29721.863034891685	0.15357678839419778	-26659.999642053925
-26102.791785312824	-29730.61104865604	0.15307653826913528	-26658.125799611487
-26101.126569722066	-29739.433286028747	0.15257628814407276	-26656.24590362579
-26099.453087755643	-29748.33057421032	0.1520760380190102	-26654.359919112434
-26097.771295957835	-29757.30374917269	0.15157578789394768	-26652.467810877348
-26096.08115112388	-29766.3536557214	0.15107553776888516	-26650.569543514302
-26094.38261031133	-29775.481147558145	0.1505752876438226	-26648.665081402523
-26092.675630851427	-29784.68708734352	0.15007503751876008	-26646.75438870417
-26090.96017036059	-29793.972346760078	0.14957478739369756	-26644.837429361818
-26089.236186752052	-29803.337806575622	0.14907453726863504	-26642.91416709594
-26087.503638247483	-29812.78435670677	0.1485742871435725	-26640.98456540227
-26085.76248338886	-29822.312896282783	0.14807403701850996	-26639.04858754924
-26084.01268105028	-29831.924333709714	0.14757378689344744	-26637.10619657531
-26082.25419044997	-29841.619586734727	0.14707353676838494	-26635.15735528625
-26080.48697116237	-29851.399582510738	0.14657328664332236	-26633.202026252453
-26078.710983130295	-29861.265257661373	0.14607303651825984	-26631.240171806174
-26076.926186677196	-29871.21755834608	0.14557278639319735	-26629.271754038702
-26075.132542519535	-29881.257440325575	0.14507253626813477	-26627.296734797554
-26073.33001177926	-29891.385869027592	0.14457228614307224	-26625.3150756836
-26071.518555996343	-29901.603819612807	0.14407203601800975	-26623.32673804814
-26069.698137141422	-29911.91227704113	0.1435717858929472	-26621.331682989956
-26067.86871762859	-29922.31223613821	0.14307153576788464	-26619.32987135233
-26066.030260328218	-29932.804701662164	0.14257128564282215	-26617.321263720005
-26064.18272857988	-29943.390688370702	0.1420710355177596	-26615.305820416095
-26062.326086205427	-29954.071221088394	0.14157078539269705	-26613.283501499016
-26060.4602975221	-29964.847334774287	0.14107053526763455	-26611.25426675928
-26058.585327355744	-29975.720074589753	0.140570285142572	-26609.218075716304
-26056.70114105417	-29986.690495966643	0.14007003501750948	-26607.1748876152
-26054.80770450055	-29997.759664675614	0.13956978489244695	-26605.124661423433
-26052.90498412691	-30008.92865689489	0.1390695347673844	-26603.067355827512
-26050.992946927792	-30020.198559279117	0.13856928464232188	-26601.002929229606
-26049.07156047392	-30031.570469028615	0.13806903451725935	-26598.931339744107
-26047.140792926006	-30043.045493958867	0.1375687843921968	-26596.85254519416
-26045.200613048622	-30054.624752570187	0.1370685342671343	-26594.76650310811
-26043.250990224235	-30066.309374117835	0.13656828414207178	-26592.67317071596
-26041.291894467242	-30078.100498682204	0.13606803401700926	-26590.572504945718
-26039.323296438146	-30089.999277239483	0.1355677838919467	-26588.46446241972
-26037.345167457865	-30102.006871732363	0.13506753376688418	-26586.348999450922
-26035.35747952202	-30114.124455141202	0.13456728364182166	-26584.226072039062
-26033.36020531545	-30126.353211555375	0.1340670335167591	-26582.095635866877
-26031.353318226702	-30138.694336244913	0.1335667833916966	-26579.95764629617
-26029.336792362694	-30151.149035732335	0.13306653326663406	-26577.81205836386
-26027.31060256344	-30163.718527864927	0.1325662831415715	-26575.658826778
-26025.274724416842	-30176.404041887046	0.132066033016509	-26573.49790591366
-26023.22913427362	-30189.206818512965	0.13156578289144646	-26571.329249808867
-26021.173809262287	-30202.12810999975	0.13106553276638394	-26569.152812160348
-26019.108727304236	-30215.16918022051	0.1305652826413214	-26566.96854631932
-26017.033867128917	-30228.331304737927	0.13006503251625887	-26564.77640528717
-26014.9492082891	-30241.61577087804	0.12956478239119634	-26562.576341711083
-26012.854731176194	-30255.023877804244	0.12906453226613382	-26560.368307879566
-26010.75041703572	-30268.556936591616	0.12856428214107127	-26558.152255717996
-26008.6362479828	-30282.216270301524	0.12806403201600874	-26555.928136783998
-26006.51220701777	-30296.0032140564	0.12756378189094622	-26553.69590226282
-26004.378278041866	-30309.919115114884	0.12706353176588367	-26551.455502962603
-26002.23444587302	-30323.96533294722	0.12656328164082115	-26549.206889309626
-26000.080696261673	-30338.143239310808	0.12606303151575862	-26546.950011343408
-25997.91701590674	-30352.454218326155	0.12556278139069613	-26544.684818711783
-25995.743392471653	-30366.899666553036	0.12506253126563358	-26542.411260665926
-25993.559814600387	-30381.480993066885	0.12456228114057104	-26540.129286055195
-25991.36627193372	-30396.199619535502	0.12406203101550851	-26537.83884332204
-25989.162755125453	-30411.056980295976	0.12356178089044598	-26535.5398804967
-25986.94925585874	-30426.05452243191	0.12306153076538344	-26533.23234519191
-25984.725766862528	-30441.19370585085	0.12256128064032092	-26530.916184597467
-25982.49228192801	-30456.476003362055	0.12206103051525838	-26528.591345474742
-25980.248795925232	-30471.902900754412	0.12156078039019586	-26526.257774151094
-25977.995304819684	-30487.47589687473	0.12106053026513332	-26523.915416514195
-25975.73180568903	-30503.196503706193	0.1205602801400708	-26521.56421800626
-25973.458296739907	-30519.06624644712	0.12006003001500826	-26519.204123618216
-25971.17477732474	-30535.08666358997	0.11955977988994573	-26516.83507788372
-25968.881247958678	-30551.25930700058	0.1190595297648832	-26514.457024873125
-25966.577710336584	-30567.58574199768	0.11855927963982069	-26512.069908187354
-25964.264167350073	-30584.067547432634	0.11805902951475816	-26509.67367095162
-25961.940623104634	-30600.70631576947	0.11755877938969563	-26507.268255809107
-25959.60708293681	-30617.503653165106	0.1170585292646331	-26504.853604914515
-25957.26355343143	-30634.46117954985	0.11655827913957056	-26502.429659927475
-25954.910042438907	-30651.58052870816	0.11605802901450804	-26499.996362005928
-25952.54655909261	-30668.86334835962	0.1155577788894455	-26497.553651799306
-25950.173113826248	-30686.31130024018	0.11505752876438298	-26495.101469441663
-25947.78971839137	-30703.926060183603	0.11455727863932044	-26492.63975454466
-25945.39638587485	-30721.709318203193	0.1140570285142579	-26490.168446190444
-25942.9931307165	-30739.66277857376	0.11355677838919538	-26487.687482924404
-25940.57996872662	-30757.788159913754	0.11305652826413284	-26485.196802747778
-25938.156917103737	-30776.087195267726	0.11255627813907032	-26482.696343110194
-25935.723994452263	-30794.56163218896	0.11205602801400778	-26480.186040902
-25933.281220800265	-30813.213232822352	0.11155577788894526	-26477.665832446553
-25930.828617617255	-30832.043773987512	0.11105552776388272	-26475.135653492296
-25928.366207832005	-30851.05504726211	0.1105552776388202	-26472.59543920472
-25925.894015850416	-30870.24885906541	0.11005502751375766	-26470.045124158223
-25923.41206757343	-30889.62703074207	0.10955477738869512	-26467.484642327778
-25920.920390414933	-30909.191398646144	0.1090545272636326	-26464.91392708047
-25918.419013319693	-30928.943814225262	0.10855427713857006	-26462.332911166875
-25915.90796678137	-30948.886144105058	0.10805402701350754	-26459.7415267123
-25913.387282860513	-30969.020270173874	0.107553776888445	-26457.139705207876
-25910.85699520252	-30989.348089667506	0.10705352676338248	-26454.52737750143
-25908.31713905574	-31009.871515254345	0.10655327663831994	-26451.90447378826
-25905.767751289466	-31030.592475120568	0.10605302651325743	-26449.27092360172
-25903.208870412003	-31051.512913055638	0.1055527763881949	-26446.626655803608
-25900.640536588733	-31072.63478853793	0.10505252626313236	-26443.971598574397
-25898.062791660162	-31093.96007682058	0.10455227613806985	-26441.3056794033
-25895.475679159954	-31115.490769017502	0.10405202601300731	-26438.628825078104
-25892.879244333035	-31137.22887218965	0.10355177588794479	-26435.94096167487
-25890.273534153584	-31159.17640943139	0.10305152576288225	-26433.2420145474
-25887.658597343077	-31181.335419957075	0.10255127563781972	-26430.5319083165
-25885.034484388296	-31203.707959187806	0.10205102551275719	-26427.810566859087
-25882.40124755933	-31226.296098838393	0.10155077538769466	-26425.077913297027
-25879.758940927506	-31249.101927004387	0.10105052526263213	-26422.333869985803
-25877.10762038333	-31272.12754824939	0.10055027513756959	-26419.57835850293
-25874.44734365438	-31295.375083692416	0.10005002501250707	-26416.81129963618
-25871.778170323185	-31318.846671095518	0.09954977488744453	-26414.03261337156
-25869.100161844948	-31342.544464951425	0.099049524762382	-26411.242218881012
-25866.4133815654	-31366.470636571477	0.09854927463731947	-26408.440034509975
-25863.717894738427	-31390.62737417355	0.09804902451225694	-26405.625977764586
-25861.01376854373	-31415.016882970227	0.0975487743871944	-26402.799965298695
-25858.301072104383	-31439.64138525703	0.09704852426213188	-26399.96191290059
-25855.579876504326	-31464.50312050079	0.09654827413706935	-26397.111735479477
-25852.85025480578	-31489.604345428153	0.09604802401200681	-26394.249347051657
-25850.112282066555	-31514.94733411415	0.09554777388694428	-26391.374660726437
-25847.366035357318	-31540.53437807096	0.09504752376188175	-26388.487588691787
-25844.611593778915	-31566.367786336847	0.09454727363681922	-26385.588042199855
-25841.849038479635	-31592.449885565344	0.09404702351175669	-26382.675931552232
-25839.078452672446	-31618.783020114526	0.09354677338669416	-26379.751166084992
-25836.29992165202	-31645.369552136268	0.09304652326163163	-26376.81365415331
-25833.51353281164	-31672.211861665655	0.0925462731365691	-26373.863303115795
-25830.719375660046	-31699.312346710427	0.09204602301150656	-26370.900019318517
-25827.91754183796	-31726.67342334039	0.09154577288644404	-26367.923708078557
-25825.108125134615	-31754.29752577699	0.0910455227613815	-26364.934273667342
-25822.291221504016	-31782.187106482805	0.09054527263631898	-26361.931619293497
-25819.46692908104	-31810.344636251084	0.09004502251125646	-26358.915647085352
-25816.635348197357	-31838.772604295336	0.08954477238619392	-26355.886258073067
-25813.79658139712	-31867.473518338862	0.0890445222611314	-26352.843352170326
-25810.950733452482	-31896.449904704277	0.08854427213606886	-26349.786828155622
-25808.097911378864	-31925.704308403045	0.08804402201100633	-26346.716583653135
-25805.238224449968	-31955.239293224942	0.0875437718859438	-26343.632515113113
-25802.3717842126	-31985.057441827514	0.08704352176088127	-26340.53451779189
-25799.49870450114	-32015.16135582537	0.08654327163581874	-26337.422485731306
-25796.619101451874	-32045.55365587956	0.0860430215107562	-26334.296311737802
-25793.733093516897	-32076.23698178676	0.08554277138569368	-26331.1558873609
-25790.84080147781	-32107.21399256834	0.08504252126063114	-26328.001102871207
-25787.94234845907	-32138.487366559428	0.08454227113556861	-26324.831847237943
-25785.037859941003	-32170.05980149775	0.08404202101050608	-26321.648008105858
-25782.12746377252	-32201.934014612343	0.08354177088544355	-26318.449471771648
-25779.21129018339	-32234.11274271216	0.08304152076038102	-26315.23612315977
-25776.289471796226	-32266.598742274444	0.08254127063531849	-26312.007845797685
-25773.362143638	-32299.39478953294	0.08204102051025595	-26308.76452179047
-25770.429443151224	-32332.503680565882	0.08154077038519342	-26305.506031794845
-25767.491510204607	-32365.92823138378	0.08104052026013091	-26302.23225499252
-25764.548487103373	-32399.671278016944	0.08054027013506837	-26298.9430690629
-25761.600518599003	-32433.735676602704	0.08004002001000585	-26295.638350155084
-25758.64775189857	-32468.124303472447	0.07953976988494331	-26292.31797285918
-25755.690336673517	-32502.840055238226	0.07903951975988079	-26288.981810176887
-25752.728425067908	-32537.885848879123	0.07853926963481825	-26285.629733491307
-25749.76217170616	-32573.264621827242	0.07803901950975572	-26282.261612536025
-25746.791733700113	-32608.979332053277	0.07753876938469319	-26278.87731536332
-25743.817270655592	-32645.032958151776	0.07703851925963066	-26275.47670831163
-25740.838944678282	-32681.428499425892	0.07653826913456814	-26272.059655972127
-25737.856920378934	-32718.168975971705	0.0760380190095056	-26268.626021154378
-25734.87136487793	-32755.257428762103	0.07553776888444308	-26265.175664851176
-25731.88244780907	-32792.69691973006	0.07503751875938054	-26261.708446202345
-25728.890341322705	-32830.49053185152	0.07453726863431802	-26258.224222457677
-25725.895220087987	-32868.64136922756	0.07403701850925548	-26254.722848938745
-25722.897261294365	-32907.152557166	0.07353676838419296	-26251.20417899979
-25719.89664465226	-32946.02724226247	0.07303651825913042	-26247.66806398748
-25716.893552392772	-32985.268592480614	0.07253626813406788	-26244.11435319955
-25713.888169266575	-33024.87979723174	0.07203601800900536	-26240.54289384236
-25710.88068254176	-33064.8640674537	0.07153576788394282	-26236.953530987194
-25707.87128200075	-33105.22463568887	0.0710355177588803	-26233.346107525376
-25704.860159936125	-33145.96475616143	0.07053526763381776	-26229.720464122107
-25701.84751114538	-33187.08770485369	0.07003501750875524	-26226.07643916898
-25698.833532924575	-33228.596779581516	0.0695347673836927	-26222.413868735144
-25695.818425060766	-33270.4953000688	0.06903451725863018	-26218.732586517057
-25692.80238982322	-33312.78660802083	0.06853426713356764	-26215.032423786746
-25689.7856319534	-33355.474067196796	0.06803401700850512	-26211.313209338652
-25686.768358653473	-33398.561063480825	0.06753376688344259	-26207.574769434716
-25683.750779573595	-33442.0510049522	0.06703351675838004	-26203.816927748056
-25680.73310679769	-33485.94732195409	0.06653326663331753	-26200.03950530485
-25677.71555482756	-33530.25346716104	0.066033016508255	-26196.242320424375
-25674.69834056567	-33574.972915645136	0.06553276638319246	-26192.425188657427
-25671.68168329611	-33620.109164940695	0.06503251625812993	-26188.587922722727
-25668.665804663822	-33665.66573510739	0.06453226613306741	-26184.73033244133
-25665.65092865219	-33711.64616879192	0.06403201600800487	-26180.85222466915
-25662.637281558556	-33758.05403128786	0.06353176588294233	-26176.95340322721
-25659.62509196793	-33804.89291059391	0.06303151575787982	-26173.033668829805
-25656.61459072456	-33852.1664174702	0.06253126563281729	-26169.09281901031
-25653.60601090144	-33899.878185492744	0.06203101550775476	-26165.13064804468
-25650.599587767534	-33948.03187110584	0.06153076538269222	-26161.1469468724
-25647.59555875268	-33996.63115367235	0.06103051525762969	-26157.14150301492
-25644.5941634101	-34045.6797355218	0.06053026513256716	-26153.114100491406
-25641.595643376302	-34095.18134199611	0.06003001500750463	-26149.064519731677
-25638.600242328404	-34145.13972149288	0.059529764882442104	-26144.992537486276
-25635.60820593858	-34195.558645506164	0.05902951475737957	-26140.897926733473
-25632.619781825717	-34246.44190866447	0.05852926463231705	-26136.780456583172
-25629.6352195039	-34297.79332876598	0.05802901450725452	-26132.639892177445
-25626.654770327834	-34349.616746810825	0.057528764382191976	-26128.475994587745
-25623.678687434898	-34401.916027030216	0.05702851425712945	-26124.288520708476
-25620.707225683636	-34454.69505691226	0.05652826413206692	-26120.077223146793
-25617.74064158873	-34507.95774722444	0.05602801400700438	-26115.841850108598
-25614.779193252096	-34561.70803203246	0.05552776388194186	-26111.582145280427
-25611.82314028988	-34615.94986871519	0.05502751375687933	-26107.29784770699
-25608.872743755477	-34670.68723797585	0.0545272636318168	-26102.98869166445
-25605.928266057905	-34725.92414384876	0.05402701350675427	-26098.654406528854
-25602.989970875733	-34781.66461370188	0.05352676338169174	-26094.294716639823
-25600.058123066116	-34837.91269823467	0.053026513256629215	-26089.909341159102
-25597.132988568723	-34894.67247147103	0.052526263131566685	-26085.49799392378
-25594.214834304377	-34951.94803074721	0.052026013006504154	-26081.06038329391
-25591.30392806809	-35009.7434966943	0.051525762881441624	-26076.59621199431
-25588.40053841616	-35068.063013215025	0.05102551275637909	-26072.10517695018
-25585.50493454717	-35126.91074745465	0.05052526263131656	-26067.58696911629
-25582.61738617642	-35186.29088976553	0.05002501250625403	-26063.041273299445
-25579.738163403545	-35246.20765366506	0.0495247623811915	-26058.467767973783
-25576.867536572954	-35306.66527578667	0.04902451225612898	-26053.866125088694
-25574.00577612665	-35367.66801582348	0.04852426213106645	-26049.236009868826
-25571.153152449133	-35429.22015646412	0.048024012006003904	-26044.57708060594
-25568.309935703877	-35491.32600332046	0.04752376188094138	-26039.888988442042
-25565.476395660866	-35553.98988484661	0.04702351175587885	-26035.171377143346
-25562.652801514956	-35617.21615224889	0.04652326163081631	-26030.42388286477
-25559.839421694218	-35681.00917938607	0.04602301150575378	-26025.646133904156
-25557.036523657964	-35745.37336265952	0.04552276138069127	-26020.83775044594
-25554.244373683752	-35810.3131208925	0.04502251125562873	-26015.99834429346
-25551.463236642754	-35875.83289519805	0.0445222611305662	-26011.12751858945
-25548.69337576291	-35941.93714883497	0.04402201100550368	-26006.224867523968
-25545.935052378965	-36008.63036705078	0.043521760880441136	-26001.289976029024
-25543.188525668927	-36075.91705691137	0.0430215107553786	-25996.32241945926
-25540.45405237577	-36143.80174711621	0.04252126063031608	-25991.321763257693
-25537.731886513797	-36212.28898779827	0.04202101050525354	-25986.2875626058
-25535.022279058638	-36281.38335030793	0.04152076038019101	-25981.219362056992
-25532.325477619805	-36351.08942697962	0.04102051025512849	-25976.116695152334
-25529.64172609486	-36421.41183088031	0.04052026013006597	-25970.97908401764
-25526.971264303927	-36492.355195538556	0.04002001000500342	-25965.806038940642
-25524.314327603413	-36563.924174652944	0.03951975987994089	-25960.597057927043
-25521.67114647747	-36636.12344177862	0.03901950975487837	-25955.351626234104
-25519.041946105877	-36708.95768999028	0.03851925962981583	-25950.069215880325
-25516.426945906813	-36782.43163152047	0.0380190095047533	-25944.749285129754
-25513.826359052644	-36856.54999737096	0.03751875937969078	-25939.39127794904
-25511.240391957173	-36931.317536895906	0.03701850925462824	-25933.994623435658
-25508.66924373227	-37006.73901735458	0.03651825912956571	-25928.558735215236
-25506.113105611723	-37082.81922343156	0.036018009004503186	-25923.083010805844
-25503.57216034014	-37159.56295672218	0.03551775887944065	-25917.566830947017
-25501.04658152436	-37236.975035180694	0.03501750875437812	-25912.009558891026
-25498.536532944614	-37315.06029252853	0.034517258629315595	-25906.410539653625
-25496.042167822623	-37393.823577619514	0.03401700850425306	-25900.769099221427
-25493.56362804338	-37473.269753759196	0.03351675837919053	-25895.084543712706
-25491.101043327115	-37553.403697974456	0.033016508254128	-25889.35615848807
-25488.65453034769	-37634.23030022982	0.032516258129065466	-25883.5832072073
-25486.224191793288	-37715.754462586316	0.03201600800400294	-25877.764930828194
-25483.81011536486	-37797.98109829824	0.03151575787894041	-25871.900546542864
-25481.412372707295	-37880.915130842965	0.031015507753877878	-25865.98924664648
-25479.031018267993	-37964.5614928783	0.030515257628815344	-25860.03019733315
-25476.66608807681	-38048.92512512155	0.030015007503752817	-25854.02253741283
-25474.317598440703	-38134.01097514333	0.02951475737869029	-25847.96537694269
-25471.985544546005	-38219.823996069455	0.02901450725362776	-25841.85779576581
-25469.669898960226	-38306.36914518243	0.028514257128565226	-25835.698841949066
-25467.370610024514	-38393.65138241386	0.028014007003502702	-25829.487530111473
-25465.087600127077	-38481.67566871811	0.027513756878440165	-25823.222839633097
-25462.820763846696	-38570.44696431619	0.027013506753377634	-25816.903712733827
-25460.569965954175	-38659.970226797916	0.026513256628315114	-25810.529052409776
-25458.335039258458	-38750.25040906885	0.026013006503252577	-25804.09772021402
-25456.115782282293	-38841.292457127136	0.025512756378190046	-25797.60853386664
-25453.911956750802	-38933.10130765335	0.025012506253127516	-25791.06026467734
-25451.723284874144	-39025.681885394806	0.024512256128064985	-25784.451634761856
-25449.54944640331	-39119.03910032311	0.02401200600300245	-25777.781314031214
-25447.390075435287	-39213.17784454136	0.02351175587793992	-25771.04791693004
-25445.244756940923	-39308.10298891431	0.023011505752877394	-25764.249998897303
-25443.11302298533	-39403.81937939125	0.022511255627814863	-25757.386052519243
-25440.99434860661	-39500.33183298746	0.022011005502752333	-25750.45450334037
-25438.888147313995	-39597.64513338535	0.0215107553776898	-25743.453705293534
-25436.793766161125	-39695.76402611085	0.02101050525262727	-25736.381935704856
-25434.710480343805	-39794.693213234714	0.020510255127564738	-25729.23738982282
-25432.637487264205	-39894.43734754029	0.02001000500250221	-25722.018174813515
-25430.573899994706	-39995.00102609129	0.019509754877439684	-25714.722303155184
-25428.51874006439	-40096.38878312241	0.01900950475237715	-25707.347685355155
-25426.470929478895	-40198.60508216354	0.01850925462731462	-25699.892121899786
-25424.429281869925	-40301.65430729391	0.01800900450225209	-25692.353294333803
-25422.392492653515	-40405.54075340508	0.01750875437718956	-25684.728755348027
-25420.35912805512	-40510.26861533124	0.01700850425212703	-25677.015917733668
-25418.327612834913	-40615.84197567967	0.016508254127064498	-25669.212042036466
-25416.296216515915	-40722.264791164496	0.01600800400200197	-25661.314222713405
-25414.263037880974	-40829.540877209394	0.01550775387693944	-25653.31937255792
-25412.22598745897	-40937.673890539794	0.015007503751876908	-25645.224205114024
-25410.182767664628	-41046.66730942899	0.01450725362681438	-25637.025214743768
-25408.13085018718	-41156.52441119318	0.014007003501751847	-25628.718653943157
-25406.067450135582	-41267.248246443494	0.013506753376689318	-25620.300507414395
-25403.989496339178	-41378.84160949354	0.013006503251626788	-25611.766462293177
-25401.893597063212	-41491.30700418213	0.012506253126564257	-25603.111873790578
-25399.776000220878	-41604.64660419273	0.012006003001501727	-25594.33172533111
-25397.632546933342	-41718.86220672117	0.011505752876439197	-25585.42058203847
-25395.45861698929	-41833.95517804305	0.011005502751376666	-25576.372536120463
-25393.249064359276	-41949.92638913627	0.010505252626314134	-25567.181142308425
-25390.99814039222	-42066.77613898584	0.010005002501251607	-25557.839340978466
-25388.699401607515	-42184.504062484644	0.009504752376189075	-25548.339365867996
-25386.345598018946	-42303.10901886619	0.009004502251126544	-25538.67263232374
-25383.928536567615	-42422.588955246596	0.008504252126064015	-25528.82960065845
-25381.43891232062	-42542.940737932644	0.008004002001001485	-25518.79960727301
-25378.866097327773	-42664.15994138802	0.007503751875938954	-25508.570653436294
-25376.19787296758	-42786.2405806891	0.007003501750876424	-25498.12913755394
-25373.420085511363	-42909.17476719915	0.006503251625813894	-25487.459510654924
-25370.516195224533	-43032.95225777982	0.006003001500751363	-25476.543825414978
-25367.469035326027	-43157.56221386118	0.0055027513756888335	-25465.363495037844
-25364.254930079045	-43282.98731964315	0.005002501250626303	-25453.893411267476
-25360.843815665914	-43409.20390308139	0.004502251125563773	-25442.10206518406
-25357.200765895057	-43536.18346170554	0.004002001000501242	-25429.953072831784
-25353.28170563997	-43663.888376169634	0.003501750875438712	-25417.40088857831
-25349.029438912694	-43792.26793843733	0.0030015007503761816	-25404.386833108383
-25344.36698030041	-43921.25168333047	0.0025012506253136516	-25390.83242478024
-25339.185414436222	-44050.73724811207	0.002001000500251121	-25376.62723901588
-25333.31914475918	-44180.56562135875	0.0015007503751885908	-25361.60415698021
-25326.485963155792	-44310.461212715025	0.0010005002501260606	-25345.479435141362
-25318.089972701335	-44439.834775747484	0.0005002501250635303	-25327.655627930493
-25305.322011676384	-44565.883832074505	9.99999999999999e-16	-25305.322011676402
-26303.84493748254	-28789.97677711871	0.3690702464285426	-27221.402228190906
-25981.86998052041	-29262.653297358218	0.4421141086977403	-27432.350572474574
-26538.071276015376	-29778.06267609628	0.8394415782963753	-29257.854770565973
-25603.45125652814	-34772.87238416699	0.05360536964281388	-26094.98146548585
-25174.51170240087	-30076.586081568443	0.5556740954743152	-27898.467448992626
-25030.639850837324	-30204.69314269692	0.6913742480868107	-28607.84705505784
-24906.51035917366	-30266.702767819414	0.6530262630620164	-28406.856777084984
-26280.169333608104	-28945.23816061198	0.22629438553091683	-26883.25944621255
-26219.838001827047	-29844.322968369295	0.8189570801446845	-29188.13562705479
-26239.429920867675	-29100.816813550344	0.2050937874465679	-26826.28259603793
-26127.995197207867	-29864.980684117523	0.81218981452355	-29163.13674669822
-26104.02028225577	-29100.99976026158	0.4208439004434085	-27365.280815328584
-25827.69666615055	-31728.838345973003	0.09150639459877406	-26367.688865287655
-26326.594037411676	-28748.356222860497	0.35881700936857686	-27195.56350219633
-33948.70244642035	-29151.231287472758	0.9631405906436828	-29328.06324079553
-25549.784384006292	-35915.79701348881	0.044219298544443564	-26008.162191184852
-25497.867190781097	-29788.346001326732	0.509407018625478	-27683.467210136936
-25220.82447667058	-30126.771947259534	0.7220827000370518	-28763.324272473397
-25007.318390896675	-30204.04885543462	0.587368505780491	-28059.714198796286
-26344.140403565354	-28714.621628604767	0.34856445947220843	-27170.405910460235
-25565.321118878746	-30011.567902959498	0.7621794879078171	-28954.15921588119
-25753.755107583136	-32525.706345245297	0.07871258615287813	-26286.79290280071
-26577.15179868664	-29770.444378619675	0.8416568463286398	-29264.808360917723
-25954.12932438834	-29297.278566550474	0.44650259144470517	-27446.854124600137
-26355.60674127023	-28699.24034226578	0.28205048375241426	-27016.629732169436
-26174.45219406633	-28999.570200471833	0.40633572849666816	-27322.398577288164
-32947.12490040262	-29189.1188625402	0.9561120602322968	-29354.05000517657
-26218.460067756478	-29186.43367311862	0.1954009885008916	-26798.405044088795
-25512.879898277733	-30027.510030312587	0.7567092231377183	-28929.14215824396
-24901.04809000344	-30270.047232416	0.6486343933477934	-28383.565591627033
-25363.340483323696	-30075.884339736884	0.7400476467490859	-28850.84747446414
-25953.363365901005	-30662.88016088469	0.11573042418084419	-26498.397742271278
-25458.84488624962	-30044.46688537176	0.7508863827092529	-28902.126001642417
-26065.278584790387	-29937.106592916396	0.14236745975081092	-26616.50090289933
-25355.971226413676	-30078.39149136675	0.739177594299697	-28846.678477133828
-25267.562849203183	-29998.47649247979	0.5413112804618995	-27828.459771199912
-26287.905469477308	-28818.021646712394	0.3751124008881974	-27236.983423246027
-25781.634472626436	-29498.539511625302	0.47164136596473366	-27534.680642381063
-28658.899673742795	-29476.151455024603	0.9074962021977656	-29400.552561495395
-25363.230715609345	-43321.6314356754	0.004849009198471176	-25450.311165890776
-26017.22409262839	-29217.47839486462	0.43632081305412423	-27413.56165176006
-25024.291657152855	-30192.00720618293	0.5835094477598991	-28039.70250334764
-26151.516031310573	-29033.377314031848	0.4113156873285614	-27336.870785598643
-26350.901522068572	-28712.642390316614	0.2768629845323355	-27004.780147543715
-27768.74681488312	-29580.259509482137	0.8877288603389344	-29376.878914749017
-26358.699768619907	-28690.61627685922	0.2858926539571562	-27025.37756796695
-32275.502442798574	-29219.04444495486	0.9508466113876713	-29369.279712700132
-26362.558263119383	-28680.08588389221	0.2914769952859373	-27038.064250514413
-25746.060577881373	-32617.814618406814	0.07741574066071619	-26278.04250656692
-26357.462349552694	-28694.047894136384	0.28430349831814933	-27021.761793997455
-27686.11471596553	-29591.28120722954	0.8854661991005907	-29373.07524763888
-25821.277795601152	-31792.26818513403	0.09036562084459844	-26360.85004920842
-24897.284986301373	-30273.75473903476	0.6312834268349995	-28291.36123608163
-26476.843317664247	-29790.21563959589	0.835844607311091	-29246.307704964638
-26326.935448532106	-29821.142532667807	0.8263558039558104	-29214.39375273115
-26366.755197819235	-28667.88089254453	0.3243279626283368	-27113.074606141206
-25409.476839338266	-30060.46469869861	0.7453794335180841	-28876.227535247766
-25831.80530663889	-31688.757996117005	0.09224027782752255	-26372.052249939006
-25843.31568057226	-29934.257382511732	0.7887387179964874	-29069.999793958366
-24994.437846210974	-30213.023026528313	0.5904722009200087	-28075.867323321494
-26038.054264039958	-29190.278985792193	0.43278596217609594	-27402.292873238774
-25422.95852632353	-29858.952701969138	0.5194359284386897	-27727.173279498627
-40003.176049633876	-29013.6778665411	0.9936093666642768	-29083.90771997284
-25612.945134880094	-34595.291818215264	0.05521749820819776	-26108.927846772563
-25138.83705613529	-30105.28489214027	0.5616037199037112	-27928.012635543422
-25833.034793777573	-29440.891572964512	0.4644522826562985	-27508.71211036795
-25777.20537132173	-32256.38882958914	0.08269798098138796	-26313.02076172845
-26181.50615704776	-29346.547192216327	0.18001682032623184	-26751.26678040085
-25746.85908873068	-29959.838526351898	0.7799500009615417	-29032.772405154305
-26024.78482963248	-30179.46496517652	0.13194601222195207	-26572.978305575278
-26471.786862408924	-29791.231361176327	0.8355405123186976	-29245.317219522523
-25337.725857703474	-29936.767278132684	0.531198267073256	-27780.728690433596
-26293.827393820833	-28807.69785180196	0.372950797610611	-27231.377386214648
-25880.609920252864	-29385.84588630802	0.45759813748791595	-27484.59936977536
-27150.6845444098	-29669.75318772328	0.8680832509988579	-29337.445841786648
-25513.983255573232	-36852.04816686571	0.037549019588876686	-25939.71647702731
-25038.774462793168	-30181.549966850638	0.5803875892716834	-28023.57753975855
-25040.821491989595	-30200.134846095338	0.693391890000944	-28618.247529700086
-25657.14917760993	-29984.771142892667	0.7713797771354277	-28995.38924471611
-26178.127253530176	-29361.793543536576	0.17870839424972923	-26747.07514404421
-27703.370007739013	-29588.95772774752	0.8859464316206139	-29373.899719788198
-26304.082188899374	-28860.832097569426	0.24058816811688175	-26919.205965759305
-26224.761592852217	-29843.236350624153	0.8193088085821858	-29189.409835527054
-25943.667825354874	-29310.157937099906	0.4481258778363165	-27452.279161907896
-26248.667607382282	-29064.28576583382	0.20960970610185722	-26838.848502070363
-26225.86328487695	-28920.616512040557	0.3939188102141976	-27287.377269942106
-33406.308221828636	-29170.825953424504	0.9594441960520361	-29342.59934192698
-25848.49703595423	-31529.97632611582	0.09525336271274493	-26389.677043524942
-24932.14118695006	-30253.996186803848	0.6093000236217269	-28174.74756407238
-25105.490101174775	-30172.340224937565	0.7049231727431029	-28677.230166231424
-24896.58118742119	-30273.070454681285	0.6427193395204392	-28352.15481821333
-26297.43586326567	-28801.352845268557	0.3715876252836541	-27227.860428515538
-25837.666901085548	-29935.722886036023	0.7882358608248881	-29067.90158809157
-25516.023304643066	-36793.86634467668	0.03794154731632711	-25943.922119972613
-32161.034325856053	-29224.555029559884	0.9498967282755953	-29371.6822496553
-26368.29213101411	-28664.976039029538	0.30445011488929646	-27067.517810673806
-26203.356165611378	-29250.43013044852	0.1888658472277248	-26778.84437154589
-26363.119879972037	-28675.760193782033	0.3308183684052087	-27128.18377529477
-29656.477463612435	-29383.978983958496	0.9233578328770219	-29404.86385797689
-26096.45554397899	-29764.346175950814	0.15118613727163305	-26650.98976056162
-25031.57253698126	-30204.27328399176	0.6915619682194957	-28608.815646594296
-25000.50758593692	-30208.812381130054	0.5889886360583184	-28068.139923433722
-26244.837443807934	-28890.202150505425	0.38874263087513944	-27273.20347951376
-26159.888923014096	-29445.91688799751	0.17190463384636884	-26724.772357143498
-25708.60837846513	-29970.327545738823	0.7763438279656195	-29017.16775050084
-26097.462204341	-29758.956371635853	0.15148411737151884	-26652.120416534628
-25966.684820250965	-29903.18213204187	0.7993578230526951	-29113.35474185693
-25009.173229955	-30214.492061898844	0.6868708532676561	-28584.555017582465
-25481.949109434376	-29803.50337304331	0.5115202398022899	-27692.511582674226
-25121.347919058877	-30119.08071654107	0.5646270000484153	-27943.20279554482
-35341.04775077497	-29109.345596443676	0.971655516582672	-29285.979974818845
-25463.898059529132	-38528.0869597548	0.027251690000826962	-25819.919285550328
-25767.464556627147	-29514.117126498248	0.473590877885745	-27541.845036325285
-24910.081051658737	-30267.089017506	0.6198338363133016	-28230.535850290762
-25635.532417902676	-29653.19886294916	0.49128713048703054	-27609.360236943594
-26367.26905093719	-28667.621695862905	0.30108674846631944	-27059.87474912377
-26789.74732802043	-29730.79589251769	0.8526862565747341	-29297.539018886095
-26291.75473191337	-28903.675845683087	0.23301155182623776	-26900.362523880565
-29309.888985399222	-29413.594618811887	0.9183702202967919	-29405.12915080243
-26353.5507310861	-28695.743824845293	0.341330178980137	-27153.011918984965
-25383.773779221487	-42430.15307758836	0.008472704453948508	-25528.202713026454
-26362.40065430669	-28680.51070248927	0.2912242695004501	-27037.490559710317
-29058.24164492669	-29436.630139982935	0.9144282323667018	-29404.250767608868
-25758.2453161923	-32472.832178885186	0.07947165175464843	-26291.864625020567
-24934.013933662158	-30251.42337423441	0.6662617970320655	-28476.800703093097
-25852.65368444334	-29931.84329434165	0.789566789891184	-29073.44633008822
-35943.58193678814	-29094.29687415646	0.9749833914688467	-29265.64275728659
-26059.141393867852	-29972.490936705984	0.14071839026985106	-26609.82164209929
-24896.366974321314	-30273.23610119513	0.6422465070160417	-28349.642389738416
-25475.392680538476	-38094.89678982282	0.02974419465713338	-25850.749667241525
-24903.816796664316	-30270.52638231141	0.6241862249637966	-28253.642993406396
-25899.684632724955	-29363.291144375427	0.4547845238450885	-27474.879270912665
-26335.19425513367	-28759.554220603386	0.2626330876890917	-26971.9113985348
-26173.625729380292	-29000.802501065642	0.4065202695860579	-27322.93039277326
-34690.30163181044	-29127.555933493044	0.9678328746635586	-29306.49347158557
-25979.96573460011	-30473.85476309236	0.12149782171500997	-26525.963462590902
-24898.893495650962	-30271.445321334813	0.6463049958900842	-28371.20058126883
-25200.058252327886	-30055.595089486404	0.5515919090920566	-27878.33308600296
-26368.590764495497	-28663.830675580415	0.3187281698627305	-27100.14838075149
-26318.417486330327	-28812.892303473465	0.2501020416310537	-26942.290730895074
-26657.168366130718	-29755.17285576394	0.8460044605155879	-29278.09398305774
-26261.05336203017	-29016.449201449184	0.21592024462335455	-26855.999105711697
-29923.658545374405	-29362.671025667918	0.9269048983771513	-29403.676465430013
-26142.457237964518	-29046.514038613008	0.41320811921448203	-27342.437086652506
-26368.097474571838	-28665.47815692737	0.3037141878285183	-27065.844582646376
-26187.019379050438	-28980.695772559156	0.4034777812190838	-27314.20573174747
-26323.58278137413	-29821.85403267724	0.8261321464176316	-29213.617118964263
-25386.231403781967	-42308.808631333406	0.008980555161750869	-25538.205542052983
-25501.099722833053	-29785.258639627977	0.5089788755743995	-27681.64611108537
-24895.541727423708	-30273.966949443748	0.6395125492887255	-28335.112152316524
-24989.181688168414	-30216.64211385162	0.591790065777699	-28082.740837333797
-26249.17129932964	-29062.31476483931	0.20986050880128201	-26839.5390183325
-26680.021029024254	-29750.890008945786	0.8472013371803544	-29281.665335119447
-26293.243003055468	-28898.426691030214	0.23390117884069925	-26902.59853876932
-26742.025224097284	-29739.441005194592	0.8503527550341663	-29290.885991536266
-25872.200724197824	-29395.69925857828	0.4588258651040709	-27488.87298742786
-26074.023983592044	-29887.481821367634	0.14476458925051805	-26626.077641101794
-26222.007622518242	-28926.706239293482	0.39492477450019753	-27290.1601138392
-37900.38354798597	-29053.948130626828	0.984658956177417	-29189.661684038183
-25546.92180980625	-35984.67121364645	0.04370096291265834	-26003.06150939509
-25472.873568784118	-29812.1099805929	0.5127289526019354	-27697.725709303017
-26064.88435945571	-29879.621994825353	0.8073125468406452	-29144.569915394837
-24947.284581492604	-30244.47428604495	0.6038414113866966	-28145.94708907257
-26324.954995173288	-28751.427186651177	0.3596443006828857	-27197.621889603823
-25661.686858681092	-29983.481622726977	0.7718228335145578	-28997.346739335368
-25918.025034503415	-30932.06518492217	0.10847566134927103	-26461.926355851887
-26528.768450455696	-29779.891933122777	0.838905097892121	-29256.152513941895
-25839.362655715784	-29433.666409310066	0.463552804543871	-27505.512241076976
-26369.301943192524	-28662.311131573777	0.31252027503220137	-27085.913805396798
-26103.124682616828	-29102.24631443239	0.42101503315958216	-27365.799975885275
-30400.939286694935	-29327.567090767796	0.932704571745512	-29399.80013236917
-26117.377918609753	-29654.639718030605	0.15756742413850333	-26674.735148848024
-25199.8760924174	-30134.72196818006	0.7191897226551913	-28748.966529153262
-24941.96525606941	-30247.857889884905	0.6056600845437684	-28155.53263724626
-26039.525208670195	-29188.341210591705	0.43253257493146513	-27401.490701966708
-26027.979309459333	-30159.564072656143	0.13273111760891534	-26576.36917257441
-25331.06615139613	-30086.958559638693	0.736196198324891	-28832.336061986516
-25948.07507736787	-30701.81211568974	0.11461706275478815	-26492.934453808968
-25405.616420929287	-30061.737088071524	0.7449405302099862	-28874.1494194319
-24899.739895938434	-30270.887792012334	0.6472878836434506	-28376.41885032408
-25803.584266599748	-29474.144527606913	0.4685953579552635	-27523.591766002766
-25311.24935415008	-29960.31850415732	0.5349591972245618	-27798.31165447943
-31640.628883878948	-29251.264067608325	0.9453570889867777	-29381.825916641923
-25487.25275298725	-37681.100078725045	0.032228130268351224	-25880.237653073513
-25466.150006896907	-29818.469073188637	0.5136263652060788	-27701.615829133443
-24902.78356834297	-30268.960876297315	0.6501984879668674	-28391.863940137
-25059.98552646258	-30165.9498935561	0.5760470464087092	-28001.261219194916
-26359.919761359313	-28682.5507341804	0.3349484787589118	-27137.88147242407
-29502.41705292892	-29396.855746584133	0.9211988080782897	-29405.174103344914
-26358.760047932643	-28684.9827402423	0.33625355495811804	-27140.96069784601
-38773.732019234616	-29038.00392112941	0.988527677491691	-29149.695333724077
-26298.55793120018	-28879.85159652626	0.23713264947278476	-26910.66693712627
-25943.34670653647	-30737.01530910332	0.11363024777255608	-26488.052457585665
-26358.864384003587	-28690.161686572566	0.2861100757990444	-27025.872031951705
-27449.672564206365	-29624.346614005575	0.8784311659247872	-29359.974025277865
-25860.703248604885	-31417.827596780495	0.09749143124707252	-26402.47525492648
-24904.468819158148	-30270.178577505336	0.6236715639479256	-28250.909415837184
-25108.024471006076	-30171.28769900272	0.7053393520165562	-28679.343275330488
-25002.61906239611	-30217.53858573527	0.6854169573071497	-28577.01333468489
-26306.05326605102	-28854.11794862775	0.24184696423526028	-26922.294974207285
-24943.16425933187	-30246.638774373754	0.6694717638106195	-28493.69069724163
-25377.70687188104	-42717.66650628501	0.0072840649053946774	-25504.012263314962
-24995.15655241467	-30221.040891839162	0.683708906700362	-28568.140220665133
-25655.372569672047	-29632.93271690538	0.48866398680510487	-27599.062968976188
-26334.530967099305	-28761.602635422227	0.26209824505854595	-26970.66219199806
-26056.322046113288	-29166.049005341105	0.4296012236579028	-27392.264553039528
-37165.08582302357	-29067.9577365136	0.9812031259014452	-29220.1584337156
-25819.22462452431	-31812.769503516713	0.0900021648381564	-26358.656638688273
-24957.429914066775	-30237.91707669903	0.6006004229673003	-28128.892737417107
-25543.3199928868	-29744.660752428317	0.5034132536317321	-27658.33061426321
-26144.42229137083	-29519.74796394845	0.16645639436033474	-26706.26683261997
-26250.541655399276	-29056.96337140199	0.21054529272610806	-26841.420537107973
-26112.81736654274	-29868.46765865939	0.8110337307352288	-29158.776434294956
-26134.588335487097	-29567.925705174745	0.1631345472892627	-26694.6842729824
-27746.81180280086	-29583.15956913307	0.8871372466321957	-29375.904304084
-24898.739260426642	-30271.548384406287	0.6461135181229818	-28370.183865724386
-26044.613295754833	-29181.62059589636	0.43165206112958276	-27398.70896263947
-25539.92385440007	-29747.947797292152	0.5038595557607694	-27660.176928896355
-28364.95662840219	-29507.853484533684	0.9017414603328624	-29395.55410846004
-25662.15658635755	-33765.49813131348	0.06345195152754499	-26176.329421279235
-24895.659716946982	-30273.842753894343	0.6401002158487508	-28338.235839771078
-25341.66559876171	-30083.294541261777	0.7374729893630354	-28838.488869437522
-29497.762799252807	-29397.251779346687	0.9211321880672504	-29405.17886356181
-26173.892599052506	-29381.049063460305	0.17709023796427292	-26741.84870052314
-25853.466460788586	-29931.633673321096	0.7896386763366999	-29073.745020372487
-26176.841350710427	-29367.623260773926	0.1782144955014971	-26745.484939067697
-25675.133555360204	-29979.678622228388	0.7731296447321009	-29003.10495364132
-26267.86136016739	-28852.208693996843	0.38184938379385047	-27254.692797099447
-25562.01840970376	-35631.53088737978	0.046410619867331936	-26029.350725554537
-26366.79992825556	-28667.782703476074	0.32422421102074145	-27112.834253123747
-31049.684570711463	-29285.208579624104	0.9396950229234887	-29391.615263818683
-25613.755331759676	-34580.42801499837	0.05535460230709631	-26110.101932158257
-25260.74500400556	-30004.349536578142	0.5423215289381759	-27833.303866788385
-25286.436267713114	-30102.68925668939	0.7306796596219027	-28805.57436235127
-24906.292373976183	-30266.832656753108	0.6528753994922332	-28406.057252588376
-26268.021133474478	-28851.94049746448	0.38179871832580303	-27254.558234903085
-25895.337481723887	-29920.941120270425	0.7933011909989184	-29088.853642672435
-25713.024424966145	-33036.32762106736	0.07189231271081609	-26239.51362841637
-30398.932888481562	-29327.707260656487	0.9326814690154982	-29399.82059627462
-26244.907908178568	-28890.087759736332	0.3887226424287167	-27273.149209775303
-26304.55812215885	-28859.20740813459	0.24089081976387614	-26919.949682866747
-26295.62896771004	-28804.535289219326	0.3722748080191441	-27229.631586887925
-34271.904329611476	-29140.49825269425	0.9652333225873935	-29318.90019244352
-26209.433003702074	-29224.44530517191	0.1914522950018934	-26786.664028277413
-25374.646635126046	-30072.061888816836	0.7413722720792715	-28857.180054654615
-24895.89118364147	-30273.62822766307	0.6409608754258699	-28342.810227187685
-24902.414410783935	-30271.26396619097	0.6253643675912025	-28259.901617693366
-26261.877368250214	-29013.313557622907	0.21635098695010385	-26857.153303351228
-26237.500293134246	-29840.434531656643	0.8202136206053038	-29192.676029715516
-26228.56764718161	-29144.69932444423	0.19997944282434554	-26811.734035203015
-26809.270599063082	-29727.300050307123	0.8536186843237804	-29300.155060052064
-24899.218470778735	-30271.229737383757	0.6466950990882196	-28373.271829138903
-25546.67283153102	-29741.41017064998	0.5029727170329661	-27656.511268227317
-25149.856311012518	-30096.498908088968	0.5597404061211892	-27918.692047236465
-40812.88341641133	-28992.273812524687	0.9967682905313734	-29030.474588506506
-25367.841726252467	-43142.61228453814	0.005562593986129035	-25466.71555806481
-26204.354848319606	-28954.222605430143	0.3993603597798985	-27302.543025146413
-25222.767607481182	-30036.640690377233	0.5480591604369406	-27861.05484774318
-26333.14275754234	-28735.958169891244	0.3553238162756458	-27186.920299664092
-26303.035190217946	-28864.414040110456	0.23992521249305485	-26917.574555053623
-27301.06395036559	-29646.380758823798	0.8735165433116712	-29349.736981860766
-26335.20000221435	-28759.536494697037	0.2626377393601281	-26971.922258048267
-27581.759924785303	-29605.58704070116	0.8824696891785131	-29367.726010718616
-26364.79514619781	-28672.15315093465	0.3281864657875328	-27122.038815078966
-25947.862651675998	-30703.385640306715	0.11457255569432334	-26492.715074146527
-26369.173627431646	-28662.68983698925	0.3095278360441054	-27079.080736708092
-28382.405549685325	-29505.90418804972	0.9021010813560271	-29395.91488625587
-25915.657831891545	-30950.878938061625	0.10800430021590358	-26459.483363895793
-24921.196298184746	-30258.33460314103	0.6610433269239165	-28449.27595954612
-26150.699265088846	-29859.804054816996	0.8138991875481087	-29169.536639979386
-26815.915898947136	-29726.115492095967	0.8539331844501569	-29301.03190491027
-26287.35635392008	-28919.309653300435	0.2304191477778989	-26893.80879015453
-25015.089689005505	-30211.764628253077	0.6881494510828187	-28591.17869590456
-25670.15414260332	-33643.129105396525	0.0647791583382597	-26186.636750145084
-25015.755660753148	-30211.45893202463	0.6882914781487269	-28591.913945358774
-25438.29002254978	-29844.657294970708	0.5173642483241077	-27717.986914285782
-26353.655186492506	-28695.53045692573	0.3412381752652153	-27152.792430473874
-25891.520364414177	-29372.979987324245	0.45599383036916435	-27479.044473140526
-33429.78094690415	-29169.93437675174	0.9596093012542222	-29341.99255627
-25879.69953972275	-31249.61623989931	0.10103929885118083	-26422.27215799784
-24916.0004030263	-30263.696017375918	0.6165097164884682	-28212.90671009561
-25455.940804628302	-29828.09635621786	0.5149923584910866	-27707.567503831306
-25608.355120670094	-34680.35312636947	0.05443939646348988	-26102.229216818352
-26264.062550347462	-29005.026658246577	0.2175001152029778	-26860.222559582748
-26312.523084482113	-29824.207468663568	0.8253907306008703	-29211.03482398131
-26077.833400534684	-29866.154060792218	0.1458267548201818	-26630.27190863829
-32564.054122859143	-29205.698015767462	0.9531706390803507	-29362.96768600317
-26183.892128119067	-28985.416736684936	0.40419832353288165	-27316.263678237505
-26367.570543390284	-28666.08637715869	0.3222570004278865	-27108.283361416492
-26150.69151530917	-29034.57790513722	0.4114895702282702	-27337.38068644667
-26310.737637378752	-29824.58831874145	0.825270516845612	-29210.61500530525
-25449.208637352633	-39133.803491315564	0.023933272480538597	-25776.725774778304
-25423.148906703023	-29858.775711183727	0.5194101335426404	-27727.05841756366
-24903.0431785576	-30268.800613740463	0.6504159020096785	-28393.0171407272
-24953.873796660733	-30240.23026581305	0.601706087875303	-28134.706666828675
-26251.587048364046	-29052.891780097063	0.21107010675904936	-26842.858737155566
-27671.905049653917	-29593.20340705088	0.8850675701614108	-29372.38391839036
-26327.75660679763	-28782.814660093263	0.2568429340282033	-26958.32092041565
-26732.543217853105	-29741.17583851142	0.8498797187120499	-29289.51906320609
-25750.91417130416	-29532.146205318084	0.4758527316792772	-27550.223763802875
-26276.315941687844	-28959.332506220293	0.22413610201881823	-26877.676816114068
-26128.359180684463	-29066.728354739444	0.41607878229254613	-27350.952248551213
-36574.54213093409	-29080.095062652006	0.9782771961991418	-29242.895465912214
-25709.951802793425	-33077.28405085791	0.07138132851621062	-26235.841766280588
-25122.33376153819	-30118.30800100714	0.5644542826029071	-27942.33281678024
-24935.4970319254	-30250.640353286613	0.6668057914982901	-28479.665381252515
-25179.726396272014	-30072.33044438561	0.5548306711036136	-27894.293183731137
-26363.706485689752	-28674.501556455652	0.3299453986667106	-27126.142686550676
-25425.42497132958	-30055.24167141889	0.7471794964388268	-28884.729081906382
-25454.73964864355	-38898.45555782686	0.025200792737774355	-25793.531946896397
-26678.034540551005	-29751.260935388287	0.8470980668987883	-29281.35867876
-26093.67475030791	-29115.338608629227	0.4228038809670645	-27371.245956584076
-26277.670294427586	-28954.363582661143	0.2248905964908763	-26879.633444641557
-26268.729129372317	-28850.751256260573	0.38157368005980147	-27253.960814324906
-32404.47129635578	-29212.98452340559	0.9518974925912178	-29366.503039546456
-26197.0909247395	-29277.557752365625	0.18625771077183367	-26770.851624161714
-25515.284499805974	-30026.768225765172	0.7569637906296142	-28930.314322371865
-24896.30913235577	-30273.281727191097	0.6421101807141594	-28348.917976920566
-26170.538304514455	-29855.318751676004	0.8153732414975785	-29175.009681923464
-25858.86983639306	-31434.465272899106	0.09715328027301366	-26400.55722252487
-25273.225663155838	-30107.443355320975	0.7289991312685004	-28797.36616110704
-25980.014070954636	-30473.52137096249	0.12150857022167921	-26526.01371825927
-25192.454964366298	-30137.57067642782	0.7181448669282584	-28743.764429349558
-25035.96042446766	-30202.30429718966	0.6924371360387008	-28613.32877948637
-25855.364336929924	-29415.265535292165	0.4612622627110081	-27497.41241871412
-25364.287026299586	-29912.83461351621	0.5274817209703209	-27763.562735520012
-29589.354301027135	-29389.534396577852	0.9224279953618895	-29405.03482713258
-25519.50804680881	-36695.970583557835	0.03860813941374911	-25951.01047058016
-25535.265258159467	-29752.447775714132	0.5044719098021563	-27662.715376774533
-24902.556462177658	-30269.10151058045	0.6500051395412028	-28390.838325218865
-25222.819419602532	-30036.597135977863	0.548051193983998	-27861.016044635595
-26365.775217267543	-28670.024268040856	0.3263994563332718	-27117.88085469641
-27267.99197971179	-29651.42521639865	0.872363723349718	-29347.212672423408
-26334.200416459338	-28762.62539595447	0.26183317963627123	-26970.042650348696
-31227.870811108223	-29274.53855832129	0.9414656639957036	-29388.87556473395
-26343.58124030636	-28734.111762251527	0.26979277107462674	-26988.52909416042
-25533.38635048294	-36323.55507962076	0.041217586083980594	-25978.13105893685
-26338.22428941745	-28750.263156046964	0.26512974407482787	-26977.72753682547
-27320.373924659096	-29643.459651143836	0.8741792771770979	-29351.167325857958
-25737.19441654272	-32726.372572752545	0.07592696188362498	-26267.861480007126
-24930.268433976507	-30255.14837029989	0.6100445862218965	-28178.682611412183
-25703.820781736053	-29971.654950951863	0.7758875037169546	-29015.17998156683
-25891.117978351907	-29922.009335326715	0.7929357283564352	-29087.355752420386
-26366.15780587299	-28670.519333201977	0.29827573221158227	-27053.492927717245
-25216.8134804032	-30128.2838883396	0.7215349665606511	-28760.611116957218
-25635.342488086495	-34200.06156042822	0.05898505975384021	-26140.532954343427
-25555.846745594627	-30014.41220389043	0.7612035066745663	-28949.722407187488
-25181.141123610265	-30071.173300828992	0.5546027868609041	-27893.166596935265
-26283.447452149314	-28825.723285591623	0.37668322569516377	-27241.080113697222
-25644.770162001023	-29643.789830326772	0.4900668610112301	-27604.557177979594
-39982.53261085112	-29014.139460877384	0.9935270909689102	-29085.136871954393
-25806.423695922385	-31942.970008714306	0.08775100406739188	-26344.911796375927
-24936.348692445314	-30251.385892024548	0.6076905896422595	-28166.24678222816
-25475.233356027937	-29809.87464528774	0.5124143831901672	-27696.36589861463
-26296.1952050071	-28888.075952077197	0.2356853584979633	-26907.063548064285
-26263.433465029153	-29007.408097471452	0.2171682711748917	-26859.337692104407
-26190.911521220874	-29850.74903153855	0.8168679503948256	-29180.515487052176
-26191.704743955816	-29301.155556549867	0.1840617233577826	-26764.035619218135
-27341.29518706285	-29640.314715713786	0.8748888866747805	-29352.681822927847
-25749.22504206179	-29533.976372985482	0.4760827142937585	-27551.079728614855
-26367.415471375785	-28666.42842319428	0.32268466832192716	-27109.27170320115
-26061.709133391076	-29158.83408510437	0.4286456417090218	-27389.278245771242
-26992.31530489234	-29695.631891238383	0.8617793114712838	-29321.977611362534
-25324.744622889422	-44340.01110069986	0.0008865465303698938	-25341.602541409386
-25234.17363827606	-30027.01914039644	0.5463150170457808	-27852.57711046475
-24923.91819382957	-30256.843016158295	0.662243784019805	-28455.61450806169
-25538.054733445904	-30019.795856952962	0.7593562689557112	-28941.2929514176
-26156.06607243059	-29463.948767628965	0.17053158069682367	-26720.164537202436
-26197.378764154786	-29849.306035601723	0.8173383975299086	-29182.239148094995
-26236.030081557597	-29114.44418718118	0.203470779372859	-26821.70324298666
-26067.150329122407	-29879.08973821407	0.8074908573476659	-29145.256550727187
-26122.752291174507	-29074.6922620221	0.4171969533550568	-27354.29265349914
-25834.47148496997	-31662.963049463746	0.09271809956502668	-26374.878146160623
-26331.59075359325	-28738.915625280533	0.3561812185029086	-27189.034659723184
-33467.54879651672	-29168.50838402532	0.9598739395897505	-29341.011939323056
-25706.097270879833	-33129.18330106472	0.07074076142929323	-26231.21202881026
-25045.278909753208	-30176.801302921886	0.5790294915010239	-28016.581711695784
-25862.282519298198	-29929.365057776853	0.7904164781830935	-29076.971575842454
-25247.956612404556	-30116.667769048305	0.725716715512909	-28781.261681785112
-26096.012716042533	-29112.109753661436	0.4223641289064503	-27369.903914033766
-26323.737985328487	-29821.821075688906	0.8261425113822186	-29213.653134622517
-25951.402973241642	-30677.25863087365	0.11531648376412082	-26496.372030456543
-38969.745690518044	-29034.391637463716	0.9893644712963621	-29140.05938067578
-26354.52580190746	-28702.289927145295	0.28079886843287516	-27013.775311621543
-26311.67992936708	-28835.16425047454	0.24552228898557013	-26931.251576104583
-26328.37239445403	-28745.010071244673	0.3578993892045786	-27193.28554290617
-27963.301252903442	-29555.315497466763	0.892713174676978	-29384.513343298535
-25958.699042691725	-30624.063605172323	0.11686444579693903	-26503.9142867267
-24899.004188093775	-30271.371658090306	0.6464398294679716	-28371.91649923761
-25265.459264291272	-30000.290983809093	0.5416223915113566	-27829.950143620343
-25864.479168651695	-31383.789290022043	0.09819014494560979	-26406.42102946882
-26045.29806439685	-30054.041991181144	0.13709360294570624	-26594.871212606427
-25321.953413898937	-30090.13029060934	0.7350887112747694	-28826.986409330144
-25896.959371514502	-31103.12732724514	0.10433869515511252	-26440.164142773796
-25482.986764657962	-30036.82184640572	0.7535127478539572	-28914.359550379464
-24897.584730154704	-30273.625557256815	0.630797653622766	-28288.778669670908
-25826.38207945583	-29448.456672093802	0.46539426011848023	-27512.074804590524
-25317.723540010615	-29954.588495937798	0.5340339180138842	-27793.966699725686
-32918.50793508548	-29190.3145092075	0.9558976421618939	-29354.736629765244
-25414.5052181999	-40816.72637597546	0.015567301295460802	-25654.276235582314
-26006.400100654842	-29231.438298843248	0.43812052880262553	-27419.355541453813
-25015.009556358535	-30198.621872933258	0.5855903044318863	-28050.482670878402
-26084.570801004837	-29127.848539335908	0.4244992787487101	-27376.440005958382
-26347.130728270004	-28723.611597218667	0.2731004246509351	-26996.148662754706
-29671.712069284036	-29382.729700697913	0.9235666130540489	-29404.817601896615
-26369.044226428654	-28663.0313576211	0.308364522226589	-27076.428472132757
-29515.640658755394	-29395.73282284931	0.9213876302266216	-29405.159061984283
-26240.921622783902	-28896.54179664667	0.3898439608109547	-27276.19910977204
-26173.985925114073	-29380.622915349915	0.17712564361584535	-26741.963565851973
-26335.732042694945	-28730.99615467623	0.35384712997036405	-27183.289374240536
-30102.18928753486	-29349.114685118635	0.9291491381159761	-29402.47066976279
-26055.357568043484	-29994.540472962934	0.13971480798087788	-26605.719751205863
-25149.14304798338	-30154.55371519469	0.7118086655821441	-28712.03773570169
-25656.83990678074	-29984.859145832033	0.7713495419620181	-28995.25556442576
-29336.353694599737	-29411.249626266595	0.9187681491112168	-29405.165691113256
-26198.014553597557	-29273.53692079334	0.18663853728048052	-26772.025549584378
-24899.512750094902	-30271.036192712807	0.6470342859121244	-28375.072585049413
-25445.034544688613	-39317.47983690079	0.022962315056107966	-25763.578004087012
-24895.661826187075	-30274.316808612984	0.6352240834496905	-28312.313007590685
-25849.66128410692	-29421.84524426902	0.46208131808763003	-27500.300756870114
-26330.359291847308	-28774.603163802374	0.25882021596291854	-26962.979018652757
-26156.367338077915	-29026.293013966457	0.4102857123814393	-27333.85683849163
-34429.015636004166	-29135.516850200926	0.9662234169720162	-29314.31315144814
-25978.715984062936	-30482.487110371003	0.12122027167327107	-26524.664343548233
-24897.54083320112	-30272.370122711847	0.6444428528481275	-28361.31115410509
-25230.18019022313	-30030.395415419833	0.546923506824132	-27855.530734698303
-26351.110718338965	-28712.039646049605	0.27708070073626173	-27005.27856001754
-26312.92998237697	-28830.996724185385	0.24635643529846107	-26933.2719287325
-26624.381854412233	-29761.377988824122	0.8442529703430457	-29272.800158844122
-26231.66551827484	-29132.082168764406	0.20141709805825755	-26815.8590231763
-31579.062219710548	-29254.613085086068	0.944794094391714	-29382.93640460341
-25275.51029754452	-29991.601933196693	0.5401405273127851	-27822.8625204811
-26281.670239024592	-28828.77736879294	0.37729693990095964	-27242.685964686105
-25880.444015012097	-29386.04081069227	0.4576224320094174	-27484.68374629568
-26995.086396535033	-29695.16733151079	0.8618952862553753	-29322.273426898646
-25558.556577991	-35710.366311165286	0.04579428965035297	-26023.451493387256
-25050.852340084464	-30172.707371118122	0.577885427760074	-28010.697725618436
-25056.20638459798	-30193.347758477896	0.6963196691204272	-28633.2989662829
-25348.092281862628	-30081.085956375373	0.738241362966521	-28842.183983046838
-26326.231215755164	-28787.662469012383	0.255705870480372	-26955.633636996896
-26267.351010971404	-29833.922432501557	0.8223045143251556	-29200.158791558737
-26237.490949954787	-29108.57665792461	0.2041656442280113	-26823.668013156283
-26744.51576601853	-29738.986282362126	0.8504764797747743	-29291.24250954778
-26002.118824919777	-29236.928016839986	0.43882581412153626	-27421.636602091992
-25424.244198110035	-40311.05071100636	0.01796359079331246	-25691.66469852692
-26308.30578820817	-28781.974303368832	0.3672369422424775	-27216.728249837262
-40006.58186719576	-29013.60143334425	0.9936229316905146	-29083.704420495756
-25467.634375206446	-38383.56949614633	0.02807157439639846	-25830.205008852965
-25772.369434215514	-29508.739919317195	0.47291747190676864	-27539.364318136868
-24938.257163676622	-30249.191110299733	0.6677923452573663	-28484.85819939903
-25326.025467297834	-29947.21331443205	0.5328528717499144	-27788.438682539105
-26369.105073270628	-28662.70253390457	0.3157101039301164	-27093.21696594122
-25310.33963175794	-30094.20203365939	0.7336636401164738	-28820.085535353293
-25548.358048133923	-35949.99851692019	0.04396130840286031	-26005.627772677908
-25971.418529546114	-29902.023567853776	0.7997514397954113	-29114.925568199764
-26201.74025828405	-28958.249119714474	0.3999954916802135	-27304.331375632777
-26290.50377751813	-28908.104006512374	0.23226872438393117	-26898.49044365371
-26292.809782001306	-28809.47964150135	0.3733287105546265	-27232.354895540153
-32659.19935717585	-29201.462195090684	0.953915947102561	-29360.808737373656
-26206.91480654362	-29235.174348502616	0.1903736086640469	-26783.41550351769
-25414.878899380128	-30058.689513126763	0.7459915096584208	-28879.122189696776
-24895.907721065356	-30273.613752134774	0.6410138845397364	-28343.09195395393
-24915.324830851467	-30261.606215144977	0.6582170151958774	-28434.338206018423
-26097.35236682355	-29759.543900568962	0.1514515617470793	-26651.996994026224
-25647.762165939355	-29987.448745589067	0.7704598962389634	-28991.316637805892
-26114.669171379435	-29668.573066905545	0.15671825084477764	-26671.630773556728
-25643.702925872385	-29988.610831696922	0.7700607068699967	-28989.545779116666
-25078.97975198076	-30151.70863315118	0.5723534295240631	-27982.373524164414
-26173.18782319543	-29001.45500166808	0.40661788576071506	-27323.2118436724
-25604.282165626835	-29684.686777080104	0.4954041414926394	-27625.73150910645
-30385.657856311092	-29328.63618195807	0.9325283602672292	-29399.955167559747
-25381.42246416134	-42543.726143829634	0.008000749230950231	-25518.73375212778
-25832.109837605673	-29441.945275667174	0.4645834727635868	-27509.17972152535
-24938.77503163102	-30249.867682992557	0.606798180438814	-28161.536388619155
-25771.959462962393	-29509.189973069108	0.47297381435669206	-27539.571632457773
-26366.181605881273	-28670.456989432452	0.2983304513939164	-27053.617121191986
-28395.41304135443	-29504.456797188068	0.9023675895100548	-29396.178181967207
-26368.9977762327	-28663.15263556703	0.3080218966406066	-27075.647707192125
-37233.89159215451	-29066.602639757064	0.9815349561912482	-29217.411988061816
-26339.093409134945	-28747.618573608554	0.2658632353190411	-26979.431701709225
-25770.04142641171	-32336.90332036029	0.08147465110433486	-26305.07420807152
-26352.075680969083	-28709.267472320804	0.27809888451683834	-27007.608088736244
-27423.14227260383	-29628.2062720917	0.8775840636738812	-29358.271297935375
-25810.811363122106	-31897.87425180248	0.0885198048789782	-26349.63698231416
-24909.993165862597	-30267.13848947535	0.6198877085064571	-28230.82170465299
-27474.37559398755	-29620.780865874654	0.8792087417749685	-29361.51387242257
-25979.29958230266	-29900.0999794183	0.8004044883301931	-29117.525818000824
-26369.2372970646	-28662.424161405477	0.314270823502636	-27089.919021366433
-25368.24756331884	-30074.221763850386	0.7406240603611406	-28853.605283671288
-25861.83005026113	-31407.638062508944	0.09769961496675933	-26403.653357737312
-25670.31678557163	-29981.037776795154	0.772662575514133	-29001.049568973234
-25003.20324905067	-30206.931849586123	0.588342006579987	-28064.775375587367
-26063.059439854653	-29157.0205476129	0.42840489019913697	-27388.527508504227
-25458.508552991243	-29825.67824830197	0.5146484024507908	-27706.065459914415
-38445.75484354801	-29043.981116668714	0.9871025679269098	-29165.239854677704
-25853.302174775297	-31485.437247981936	0.09613074013660172	-26394.723487911964
-24937.825962847724	-30250.46262319585	0.6071443537257942	-28163.363314574748
-25501.74205815189	-29784.64478552943	0.508893837675664	-27681.284863478613
-26083.44471344788	-29835.05179959634	0.14741194215303172	-26636.4764002121
-26258.648766165687	-29025.63313305001	0.21467122991346954	-26852.640703356086
-26184.80729810197	-29852.114380614294	0.8164221287936316	-29178.877953346644
-26126.1138945405	-29610.23617988549	0.16035539470050494	-26684.811698791822
-28662.578281896	-29475.769454177484	0.9075643987840852	-29400.60163926417
-24933.641624187563	-30253.068697605635	0.6087164744747375	-28171.664518544083
-26082.830322426034	-29130.22887230519	0.4248204089892543	-27377.427420738957
-25562.553952368064	-29725.93909889288	0.5008867441039171	-27647.93838286149
-28702.120580043156	-29471.68524368681	0.908291953862769	-29401.109972007795
-25590.345224741224	-35028.92559948827	0.05136072501400985	-26075.117555891236
-24896.329726786855	-30273.26543302116	0.6421591951813068	-28349.178432443907
-25293.98642726044	-30099.992678128605	0.7316298654154823	-28810.204133769083
-39231.744405593025	-29029.468667862377	0.9904663773726801	-29126.733314685764
-25847.383752592166	-31540.368764116076	0.09505074630077563	-26388.506226616642
-26559.795965553887	-29773.814551835047	0.8406806501912379	-29261.759200395456
-26249.12774963173	-29062.485094040552	0.20983880513766126	-26839.47929320774
-25761.806338448885	-29955.794624840655	0.7813402798902481	-29038.738319994653
-26192.963187939582	-28971.677538683496	0.40209021718125343	-27310.25704471487
-26123.404011661954	-29623.923709181727	0.15948238651622584	-26681.675247069466
-26331.004426719075	-28740.029734300162	0.35650007767769004	-27189.822135999253
-30837.524364601646	-29298.43511506449	0.9375077985770582	-29394.61619045445
-25721.989992832234	-32918.87176891052	0.07338546706180785	-26250.136523358353
-25102.91895075071	-30133.414359087863	0.5679110563656429	-27959.79291214198
-24930.29820313903	-30253.399140733163	0.6648516093463641	-28469.37042821163
-25133.041867257685	-30109.876701377016	0.5625961862967159	-27932.990164761868
-26360.92674778574	-28680.42703168381	0.33374341624272563	-27135.044696509853
-25469.375375849857	-30041.11819640581	0.7520370860472432	-28907.495524778158
-25404.82609363139	-41333.9139354218	0.013207435643609529	-25615.20849616324
-27181.254018167045	-29664.910307523685	0.869228633280008	-29340.119180101814
-26369.293930922267	-28662.351888597717	0.31158700662391303	-27083.780995969504
-26157.716964723582	-29456.144464956822	0.1711223535283367	-26722.151641506083
-26366.67553562706	-28668.05568451987	0.3245104164484645	-27113.497366150496
-29309.537153979632	-29413.625890636682	0.9183649097982874	-29405.1285972307
-26076.67986300344	-29872.59407440179	0.1455039396603433	-26629.000335374585
-25014.062069793163	-30212.23684415729	0.6879295616160243	-28590.040163524955
-25028.278553071457	-30189.144796703178	0.5826356698691452	-28035.183314034883
-26359.261048296972	-28683.933867316468	0.335699694938773	-27139.653004474276
-26152.502547613258	-29480.88472980379	0.16926751539037516	-26715.889529862245
-25651.114929757376	-29986.490830584866	0.770788969431455	-28992.774852454164
-26056.268887810373	-29989.21350845618	0.13995561686652444	-26606.706578294736
-25983.556512047366	-29899.063687072485	0.8007560473402684	-29118.92256085294
-25353.880950848285	-30079.104922135186	0.7389298242518444	-28845.48986950192
-25280.791566933956	-29987.016854779344	0.5393664784418091	-27819.171727192912
-25024.634201878685	-30191.761769718025	0.5834339214535214	-28039.311701433788
-36749.1753479842	-29076.40288754923	0.9791574232602455	-29236.32323636252
-25451.204200633234	-39047.84648767598	0.02439310964193087	-25782.86858670318
-25861.788921258383	-29407.82442076408	0.4603358686425528	-27494.156253160665
-24926.748045907087	-30257.297014588068	0.6114980369880834	-28186.36827632436
-25807.709751709175	-29469.52285941201	0.4680190435859789	-27521.508020166857
-26358.290527665067	-28691.748378479977	0.2853584875037151	-27024.16253062728
-26651.861570932906	-29756.172347905755	0.8457237315008231	-29277.250864972604
-26288.496771105765	-28915.23887618599	0.23108615559465973	-26895.500505907377
-27595.383356146016	-29603.694237440497	0.882870164815082	-29368.461114914397
-26369.091121905258	-28662.73258649724	0.31582733639801147	-27093.48579631938
-25534.39915823006	-36297.40554399164	0.041405385391911353	-25980.04558560812
-26357.30843082882	-28694.476501017205	0.28411102982259534	-27021.32365811853
-28102.527712312312	-29538.278353996677	0.8960177834430733	-29388.985819851307
-25780.607372381008	-32218.677267143306	0.08328088712240687	-26316.775544572873
-24896.504331235636	-30273.129335632464	0.6425549779188906	-28351.281492213995
-25864.499565811886	-29928.796016656033	0.7906115198233568	-29077.779159826452
-27376.205401105668	-29635.112471889533	0.876053938082883	-29355.12983622914
-26302.246563512144	-28867.11912169023	0.23942839897169874	-26916.349893683167
-24993.446467692454	-30221.848687526024	0.6833089693893939	-28566.06060008015
-25576.086537170748	-35323.24025032867	0.04888814528147199	-26052.606803980452
-25019.19852181585	-30209.88272622789	0.6890198563719911	-28595.683006812196
-25499.574612763507	-29786.715641703424	0.5091808334344844	-27682.504654930308
-26367.692579683106	-28665.816975837264	0.3219063063198413	-27107.473315512605
-25934.77567012382	-29321.030708597224	0.44949303213091146	-27456.873714935806
-37544.73467338347	-29060.605740792373	0.9830118449290279	-29204.73543874135
-26094.886220210043	-29772.771466267088	0.15072335123421185	-26649.229409950625
-24997.74739104905	-30219.820802867438	0.6843086210657328	-28571.25724659452
-25001.109382219445	-30208.39311451247	0.5888436471598217	-28067.38532693888
-26129.946390417	-29064.466222061048	0.41575989040469813	-27350.002034011744
-26356.29920018359	-28697.296280305283	0.28287475275016005	-27018.50817041186
-27288.002011066175	-29648.36679525378	0.8730639399290844	-29348.75138921887
-26316.104438174843	-28820.485456669736	0.2485059215191382	-26938.457951010954
-37258.44115899896	-29066.12174593669	0.9816529124981271	-29216.426947051434
-26350.559212897206	-28701.816580237424	0.3438369611165531	-27159.008400886374
-26366.15839387017	-28670.517792802144	0.29827708173830725	-27053.495990659838
-26229.883873880954	-28914.234548867862	0.3928542673555409	-27284.442491628288
-26112.460357412594	-29868.549935420928	0.8110064088575984	-29158.673077420586
-25406.622458177284	-41237.45031790959	0.013640995216352717	-25622.570705282797
-25605.31722087193	-29683.652152238916	0.49526799462291765	-27625.18598373065
-24897.617554062323	-30273.61118422339	0.6307465127667392	-28288.50678894262
-25230.09132710963	-30030.470452206577	0.5469370732302209	-27855.5966361856
-26216.82582587616	-29193.263363520135	0.19467648744631513	-26796.268230808048
-26648.836884696957	-29756.74286044725	0.8455632509763958	-29276.767965281342
-26285.46054802644	-28926.103330573816	0.22931808059875974	-26891.007682467174
-26397.359239284233	-29806.400864297833	0.8309368857395744	-29230.05767052961
-25953.974985567645	-29297.469273778705	0.44652666020958914	-27446.934323512367
-26110.678381964757	-29689.24549297221	0.15547997299657892	-26667.07389975064
-26254.343757466104	-28874.668019333454	0.3859883586872951	-27265.75841853278
-35221.73765922684	-29112.522459109485	0.9709733543902503	-29289.852483676987
-25621.163344840228	-34446.55661980866	0.05660510478585614	-26120.725655946208
-25305.401326748346	-29965.4779825114	0.5357983107134149	-27802.262526701208
-25293.278974061068	-30100.244723363478	0.7315411387614451	-28809.772172293015
-24955.441810018863	-30239.212208330526	0.6012148079545231	-28132.122815315604
-26329.887939240274	-28742.14649427759	0.3570999150176601	-27191.305264244722
-25636.43539221482	-29990.697792361214	0.7693438763093143	-28986.360505611345
-25780.826904370548	-32216.255133672017	0.08331854749008442	-26317.017436912633
-26860.8239064199	-29718.18080839222	0.8560210342857069	-29306.781516969648
-25874.600672411034	-29392.892687793134	0.45847623586947417	-27487.653952313045
-26362.408336664812	-28680.48998449687	0.29123652701857705	-27037.51838512492
-26138.57044364346	-29052.114644355748	0.41400832273731764	-27344.801991401393
-30428.206835827285	-29325.668052573703	0.9330175554488983	-29399.518795488424
-26081.510228522882	-29845.732274360584	0.14686264013435485	-26634.33381622655
-25204.23493136708	-30133.056751981992	0.7197984067846855	-28751.993025171287
-24960.68896439212	-30235.78378199326	0.5996127434210491	-28123.7030397801
-25915.065359958	-30955.60363044017	0.10788659224658322	-26458.87185704881
-25870.774367727216	-31327.711859941563	0.09936207243633062	-26412.986986109147
-25084.830705738907	-30181.017943618543	0.7014423752578871	-28659.51238663613
-25793.396031096538	-32079.83524627812	0.08548441755830855	-26330.788625922047
-25069.043171945017	-30187.772291002344	0.6986646902647123	-28645.31846646017
-25033.981934130567	-30185.02836546397	0.5814050431629966	-28028.826306874565
-26143.11020667288	-29045.571061657945	0.4130730087790937	-27342.0384449051
-25596.576334675337	-29692.37183068113	0.4964173947485488	-27629.800464225373
-29446.59780869466	-29401.63317435859	0.9203942222892595	-29405.212619044392
-25417.667618136977	-40650.32903495646	0.016345705755116506	-25666.656219523626
-25814.60919174181	-29461.767298715185	0.4670523599797687	-27518.02299282307
-24930.48556477804	-30255.01510086679	0.609957296239289	-28178.221204356967
-25728.984438657993	-29555.76723225825	0.4788270955495463	-27561.351729016584
-26366.503397663917	-28669.61528376438	0.2990905900377742	-27055.342490600717
-29304.963972468595	-29414.032600145663	0.9182958340544897	-29405.121238890486
-26366.124483021442	-28669.26207875067	0.3257004694516322	-27116.257479162156
-34054.52952448642	-29147.642985061437	0.9638343686510423	-29325.103634717445
-26364.897371246952	-28671.931767455393	0.3280102984008225	-27121.628411968246
-26045.4873799748	-30052.910230210568	0.13714232049851155	-26595.074648874892
-26368.990617124244	-28662.950762298082	0.31657607485210887	-27095.203515750552
-28438.043041469762	-29499.74718967595	0.9032317656219587	-29397.007953822194
-25952.370753187155	-30670.152574909327	0.11552065224453946	-26497.37198637993
-24930.002696573683	-30253.557167209892	0.6647363339560628	-28468.762778999804
-25325.7564016205	-30088.804188801278	0.735552016318765	-28829.22580530395
-25861.634211393215	-29929.531567575606	0.7903594017725352	-29076.735132297606
-26356.899892944348	-28695.61598618356	0.28360533034623064	-27020.1722431535
-25100.93742995549	-30174.237423767565	0.7041698642582558	-28673.40239793955
-25412.145952774314	-40941.9340602858	0.014987876199664785	-25644.904494336723
-25467.735533335923	-30041.63823258557	0.7518584205298601	-28906.662792451025
-25368.962263275593	-29908.591341244883	0.5268328033240083	-27760.587776473338
-26369.30229033167	-28662.31159820295	0.31246418613618926	-27085.785577518374
-25826.587120685777	-29448.223981748688	0.4653652828139835	-27511.971182783866
-41026.386149841004	-28984.884783860023	0.9975824446801412	-29013.995779546436
-25622.509029095072	-34422.623962330676	0.056831695706254216	-26122.634483160782
-25050.787604951453	-30172.75505256301	0.5778986163123391	-28010.765505723015
-25710.220505644655	-29575.742066276605	0.48135394589689334	-27570.90456180436
-26124.80627731311	-29616.831278146063	0.15993320460597926	-26683.29702626052
-26212.075627259714	-29213.2450568569	0.19259489229636625	-26790.08553031613
-25892.564750623325	-29921.642836730243	0.7930611286665054	-29087.86996507676
-26110.729452642663	-29688.979851535976	0.15549572423556005	-26667.13208991476
-26598.600844689783	-29766.308100133014	0.8428466935008704	-29268.492430918828
-24916.23484016986	-30261.093788354236	0.658679938047806	-28436.786201034207
-26147.743205659568	-29038.862895069768	0.4121086239835008	-27339.19856263401
-25680.370404286972	-29607.08358735622	0.48534456939889303	-27586.179323276672
-27502.031698816976	-29616.820563071895	0.8800667959863602	-29363.187158769437
-25662.020580052264	-33767.60644002482	0.06342936797922662	-26176.15276825168
-24927.396703889368	-30256.902862713414	0.6112245613231485	-28184.921767885615
-25241.735984917974	-30118.965719246924	0.7248940541427243	-28777.21082002113
-26030.17278476168	-29887.838403124046	0.8045514248710373	-29133.86315469113
-26215.032789919234	-29200.782997677063	0.19388653282153476	-26793.929545572577
-26003.506180647328	-29894.23243878447	0.8023925198902381	-29125.395827117107
-26205.06036523317	-29243.11053998195	0.18958548927420948	-26781.030594052514
-25814.339821156103	-29941.8166395047	0.7861437734184887	-29059.13002183001
-26216.902551480285	-28934.724453167775	0.3962353073324903	-27293.7995479704
-25713.087222913506	-33035.49435168184	0.07190275975022258	-26239.58850348665
-26357.03136453884	-28688.582145559456	0.3380633967727349	-27145.243341318794
-31804.432044065663	-29242.553903875945	0.9468271775318959	-29378.77619540917
-25655.282028744656	-33873.240679688424	0.06230973627345932	-26167.340864991154
-25163.811740556484	-30085.270426325715	0.557422308228355	-27907.142601028456
-25448.888638207467	-30047.653188938777	0.7497909528257377	-28897.00069252152
-24967.474841268413	-30234.379410365127	0.6767590402454926	-28531.900122514904
-26221.07825653566	-28928.169711125818	0.3951651384919698	-27290.826426099207
-26026.40138700054	-29888.73832275872	0.8042480827332974	-29132.678462454056
-25801.09756274276	-31998.381728900735	0.08682151749488487	-26339.15517839562
-32243.834191916736	-29220.556411370188	0.9505854629669249	-29369.950283218277
-26366.364310973408	-28668.737615997896	0.32519695520043035	-27115.089099502122
-26291.324937951606	-28905.195594544206	0.23275583248152734	-26899.718578625852
-26333.748195098637	-28734.801100580335	0.35498387114347885	-27186.083250306827
-30229.05178715296	-29339.795621951995	0.930688076832119	-29401.431676950968
-26118.161027519473	-29650.626212444487	0.1578142516923323	-26675.63437730763
-25065.662810578448	-30189.233048230028	0.6980551297708734	-28642.197297712504
-24968.063156140055	-30230.911803853713	0.59745883972626	-28112.398602857975
-26034.870472593197	-29194.465396883377	0.43333264875580046	-27404.026110131243
-26173.38658900007	-29383.361024768295	0.17689846955920024	-26741.226154011627
-25789.358095196996	-29948.418912881563	0.783875500058433	-29049.543973432923
-26132.469598056046	-29578.434387227542	0.16243263130868443	-26692.20672615825
-26012.207806252336	-29892.138033948442	0.8031005911298366	-29128.182065657602
-24995.737192232555	-30212.12445122127	0.590151280321748	-28074.194811778798
-26055.75755507807	-29166.803165501646	0.429700907713494	-27392.576677815163
-25461.940849884446	-29822.44251859578	0.5141890517877318	-27704.06306823795
-33941.197195435234	-29151.488570388257	0.9630910631581325	-29328.271623521065
-25342.544428845402	-43968.42642497878	0.002318798962334682	-25385.734104690604
-26150.61737684828	-29034.685810723728	0.4115051889547028	-27337.42650268849
-25138.298004317454	-30105.712854364014	0.5616956621683014	-27928.47337777901
-26319.461956327217	-28761.631692503055	0.3623003914870216	-27204.26100782148
-26328.29627641067	-28781.105746172692	0.2572489762434552	-26959.279001427203
-27305.094540022703	-29645.769566791227	0.8736555001875198	-29350.038151310593
-26339.85507862685	-28745.308538948535	0.2665129066175944	-26980.93947207053
-29648.260936984538	-29384.654534491685	0.9232448873029823	-29404.887673622678
-26316.47585061623	-28767.12509458737	0.3636768355424367	-27207.720212688117
-25786.770176092283	-32151.200808136717	0.08434025992562921	-26323.547909877547
-26368.472182480884	-28664.09288357114	0.3192356835869702	-27101.31622624983
-29558.005723209582	-29392.15782449027	0.9219880578479706	-29405.095941171196
-25902.20105660833	-31059.78625417695	0.10535625917967256	-26445.58493942461
-25020.314561371448	-30209.373258745167	0.6892539073489131	-28596.893543999144
-26719.721600472232	-29743.530820043175	0.8492350260999262	-29287.64630197576
-35454.62675714387	-29106.38457201656	0.9722975389639976	-29282.246503797156
-26213.761409834788	-29206.13162834321	0.1933295151250096	-26792.27489325354
-24984.275997680663	-30226.215293752804	0.6811045900183048	-28554.58491283272
-25691.100636632753	-33336.81875388806	0.06825206348611881	-26212.93667496863
-24952.574192631153	-30241.822770302682	0.6724697457966198	-28509.43383911306
-25507.40194101655	-29779.230685803224	0.5081450699968311	-27678.11065755065
-26358.095483938512	-28686.370022768417	0.336966908013735	-27142.64695629513
-25939.114973060077	-29315.733357857695	0.4488272849595764	-27454.633435053383
-32475.206286696586	-29209.7262797056	0.9524654485017526	-29364.94940726441
-25855.20542729352	-31467.936839364345	0.09647955869319762	-26396.71927699356
-24937.530326822663	-30250.647663889573	0.6072529361163573	-28163.936429687266
-25511.614607394324	-29775.195001011332	0.5075883707808285	-27675.758433083465
-25828.62906134753	-31719.70738204696	0.09167268146573569	-26368.68000773071
-26254.917986538792	-29039.980829280114	0.21275645351520062	-26847.4580797774
-26197.03123608102	-29849.383484796836	0.8173131666346339	-29182.14681814407
-26088.63808215912	-29806.59498916565	0.14890156227126905	-26642.247674069647
-29718.910790654503	-29378.886149664457	0.9242082513589708	-29404.65721178613
-25708.510478077118	-29577.551822566522	0.48158347388955863	-27571.776849378653
-26343.56041998772	-28715.764850327254	0.34895735885166074	-27171.35861265521
-26019.54908229474	-29214.464526599713	0.43593103380149656	-27412.311874838975
-26687.911162784752	-29749.419277121535	0.8476100820485192	-29282.87630676996
-25483.86227396685	-37796.19113231176	0.03152660214068751	-25872.028167309196
-25203.149397946738	-30053.031125602647	0.551106032177898	-27875.948473407276
-24956.507409334212	-30239.837517880253	0.6736503561573962	-28515.624618653346
-24997.31886555123	-30220.022297021344	0.6842099339824566	-28570.744435607347
-26297.793409492104	-28882.506967483925	0.23666240763968413	-26909.497943185383
-26355.10777406064	-28700.645813089897	0.28146764615798736	-27015.30084488023
-27377.937735115618	-29634.85579221358	0.8761111424800143	-29355.24879260349
-25522.376527266657	-29764.862754302354	0.5061684499186658	-27669.789204606604
-26345.81050650609	-28727.49776462996	0.2718466455473976	-26993.264198370045
-25963.571135465965	-29285.571651456197	0.4450230800391326	-27441.938036983527
-39485.59339850847	-29024.539031593882	0.9915167353819626	-29113.282923972096
-25674.977737312944	-33570.814099242736	0.06557909331440726	-26192.77952688723
-25154.108652322597	-30093.089389005516	0.5590292950162958	-27915.143571649514
-24943.13640284222	-30246.6531800991	0.6694624768341436	-28493.641880476047
-25250.116369817544	-30013.45975156008	0.5439078440737237	-27840.936199163967
-26367.200207372593	-28666.902675501595	0.3232492029030018	-27110.57719710936
-25365.283438051327	-30075.225387667946	0.740276155575606	-28851.941157497793
-25521.252334060748	-36647.656798935	0.038940002447494876	-25954.51455115477
-26225.359728596864	-29843.104485147214	0.8193514613564602	-29189.564181691065
-26147.828212573535	-29038.739524721303	0.41209083407811004	-27339.146266442352
-26290.618199462777	-28907.698366375622	0.23233648405767743	-26898.661403940387
-26278.68438854665	-28833.888158697442	0.37831285362721756	-27245.350818431423
-32134.025529031835	-29225.87371651984	0.9496701817296742	-29372.240468746088
-26196.186393785134	-29281.502730934444	0.18588597454939237	-26769.703427909295
-25430.06821605414	-30053.7310096005	0.7476996977220267	-28887.179489157334
-24895.3872578779	-30274.20298113262	0.6379977878407298	-28327.05979051735
-25005.162246933614	-30216.353256132134	0.6859859988930845	-28579.96631680132
-26112.656173412935	-29678.97886343504	0.15609175984348475	-26669.329758268235
-25605.559154831102	-29999.65747468554	0.7662673125073806	-28972.613065279158
-26085.475596072138	-29823.886282656033	0.14799184891356973	-26638.729905577937
-25697.9034410078	-29973.30015428643	0.7753219547025355	-29012.71237787578
-24998.31224201026	-30219.555393691116	0.6844384016759054	-28571.93155950797
-25626.273378557373	-29662.582873753116	0.4925085442735283	-27614.190292273648
-25200.931598646795	-30054.871207529322	0.5514544664514507	-27877.658275850674
-32636.23266467834	-29202.4773637809	0.9537369595588022	-29361.333324131498
-25530.964324611876	-36386.635300058544	0.040767098756454546	-25973.518535335486
-25321.96579220735	-29950.823649012927	0.5334296575871186	-27791.13585378259
-24939.036860908123	-30248.78354241571	0.6680653040025528	-28486.294391866035
-24918.42869823577	-30262.27411316413	0.6152836241998976	-28206.409272296896
-26341.003037060244	-28720.780547899725	0.3506346093650503	-27175.435394949178
-27768.97098564783	-29580.229966145747	0.8877348736751284	-29376.888747893092
-26349.79826076024	-28715.831386642796	0.2757314906998366	-27002.188101605032
-40744.68208254422	-28994.421918826047	0.9965068289375222	-29035.467587606534
-26133.31292730986	-29574.246054402076	0.1627114441422226	-26693.19212561585
-25418.10114176739	-40627.665858690954	0.016452476770021762	-25668.336151954718
-26295.406592983276	-28890.832842285083	0.23520617159151083	-26905.86686472967
-26653.794979808918	-29755.807989403584	0.8458261314115421	-29277.558643302647
-25640.064258920152	-34120.65826295299	0.0597743321775439	-26146.9861019801
-25109.666527698166	-30128.1909540809	0.5666960381877623	-27953.644437677773
-25363.445123055975	-30075.848829248214	0.7400599626609128	-28850.90643390375
-25124.52071868352	-30164.498196027824	0.7079959529395229	-28692.804375549633
-26323.334740641556	-28796.93812458812	0.25358756931313925	-26950.609810221322
-25013.151464448747	-30212.655814591588	0.6877339554501419	-28589.027157552704
-25533.730118416126	-36314.664416513784	0.04128136690346468	-25978.78182273804
-25088.80671606344	-30179.334026130204	0.7021251135467135	-28662.99378165671
-25467.523593797156	-29817.171143218737	0.5134428900476293	-27700.81920226076
-26368.429376765904	-28664.187578503148	0.31940966332259074	-27101.716731052875
-25911.678593872253	-29348.96057506328	0.4529935821071831	-27468.74527124445
-38195.1655615326	-29048.54027743268	0.9859916354468937	-29176.66953884301
-25887.635023013267	-31181.535801819187	0.1025467737386084	-26430.50746837212
-24899.52304131821	-30272.724178528973	0.6282381881481235	-28275.173188314937
-25312.679789058035	-29959.05412134541	0.5347544336076253	-27797.34906344938
-26365.82840639806	-28671.383465417417	0.29753745898534156	-27051.81740020948
-26294.892575621183	-28892.632956245598	0.23489486105059346	-26905.08844137347
-26436.359645685436	-29798.400498115534	0.8333792025756217	-29238.214570310294
-26245.020204190005	-29078.622959561148	0.20780780995173498	-26833.864987056884
-27910.384092849257	-29561.965043752698	0.891402104452125	-29382.606828157626
-25488.522934749486	-29797.25307768475	0.5106465097230414	-27688.76094357784
-26336.307676436758	-28729.888146971614	0.35351042849555203	-27182.46333421412
-25933.015264584905	-29323.175205675856	0.44976236306041006	-27457.78161084271
-27365.767498333324	-29636.661981993115	0.875708054195082	-29354.408087901385
-25415.13474545908	-40783.46081906326	0.015722146192018803	-25656.7578147149
-25063.91075737914	-30163.027421377363	0.5752699951569468	-27997.279575982106
-24991.104774058713	-30222.95808285463	0.6827558498941542	-28563.183226427213
-26455.18049003307	-29794.580347140065	0.8345341266278713	-29242.023633245095
-26043.9093588186	-30062.358082912117	0.13673694250628723	-26593.379750969438
-26233.179774510514	-29841.383269010763	0.8199075815529665	-29191.573175437177
-26232.845301517722	-29127.298512766534	0.201968953574683	-26817.434987764525
-25795.760827616217	-29946.719131409605	0.7844596007248286	-29052.01992123539
-26197.081745800504	-28965.393165429352	0.4011142950940814	-27307.491029485824
-25993.783766314864	-30379.982278225245	0.1246134828684941	-26540.36323943662
-26342.688062778536	-28717.48034286888	0.3495393225770074	-27172.77134762242
-31270.090809287234	-29272.067003576598	0.9418768158888988	-29388.19850909428
-25700.659250971075	-33203.40838934007	0.06983776950167059	-26224.634515925347
-25122.08663430088	-30118.50175841178	0.5644975518820786	-27942.550740048075
-26091.633144992964	-29873.3704615903	0.8094022675181799	-29152.579904204966
-24976.770353507032	-30229.83495062343	0.6792173933486062	-28544.74319625228
-26183.97051685305	-28985.298597859346	0.4041803401082283	-27316.212253388905
-26072.26604960729	-29877.889928286757	0.8078925429568118	-29146.80120249081
-25975.34846719669	-30505.866710524402	0.1204757778862663	-26521.166176789517
-29938.296400089515	-29361.539546207172	0.9270925246090297	-29403.589432338173
-26139.20934874214	-29051.195484772747	0.413877257221771	-27344.41418379031
-26358.789721379886	-28690.36781301451	0.2860112763409537	-27025.64734725691
-26216.90375210685	-28934.72257333929	0.396235001893342	-27293.798697883645
-29256.551386407536	-29418.36462946066	0.9175589778435604	-29405.02458030491
-26062.64440736008	-29952.2370210977	0.14165637873762615	-26613.63001178677
-25024.214146205057	-30207.59869860052	0.6900640630290078	-28601.081550672865
-25036.97958645365	-30182.85473282606	0.5807669205556416	-28025.533648776167
-26338.919997911664	-28748.145498812584	0.2657162293255727	-26979.09031360607
-26154.890313128457	-29469.5230314059	0.17011283598061447	-26718.751885068767
-25638.706706325243	-29990.044671422344	0.7695682019207815	-28987.35804007465
-26010.372242192123	-30270.995628657776	0.1284746275982875	-26557.754245104854
-26123.70018565812	-29865.965266410465	0.8118637521781692	-29161.909555763057
-24985.13131703616	-30225.805484232453	0.6813146815446003	-28555.679568338517
-25373.383841427232	-29904.570016005233	0.5262204498806508	-27757.786668706653
-25070.08533514108	-30158.408405048336	0.5740625568468546	-27991.101086714876
-39210.891453556214	-29029.865726897948	0.990379350120956	-29127.813810823667
-25410.52891110803	-41028.17079310281	0.014591869453772301	-25638.419502625864
-26051.120702971002	-29172.984751338714	0.43051658639084733	-27395.134956250582
-25044.8237889104	-30177.134598163324	0.5791236979057774	-28017.066603566745
-26135.92440632143	-29055.915293219	0.41454919274136265	-27346.404271296953
-26335.458750967726	-28758.73883179661	0.26284748584703405	-26972.411827716795
-27566.443899843613	-29607.72421789178	0.8820160037512025	-29366.88580850444
-26346.00048668676	-28726.937118886042	0.27202525936958005	-26993.675391603305
-27933.739924364858	-29559.018037092595	0.8919846839066404	-29383.46310800669
-26352.053262627156	-28698.792675049473	0.34261447953919594	-27156.080165028347
-26001.014514028004	-30331.987781420823	0.12627964583132095	-26547.928284339287
-26368.56243916904	-28663.89328746358	0.31885310880657514	-27100.435815887387
-28713.8902854321	-29470.47730941956	0.9085065876153995	-29401.254580829038
-25946.310334611368	-30714.907092976147	0.11424781562969892	-26491.112097873407
-24952.659213056824	-30241.779691785578	0.6724956793604406	-28509.569882618736
-25321.85007357257	-30090.16637469679	0.7350760990020152	-28826.92541901068
-26348.41233738851	-29816.60583405966	0.8277764680385025	-29219.30130053706
-26239.5112115899	-29100.492181481728	0.20513284663256964	-26826.39238210542
-24897.298243051024	-30272.542397263987	0.6440514285121248	-28359.23191917333
-25345.299978725507	-43896.40432471501	0.0025974528666478855	-25393.48559788848
-24895.38246062121	-30274.245618653797	0.6375905997328412	-28324.89504743209
-25870.935864139214	-29397.176652585556	0.45900989230866684	-27489.515268698397
-26287.698869615095	-28918.08576485147	0.23061910667530053	-26894.316345604926
-26183.5966676063	-28985.86193077854	0.40426607047498675	-27316.457433977495
-34767.29062253027	-29125.284407252006	0.9682985988032438	-29304.143909837134
-25967.58191903127	-30560.458077638115	0.11877709254393201	-26513.110395564934
-24896.619185454707	-30273.041547894765	0.6427986491965756	-28352.57621754144
-25262.934273132858	-30002.466123392926	0.541996521585373	-27831.744049916902
-26243.55415639035	-29084.417593633938	0.20709052900012387	-26831.870068426233
-26304.95170518513	-28857.865518241448	0.24114172214632504	-26920.56573855667
-26616.01455156653	-29762.97313165827	0.8437993893023727	-29271.4162796078
-26187.852437640122	-29318.191447621954	0.18251669276245502	-26759.191560967305
-35001.48238034776	-29118.573165386675	0.9696924905541342	-29296.86949198828
-25465.765430951084	-29818.83235576283	0.5136777474090606	-27701.839043209267
-26306.384092614964	-28785.430469017334	0.368035473099019	-27218.76109858862
-25956.105084758492	-29294.835378000196	0.4461941514081527	-27445.827014732167
-26694.71076910281	-29748.15508166283	0.8479605024461325	-29283.91094257249
-25567.464257811058	-35509.94697886039	0.047374641720723885	-26038.48581453526
-25137.06841748035	-30106.688396634287	0.561905668498715	-27929.526054051414
-25018.088717041985	-30210.390061043385	0.6887861223280313	-28594.473825735335
-24993.456152863146	-30221.84410692479	0.6833112438332986	-28566.07242899604
-26302.890896677123	-28864.90853053466	0.2398341494883117	-26917.350216867402
-26178.607142856603	-29853.50453505257	0.8159675290392062	-29177.204087439368
-26229.849452595652	-29139.468843481554	0.20057230744433815	-26813.438527610426
-26353.6466704751	-29815.505652531534	0.8281195578522201	-29220.479800042413
-26074.439139277525	-29141.654921693123	0.42635568037384247	-27382.164011042714
-25550.902316623364	-35889.15037038389	0.04442112206996388	-26010.138895409025
-26327.44296970618	-28746.760736275046	0.3583816428544518	-27194.482045476092
-36362.38417702098	-29084.712126370883	0.977190009749525	-29250.715754892368
-25555.80940470161	-35773.81138123579	0.04530314693178263	-26018.717049593783
-25468.09478207979	-29816.63123395589	0.513366615457131	-27700.488222571385
-25115.373564311725	-30168.249956649855	0.706533805836495	-28685.401552211762
-24957.400876237767	-30237.936027482632	0.6006093300393209	-28128.93955567603
-26333.28905958178	-28735.67874253479	0.3552419577978981	-27186.71867394748
-25631.83949708993	-29992.021826221422	0.76888913866823	-28984.336332572282
-25644.7848324232	-34042.54903859007	0.060562058251725476	-26153.370717461334
-27339.945494893782	-29640.516983704103	0.8748433687408486	-29352.58520619375
-25893.726630144305	-29370.366942668144	0.45566779328808565	-27477.919649408443
-26346.23830605097	-28726.23596888614	0.2722496886349318	-26994.19192870971
-26163.36543649903	-29016.011916805193	0.40877854018406	-27329.46610037978
-35832.72510059981	-29096.94794993926	0.9743851765011189	-29269.483692781225
-26269.85679876441	-28983.254581988447	0.22059643422818723	-26868.4226743863
-25817.94655652476	-29940.870003063817	0.7864688769824372	-29060.49752940889
-24972.964520682704	-30231.687036125983	0.678228267659239	-28539.578782432436
-33228.43702414821	-29177.71698504604	0.9581769644393571	-29347.13039328762
-25895.28339528442	-31117.096153588933	0.10401491748014319	-26438.429818436223
-25545.038255313375	-30017.67608293977	0.7600836004178417	-28944.61691870068
-26101.35049523407	-29738.245136270867	0.15264341400437806	-26656.498509616154
-25376.76208950323	-30071.349889148343	0.7416187729774889	-28858.356533111128
-25172.69443967679	-30078.065558407914	0.5559693149236692	-27899.930260004086
-26240.948830784295	-28896.49786330961	0.3898363715876821	-27276.178430197142
-25726.61913840678	-29558.297041313297	0.4791464904427291	-27562.554158091392
-28533.500757059814	-29489.38644464189	0.9051172274846174	-29398.68936039633
-25399.931428445067	-41596.342034979905	0.012042526354083337	-25594.977130015817
-25953.19100813553	-29298.437663205546	0.4466488630545305	-27447.341623259523
-24986.48458765667	-30218.489134390675	0.5924791748121793	-28086.338324119202
-26015.167467874715	-29220.13984844706	0.4366646433440399	-27414.665589364835
-26356.543320508914	-28696.612719430446	0.2831698519443484	-27019.180425741026
-28134.72104433997	-29534.430221228482	0.8967538266836896	-29389.91560495902
-26366.017999878277	-28670.88580396702	0.2979581565130179	-27052.772161790766
-31576.672317233486	-29254.74393096775	0.9447721217775121	-29382.979109125772
-26361.195442100787	-28683.774643083467	0.28937191660295297	-27033.2846369513
-25892.580613140035	-31139.737484329005	0.10349435370123636	-26435.63172229274
-26363.247647116397	-28678.233344026736	0.29261548722093267	-27040.648314727307
-27755.16598644569	-29582.05288494234	0.8873633217194824	-29376.278413101478
-25867.342537293498	-31358.179208317793	0.09872208972664538	-26409.409407804713
-24895.413725815157	-30274.300510053283	0.6368479072041711	-28320.94651744538
-25963.20951887161	-29904.034227528944	0.7990681925912896	-29112.19719613752
-25964.571176171852	-29903.70021405437	0.7991817384875485	-29112.651168793585
-26368.669567260604	-28664.002677793833	0.30610854382417274	-27071.29064331734
-25281.149243546737	-30104.58637659624	0.7300098837720778	-28802.30602442613
-25731.211850150274	-32801.13982725954	0.07492535622593746	-26260.928722326906
-25622.745617731292	-29994.651515250607	0.767986072433322	-28980.308457015228
-25100.803954143536	-30135.04565010961	0.5682950587913508	-27961.738634722446
-26201.89263366874	-28958.01479515904	0.399958621242876	-27304.227453355335
-25561.660085010903	-29726.81317348479	0.5010041348485087	-27648.419004613355
-38932.61484559641	-29035.07959944982	0.9892067883906946	-29141.90579177204
-25667.1419850617	-33688.85046404745	0.06427944605595698	-26182.772962513274
-25146.0682123198	-30099.527325457537	0.5603775458518463	-27921.875473617387
-25843.66852209451	-29428.733390077643	0.46293873741872305	-27503.333925642844
-25465.730325883047	-38456.755765375674	0.027654950189216713	-25824.996487319062
-26178.11113258694	-29361.866534905006	0.1787021886696059	-26747.05519116986
-25743.044072468885	-29960.875532934064	0.7795934672322796	-29031.237924934325
-25974.065346519696	-30514.82103039231	0.12019338651124697	-26519.834149484537
-26685.01002575901	-29749.95957982806	0.8474600558414849	-29282.4323460017
-25394.533717019283	-29885.225515216473	0.5233086214258031	-27744.551451182015
-26310.374030083978	-28778.2393863387	0.36636187269382464	-27214.50580355767
-25892.853652178546	-29371.401335270537	0.4557968665207645	-27478.36478617494
-27290.089191023933	-29648.04889475074	0.8731364975187862	-29348.909868026392
-25468.428985128026	-38353.306018961914	0.02824471604887113	-25832.358678273285
-25037.51223097292	-30182.46778799024	0.5806541386315257	-28024.951968230293
-25022.775554268217	-30208.252345719113	0.689766553611409	-28599.544009539248
-26038.999420697506	-29885.737787199374	0.8052588091128533	-29136.619376675524
-26198.014511887937	-29273.537102198217	0.18663852005455026	-26772.025496537786
-27277.847627173647	-29649.9164152389	0.8727096498118463	-29347.974948535684
-26305.74977957629	-28855.149230683597	0.24165221867628478	-26921.817813228474
-26343.293391560852	-29817.683840468355	0.8274397482040632	-29218.14214976748
-25908.477989813673	-29352.7960948178	0.4534732165661662	-27470.38399976698
-26234.030347083964	-29122.505409968482	0.2025257044494242	-26819.020793979245
-26214.962551647983	-28937.758326514122	0.39672717919620126	-27295.16963893796
-34268.37967561417	-29140.61173519447	0.9652109118725981	-29319.002105970598
-25853.940761139234	-31479.55658406953	0.09624769375212945	-26395.393310031763
-24919.5337528482	-30261.62203685352	0.6147464907649298	-28203.563778796917
-25101.372398334563	-30174.05580100601	0.7042421578884176	-28673.769904116663
-24915.829388256563	-30261.32183539611	0.6584749558252724	-28435.702291251102
-26285.961540430766	-28821.387202416394	0.3758030249827011	-27238.782173823733
-25911.876439448508	-29916.773796584137	0.7947258497614956	-29094.671894805688
-25463.548704947647	-38541.78949326485	0.027174538166258234	-25818.943858397288
-36944.64941289152	-29072.376419366636	0.9801275656361566	-29228.817647724718
-26348.40848960489	-28719.872693459518	0.27434337302243783	-26999.00397829234
-26166.23932794558	-29416.271661228366	0.17422533131869963	-26732.47728800826
-26368.434850758124	-28664.175468060876	0.31938766236580335	-27101.666079916675
-29131.302225258038	-29429.801554301004	0.9156034057440637	-29404.609227542096
-26065.572598155763	-29935.42310861045	0.1424471363479417	-26616.821721464654
-24977.924461443094	-30229.27557309315	0.6795128934327804	-28546.285249751872
-25055.779947378018	-30169.068967184612	0.5768881536762752	-28005.575809227415
-26361.539283604932	-28679.129504573153	0.3329722478714577	-27133.232509125628
-26130.3756947042	-29588.865294989617	0.1617436206472091	-26689.76432462508
-25602.24818863001	-30000.62736806206	0.7659343564950325	-28971.117915049446
-26060.909674384286	-29962.24794960001	0.141190796542876	-26611.742733045205
-25808.53791201775	-29943.342879473632	0.7856195447023835	-29056.921507983592
-25728.69806397972	-29964.793074238845	0.778246564491782	-29025.424452574665
-25340.739245125063	-29934.067261319426	0.5307739315515161	-27778.75801518627
-25049.70688099327	-30173.550621491042	0.5781191340164711	-28011.89898708556
-34733.21074273843	-29126.285851097266	0.9680929083979422	-29305.186517220718
-25503.88451681095	-37150.06792064868	0.03557941703375072	-25918.24893298764
-25646.447246512245	-29642.076611699933	0.489845129038937	-27603.686828494374
-24895.636453725467	-30273.86607000771	0.6399961417817139	-28337.68265776225
-25423.90537267261	-29858.072316376936	0.5193076567228309	-27726.60221772554
-26369.30249548564	-28662.31216945585	0.3124182398122188	-27085.680541699803
-27067.822067986985	-29683.125234435032	0.8648652079161908	-29329.706784800946
-26324.378963177012	-28793.58355343671	0.25434531959021683	-26952.409593820244
-29104.107219616428	-29432.3295588432	0.9151690332254673	-29404.486140489596
-26339.69585376502	-28723.328904776215	0.3514599362374262	-27177.447373886836
-25665.150541901334	-33719.32065291901	0.06394896948434818	-26180.206420552553
-26369.002744735146	-28663.13968357976	0.30805725765467407	-27075.728278799907
-29161.666755571663	-29426.997980030475	0.9160842089283642	-29404.73250043401
-25857.309789773346	-31448.679426513027	0.09686611189912478	-26398.92402667514
-24968.18624818619	-30234.02907658665	0.6769524330518262	-28532.91136294039
-26165.045723371666	-29856.55701979287	0.8149669702070722	-29173.505500101233
-32654.060475278107	-29201.68894209737	0.9538759483204341	-29360.92630511086
-26267.764046465167	-28991.084275252724	0.21946971941486382	-26865.450372953994
-24972.227795252555	-30232.04690552381	0.6780340968249545	-28538.564495147963
-25607.465535358282	-34697.00903336193	0.05428831506951316	-26100.921536615948
-24963.85051880976	-30236.17103641897	0.6757590252542084	-28526.668692617124
-25546.366533192366	-29741.707352584395	0.5030129594106655	-27656.677334491116
-26367.82040200646	-28665.534607463425	0.3215239193907049	-27106.590478984683
-25965.58619327389	-29283.06284887326	0.44470548486888556	-27440.886257943417
-35549.60848807115	-29103.954368944098	0.9728290445462215	-29279.08894988536
-26027.90431572079	-30160.0296832506	0.1327126189422416	-26576.289495043344
-24919.81808058333	-30259.095562642236	0.6604114134756552	-28445.93786944859
-25125.959083212656	-30115.461312266354	0.5638215712408998	-27939.148069707684
-26359.386205350078	-28683.671428916463	0.33555903679215493	-27139.32111620025
-26333.001723120815	-28766.34498948977	0.26087992912126834	-26967.812141978862
-26858.71034479374	-29718.55152088485	0.8559242140363711	-29306.517655708372
-26270.55636558491	-28980.64585001254	0.2209752308409802	-26869.41901500602
-33218.18534914308	-29178.12152391986	0.9581030432255122	-29347.38790337141
-25933.396819900332	-29322.7106247512	0.449704024159297	-27457.584877080426
-26369.300284975958	-28662.311241197767	0.31268684576357897	-27086.294648178282
-26128.90353259598	-29065.952915205773	0.4159695335515387	-27350.62659429801
-26609.24977942058	-29764.266231832407	0.8434306963061922	-29270.28750273578
-25365.34803575318	-43241.03707955695	0.005169461381458016	-25457.755719932076
-25369.781604606138	-29907.846774015023	0.5267192325120031	-27760.06780772664
-24903.35303077045	-30268.610004477123	0.6506706140367446	-28394.368080317097
-24920.073318306546	-30258.9543344846	0.6605297544050462	-28446.563084720397
-26276.606996363305	-28958.263285139972	0.22429787721326655	-26878.09680935152
-26787.73738546289	-29731.15713146533	0.8525895396646073	-29297.266271746827
-26304.3968085798	-28859.757833837706	0.24078814719430094	-26919.69745526418
-27265.272891642042	-29651.84231184092	0.8722679254977895	-29347.00084885538
-25774.100163078958	-29506.838762354426	0.4726795029496107	-27538.48918882531
-26054.097877659555	-30001.92100550558	0.1393828760284375	-26604.356819270317
-26172.74279140258	-29002.117808442854	0.4067169746679883	-27323.497638534387
-41516.041279424826	-28960.875262464164	0.9994370028904306	-28967.943784641877
-25440.46018322914	-39524.8827894601	0.02188440845099098	-25748.68944034027
-25620.80233645697	-29668.106010078962	0.4932295667218857	-27617.05217378944
-25443.36970272994	-30049.42798960292	0.7491805335038129	-28894.138907439097
-25087.163915570665	-30145.49670091561	0.5708101051745247	-27974.51138478116
-26358.71147577156	-28685.084288986018	0.3363064953188575	-27141.085763388786
-25483.13061046906	-30036.776633259604	0.753528273653453	-28914.431636851332
-25833.712029270675	-31670.29365296846	0.09258186362515666	-26374.07363319296
-26072.89512948051	-29877.74256228163	0.8079418545988601	-29146.990620803557
-26069.35113869511	-29148.543329375163	0.4272764555479043	-27385.01746387967
-26359.32958133869	-28688.879513051193	0.2867328363371757	-27027.28804064769
-26200.23013537279	-28960.56916761457	0.4003599447655298	-27305.359317855244
-29474.637184210307	-29399.225770749013	0.9207999195176044	-29405.19836076444
-26067.351684285037	-29925.25887959867	0.14293060008301248	-26618.764674775786
-25058.719562927632	-30192.250089951547	0.6967853807283241	-28635.688585680466
-25017.56999680212	-30196.804246036056	0.5850095027116432	-28047.471249373575
-26317.235058649025	-28816.76692942533	0.24928283337406748	-26940.325445504925
-25938.072435038586	-30776.727013573083	0.1125388731379314	-26482.60916881055
-25187.336519138375	-30139.545580596903	0.7174177530625507	-28740.139216705957
-25877.500647828154	-31268.705242669712	0.10062432457928162	-26419.986968852805
-25190.16250043624	-30138.454173588798	0.7178198689972669	-28742.144581018874
-24923.065573935924	-30259.518698855652	0.613105066654996	-28194.872022791096
-26001.605585152734	-29237.5849238476	0.4389101206982645	-27421.909667276388
-25464.26579761838	-29820.248491398474	0.5138781640493935	-27702.710186929027
-30127.705613750928	-29347.219754354872	0.9294622749026434	-29402.273451347326
-25452.55637722101	-38990.27601711774	0.02470307465484059	-25786.979676141684
-25658.39879583855	-29629.822281376655	0.48826306385981805	-27597.498194772223
-24898.99481645889	-30272.978406925235	0.6288623864157431	-28278.4909617186
-25399.786696126903	-29880.393498809466	0.5225895937412717	-27741.305184855162
-26369.170112094595	-28662.56367314784	0.31509797896209807	-27091.813788147163
-30237.554216040066	-29339.180104914554	0.9307896408562513	-29401.356899790997
-26356.23767397416	-28690.224952487562	0.3388483197308781	-27147.10534157167
-35306.895850138295	-29110.247913362975	0.971461070339573	-29287.093612961035
-26332.143351294628	-28769.018794554577	0.26020473968498253	-26966.22989165281
-26042.72002678919	-30069.50012594754	0.13643246444534127	-26592.10355949682
-26366.759103038545	-28668.94806395352	0.2997245663188833	-27056.781690932905
-27749.257845426946	-29582.835263578167	0.8872035361633464	-29376.014214639967
-25913.699375556003	-30966.521117521843	0.10761561083837284	-26457.461873775068
-24895.401347486688	-30274.16456432449	0.6383079698018579	-28328.708776471336
-25229.75793104104	-30123.421571437182	0.7232926195682198	-28769.308724788916
-25146.488623905458	-30155.615267851936	0.7114056856670545	-28710.009798635314
-26324.88146334218	-28791.97349933003	0.2547123104584695	-26953.280175942335
-24990.77325404916	-30223.11544948182	0.6826770206222064	-28562.77303490298
-25442.533899065344	-39430.063259809074	0.022374816232722913	-25755.5022980618
-25090.953499472475	-30178.427611410214	0.702491103886428	-28664.858804361244
-25530.673189363668	-29756.876014174566	0.5050758866871725	-27665.226328424866
-26364.115701073984	-28675.914004340764	0.2941372412148391	-27044.101676242022
-25963.029226154526	-29286.245719921728	0.4451083788129242	-27442.220732139616
-37866.337873857294	-29054.57802900337	0.9845031763803719	-29191.132317097592
-25868.159438175575	-31350.90450197385	0.09887418665998994	-26410.261397022703
-24919.521131811947	-30261.62950122777	0.6147525574487238	-28203.595914078556
-25431.15476431516	-29851.320918797035	0.5183270153688997	-27722.246294602377
-26270.411779143502	-28981.184669364608	0.2208968518280988	-26869.2129766143
-26273.507771595498	-28969.687403941793	0.2225854534083742	-26873.63813753172
-26262.068025771456	-29835.069537897867	0.8219374593367064	-29198.85181085485
-26183.683825955322	-29336.776148952864	0.1808683406360392	-26753.97840228812
-28161.206351290315	-29531.28936893973	0.8973518747469108	-29390.652915736922
-24960.48997958261	-30235.914390360733	0.5996723819625015	-28124.016301857053
-26129.484184361678	-29065.125323046566	0.4158528629216592	-27350.278956394388
-25621.251357438185	-29667.653318368182	0.4931704086814771	-27616.81706619956
-28259.956931328714	-29519.77307836693	0.8995245171374254	-29393.192442675194
-25586.80480386124	-35100.40779432822	0.05074999994988685	-26069.620155150682
-24898.295709345806	-30273.306021125514	0.6297630157417548	-28283.278412935226
-25245.845234923458	-30117.446506015443	0.7254381656054806	-28779.890724585755
-30243.606665508254	-29338.74263339229	0.9308618210868442	-29401.3032847368
-26027.047212519225	-30165.35654276268	0.1325014292639892	-26575.379113512983
-25591.804658051806	-30003.69841890653	0.7648801896839639	-28966.374794719864
-26115.239592500366	-29665.6323507919	0.15689648458333955	-26672.283735166453
-25413.639010148323	-30059.09640924984	0.74585124000016	-28878.459171636106
-26336.984804242322	-28728.582450378126	0.35311021002083437	-27181.48235135467
-25326.481263195332	-44310.54288937887	0.00100018542005489	-25345.468844847263
-26365.8240070605	-28671.3950224991	0.2975278266846977	-27051.79554055118
-29694.844267320586	-29380.840908443144	0.9238820551435929	-29404.742198798904
-25541.788345793873	-36110.56445505834	0.04276563741782057	-25993.7687928328
-25477.327504608456	-29807.88944784528	0.5121353936354615	-27695.161550070796
-25057.06279471329	-30192.97336885206	0.6964787436249872	-28634.115338759748
-24947.947962935945	-30244.049581764688	0.6036208878009302	-28144.785523977294
-26333.005371131978	-28736.220468038136	0.3554005208629996	-27187.10926831825
-25648.57671715323	-29987.215861522513	0.7705398974993486	-28991.6712787422
-25555.046746796535	-35791.56632403778	0.045166466994834745	-26017.39417042398
-27960.658906614044	-29555.645210386556	0.8926484562478997	-29384.42096841312
-26351.18276819026	-28700.55665536911	0.34333341632499814	-27157.801331100116
-26242.98514978248	-29086.67154556345	0.20681320208154694	-26831.097039009674
-26346.836946456864	-28709.277312893733	0.3466693863220756	-27165.822698512035
-31107.355435775928	-29281.712318239952	0.9402744967503538	-29390.74977218904
-26154.73959715627	-29470.238543485742	0.17005927851619815	-26718.570955890274
-25174.995488747336	-30144.34187390136	0.7156419055790839	-28731.268005301496
-24921.152036682673	-30260.66181607509	0.6139809202055204	-28199.509164480405
-25536.306506824054	-29751.442869708826	0.504335025268941	-27662.147410911577
-26212.524629168496	-29211.348032390524	0.1927901176759706	-26790.668145965126
-25946.035073540243	-29908.264269735206	0.7976287727198996	-29106.423084536185
-26166.8902924085	-29413.254388850757	0.17446608182930287	-26733.270716506107
-26315.32578091057	-29823.610146742878	0.8255791428310717	-29211.692180462058
-24930.191114410187	-30255.195806744836	0.6100757326562396	-28178.84725348416
-25886.965873155747	-29378.36208530469	0.45666514101576267	-27481.364816718644
-25334.53471165696	-29939.622264334914	0.5316484258838983	-27782.822260095727
-36919.33162674038	-29072.891942107006	0.9800027942663766	-29229.798810757085
-25352.777127714286	-43679.67042308627	0.0034401164660134826	-25415.823775110566
-26215.48764919504	-28936.93785936976	0.3965943713852077	-27294.799484555424
-25229.865768553263	-30030.660897624017	0.5469715135848272	-27855.76394671176
-26354.528218118565	-28693.743487840227	0.34045587385280757	-27150.927796901484
-26307.75172633279	-28848.363235201057	0.2429432613154899	-26924.976172032915
-27094.15058406104	-29678.83708916094	0.8659061716108148	-29332.24658050623
-26327.700934487468	-28782.99113656001	0.25680116049082885	-26958.22230772146
-28154.01540530199	-29532.139918061897	0.8971901601307032	-29390.4551575851
-26355.171139485752	-28692.423266859863	0.3398636766787821	-27149.518240820424
-25804.516508980345	-31962.726724584016	0.08741770805507984	-26342.8531317498
-26368.879641529362	-28663.459567660622	0.3072517488895962	-27073.893336800153
-28673.711697500577	-29474.61544926988	0.9077702628839853	-29400.748306788966
-25881.997593190696	-31229.770955470416	0.10147424322855132	-26424.658848085837
-24935.843944798406	-30250.45763738445	0.6669315942706802	-28480.327727727603
-27012.883448573644	-29692.193948212804	0.8626350886291337	-29324.15069889484
-28751.93731978894	-29466.596482716355	0.9091945069572925	-29401.701505069243
-26344.610436545838	-28731.05021556406	0.2707316496902148	-26990.695214805794
-25164.332137661844	-30148.52646380046	0.7140802081355888	-28723.44665945913
-25785.766365543204	-32162.118636881358	0.08416739763682696	-26322.447342637406
-25249.397833583993	-30116.136923124544	0.7259064598423186	-28782.195177048605
-25184.33333850652	-30068.558239426373	0.5540900186940466	-27890.63360516313
-26257.326531693456	-28869.750576150513	0.38509884725954546	-27263.36801976699
-25684.916584196577	-29602.34406727158	0.4847388516329545	-27583.84588369773
-35383.03424085076	-29108.2439175544	0.971893679592514	-29284.605184870758
-25969.659498779496	-30545.762289718245	0.11922903237230245	-26515.263806579314
-24898.616852390543	-30271.63054873802	0.6459583912174395	-28369.36013567243
-25253.872263508045	-30010.246810129123	0.5433456526020941	-27838.227695561865
-26163.01884092451	-29431.25777657319	0.17304214654214894	-26728.561921761786
-26305.19564593404	-28857.034586970527	0.2412975132585108	-26920.948036642374
-26673.67372451946	-29752.076115655644	0.8468708525503584	-29280.68298199402
-26171.14737862979	-29393.620502415462	0.1760538769251026	-26738.476265359204
-38808.62904570933	-29037.36397206827	0.9886774529862566	-29147.999580248317
-26315.914030045813	-28768.15457058228	0.3639309748143304	-27208.36032044247
-26362.149174654394	-28677.83311438214	0.33217152798064864	-27131.353447234007
-26131.97564701265	-29061.569079128632	0.41535063680519957	-27348.784144622354
-26293.38695350724	-29828.302732204764	0.8240947270770963	-29206.492407393496
-25488.37379276415	-37643.58412108524	0.032458642359611815	-25882.915417616983
-25387.605623332478	-29891.581869618683	0.5242594153931371	-27748.85757715506
-24913.473010730257	-30262.65582487615	0.6572412137386229	-28429.176416009286
-24949.5014730589	-30243.052715369944	0.6031095227624383	-28142.092636527625
-26247.553915868073	-29068.65144055926	0.20905687104868728	-26837.32373730321
-26903.214001636577	-29710.801767438563	0.8579335982632345	-29311.93787599091
-26299.131407628054	-28877.863449981505	0.23748661820102313	-26911.545759613193
-26423.27556120324	-29801.07175835771	0.8325672595877077	-29235.51808451392
-25910.914486258185	-29349.877019849337	0.45310820515275974	-27469.136627441258
-26186.379116320342	-29324.7419944967	0.1819313400681644	-26757.345680367147
-26225.52890737475	-28921.14580757815	0.3940066198993505	-27287.619810767457
-35067.655701145464	-29116.729348882003	0.9700803081768393	-29294.779231404053
-25637.61069494115	-34161.75700023268	0.059364382903527045	-26143.641380134162
-25259.188976798257	-30005.686748403754	0.5425528836076751	-27834.415029820222
-24895.96919869426	-30273.560644790596	0.6412039658044092	-28344.1021604071
-25448.362399793237	-29835.2200459443	0.5160090922375417	-27712.020831558966
-26369.20837637412	-28662.596323900514	0.30993335441234043	-27080.00579591981
-25269.49712382633	-30108.793527963055	0.7285205464551524	-28795.02398462647
-25365.045040269542	-43252.7382383497	0.005122855746063568	-25456.68111215315
-26165.44126034792	-29856.46775873583	0.814996273849641	-29173.614103214357
-26216.006934516634	-28936.125957861677	0.39646279596027634	-27294.432927856746
-26213.099248618346	-29208.92280761537	0.19304042555654027	-26791.41430333944
-26322.23044227151	-28756.505120024838	0.3609830664013384	-27200.962379910037
-31264.591770553547	-29272.387708928105	0.9418234416104126	-29388.28728484323
-26153.380739320073	-29476.699579140914	0.16957762674517546	-26716.94126109442
-25339.287465298214	-30084.11428216261	0.7371875659989466	-28837.114797509006
-24906.606222855407	-30269.020283444504	0.6221009057735323	-28242.56886708061
-24931.487683542626	-30254.398942876836	0.6095577349777691	-28176.109414270053
-25911.91464666226	-30980.83682034953	0.10726239913704691	-26455.61940005093
-25231.656406836635	-30122.712578793307	0.7235480050279773	-28770.570342535662
-25937.18832470167	-30783.43007133506	0.11235687607819918	-26481.696908073154
-25191.94946332876	-30137.765349557223	0.7180732948764522	-28743.407772605133
-24942.345889605596	-30247.0623736058	0.6691978081980237	-28492.25053381046
-25853.914053301844	-29416.941035246015	0.46147083834673924	-27498.14710171167
-25358.860333649107	-29917.748532141017	0.5282368386512055	-27767.033023384764
-29964.77395735472	-29359.502069096663	0.9274302313297693	-29403.426510010144
-25510.284537549695	-36959.22876146001	0.036832873884144315	-25931.982056255587
-25528.140058085843	-29759.316442073752	0.5054092817684439	-27666.615875352774
-24900.84217934432	-30270.17811971046	0.6484336753475981	-28382.50041733189
-25197.98258239101	-30057.313885452022	0.5519191006357449	-27879.940344867566
-26365.048876213827	-28671.60337923292	0.32774520540091073	-27121.011055574214
-27264.848788917796	-29651.90739966242	0.8722529695911156	-29346.96775072784
-26330.591153695805	-28773.87534799808	0.258998762902391	-26963.39873743906
-32342.815684540114	-29215.86216189043	0.951397609012359	-29367.83957959843
-26353.097860224618	-28706.34565865721	0.2792040558767356	-27010.134190029996
-25466.636356130988	-38421.81215807371	0.027853505908240164	-25827.48342187269
-26337.316562607928	-28753.03499541958	0.26437221381650183	-26975.965392647675
-27412.511662642555	-29629.761680771066	0.8772410717563744	-29357.57444489745
-25720.60463446717	-32936.824887275674	0.07315451300020573	-26248.5037127636
-24924.05903064915	-30258.92208427119	0.6126618705930423	-28192.52620843894
-25647.704694642198	-29987.465180775736	0.7704542503962517	-28991.291606885487
-26079.11831264266	-29876.286793872896	0.8084286838469674	-29148.85823026881
-26367.57475108589	-28666.829204830407	0.301982770459518	-27061.909981019046
-25228.870862108342	-30123.753209708786	0.7231730837379895	-28768.718023957204
-25594.04655957489	-34955.270943700525	0.05199712869088534	-26080.803348580524
-25641.524749313743	-29989.23545761252	0.7698461514092022	-28988.593105538133
-25182.19557267869	-30070.31011843683	0.5544331912102057	-27892.3285192844
-26292.69286642588	-28809.684145632393	0.37337195230590886	-27232.466814280164
-25639.344613671405	-29649.32165437085	0.49078376873898333	-27607.376258262673
-41175.037880816926	-28978.961184547035	0.998146135397727	-29001.571059420858
-25782.600723572814	-32196.734642463998	0.08362304844631215	-26318.970155013387
-24909.738346139544	-30267.28176100403	0.620044810665339	-28231.655338440527
-25364.872612488667	-29912.3036273761	0.5274003602235002	-27763.189367831816
-26365.993338219432	-28670.950493559372	0.2979028003456475	-27052.64652947194
-26281.622485340842	-28939.957752499136	0.227117726136054	-26885.377546525113
-26359.231550010103	-29814.334152207626	0.828484266697044	-29221.729695754766
-26244.333127548638	-29081.336391964876	0.20747115565245725	-26832.929473406868
-27221.00873237683	-29658.683215673813	0.8706861326192186	-29343.45810082323
-25585.43408950167	-29703.429725714304	0.4978816442716131	-27635.708527962543
-26343.40498851299	-28716.07085956596	0.34906182974809846	-27171.612078843606
-25980.25368734121	-29264.690029401903	0.4423733579048914	-27433.200820803457
-27009.107745395042	-29692.823289724995	0.8624788611473967	-29323.755671712304
-25438.77698031549	-39602.8193203878	0.021484272087332765	-25743.081119806106
-25133.979592444215	-30109.135058816853	0.5624349866544475	-27932.18109077731
-24967.93399719586	-30234.153248551742	0.6768839653889938	-28532.553366661487
-25482.066655910625	-30037.11114587497	0.75341340336276	-28913.898227563448
-26160.72232554511	-29442.0044730465	0.17220633646457456	-26725.779903072937
-26573.168551162245	-29771.216003687157	0.8414338717095979	-29264.114001051297
-26270.907408432242	-28979.338411742126	0.22116572237455231	-26869.919507780905
-26100.963307753307	-29871.205924458114	0.8101233779914857	-29155.324992245663
-26056.617835089673	-29165.653690762036	0.42954895641408214	-27392.1009423477
-26112.627597413295	-29679.126897436658	0.15608289413717596	-26669.297130099152
-26292.31403466495	-28810.34648806059	0.37351181625514085	-27232.828909722142
-33070.19664486804	-29184.05293028057	0.9570248804025052	-29351.06042118802
-25776.379339890296	-32265.595868131124	0.08255664295592882	-26312.107271875986
-24989.28822247812	-30216.569016042395	0.5917630305604501	-28082.59974646815
-25722.433627062313	-29966.51273370893	0.7776553316373443	-29022.864372236712
-25086.080976607864	-30180.48770217519	0.7016577592650641	-28660.610984454306
-26155.065999215672	-29028.196754460816	0.41056316520413516	-27334.667656134465
-26178.51478490396	-29853.52526847799	0.8159607437896123	-29177.17907251565
-25911.57091916093	-30983.60064991597	0.107194481260629	-26455.264515087707
-34336.41537366725	-29138.434701533133	0.9656419488099711	-29317.0271875511
-26331.924688091338	-28738.280325783046	0.3559983979655456	-27188.583440044946
-26323.49103251275	-28796.435282827475	0.25370057134132323	-26950.878401712835
-26301.655830827607	-28793.878159290096	0.36994475626412815	-27223.64041268668
-28339.660998935546	-29510.69514143219	0.901215759299114	-29395.015422830846
-25988.277210155815	-30417.04819292469	0.12336137705311921	-26534.616497243078
-24922.506994232404	-30257.614539858085	0.6616288727673798	-28452.368185737465
-25185.105186911678	-30067.925098588017	0.5539663309416354	-27890.02301803178
-25819.25054354663	-31812.510049131793	0.09000674881950241	-26358.68434647593
-26088.677794683685	-29806.378592959532	0.14891303816016735	-26642.29191552542
-25417.543215271944	-30057.816259618423	0.746292495872861	-28880.544167068838
-25910.651394130186	-30991.00502191711	0.10701296145154093	-26454.315081060744
-25715.321057586814	-29968.471919179832	0.7769817656640506	-29019.941723662934
-24896.098725064156	-30273.451819822643	0.641574211421243	-28346.069796367414
-25693.16366533433	-29593.715485480217	0.48363824234183744	-27579.61969179294
-25231.092505218312	-30029.62481454887	0.5467842932783122	-27854.85460274877
-35502.90495487097	-29105.144168390205	0.972568304363076	-29280.64559504279
-25419.380769878695	-40560.999288419225	0.01676762012215507	-25673.269677232172
-25921.252237652214	-29337.43765487027	0.45155116443315835	-27463.834740716604
-24968.27702924619	-30230.769600343694	0.5973979128846526	-28112.07910779083
-25941.860424428145	-29312.373418112966	0.4484046830667662	-27453.214235133804
-26358.43012313676	-28691.361894700633	0.28553969845439114	-27024.574757703776
-29255.131621825425	-29418.49240806274	0.9175372122545346	-29405.02122222132
-26369.17949358212	-28662.543871931623	0.3149980008121634	-27091.584687896044
-31013.02498124409	-29287.452742869904	0.9393233970516193	-29392.154604436484
-26175.906919030072	-28997.398487722752	0.4060099140784086	-27321.460468407942
-26170.60712125733	-29396.102805733837	0.17585107917591847	-26737.814018249792
-26320.036341066192	-28760.570762677125	0.36203046213704876	-27203.584145583372
-30868.67439463006	-29296.45654388114	0.9378345702396987	-29394.194142249766
-26065.793886473395	-29934.156738598882	0.1425071459403222	-26617.06323599136
-25258.29195482466	-30112.873732347754	0.7270704905296891	-28787.915109124868
-25703.049021668085	-29971.869237157476	0.7758138398311999	-29014.858824595958
-38638.265528832555	-29040.47889484281	0.9879429207639923	-29156.20016877912
-25997.32184542316	-30356.402734920823	0.1254255775937348	-26544.062083766217
-24898.680666385222	-30273.12700871451	0.6292552824607383	-28280.57941759772
-25417.053637978683	-40682.490067800536	0.01619450073609382	-25664.269759478226
-24937.721278429275	-30250.52816143065	0.6071827614410955	-28163.56603265331
-26002.675755702076	-29236.214898632108	0.43873427220502126	-27421.340198221933
-26295.33430326927	-28891.085853250945	0.23516234131973765	-26905.757315247298
-26231.998517944696	-28910.86469668854	0.39228775175034064	-27282.884908444143
-33167.68970713165	-29180.126043995806	0.9577375002091559	-29348.650452475064
-25915.289509048733	-30953.81539262452	0.10793111208518487	-26459.103210933055
-24902.055283691163	-30271.450251359238	0.6256843255909676	-28261.6015528681
-25356.996986978702	-29919.43296910786	0.5284966019651941	-27768.228900217695
-26287.41305243121	-28919.10698159659	0.23045222613625577	-26893.89277691664
-26288.28709938331	-28915.986408856523	0.2309632564196338	-26895.189088790867
-26386.6537789348	-29808.617082178975	0.8302547712756285	-29227.755138583387
-26195.224620732013	-29285.705284440974	0.18549202766671963	-26768.484145508177
-29339.251778666952	-29410.99370082657	0.9188115433470281	-29405.169084889112
-25074.19591570024	-30155.318793168124	0.5732683910666331	-27987.043052478115
-26264.149438349315	-28858.42116139218	0.3830144304757887	-27257.79294485002
-25873.174038256144	-29394.561567323064	0.45868414296605464	-27488.378659077556
-26876.980189226473	-29715.355853611563	0.8567565183135135	-29308.77704111085
-25608.469390114693	-34678.21768254974	0.05445879652384241	-26102.39696689488
-25056.21390228682	-30168.74770865573	0.5768009434864854	-28005.12822540696
-25087.447806629854	-30179.908792692153	0.7018924912352655	-28661.807934655517
-25157.122061957976	-30151.37761333025	0.7130090736965742	-28718.071586445894
-26320.687827143538	-28805.494071337533	0.2516950203123133	-26946.10118524811
-26334.50691455712	-29819.539006354855	0.8268590247117451	-29216.13715107013
-26254.14859695807	-29042.95459428333	0.21236501088286283	-26846.393412930243
-26536.15090445347	-29778.43978698242	0.8393311241458501	-29257.504877032086
-25999.92504434639	-29239.73409454218	0.4391858121304708	-27422.803213204275
-25737.544930738848	-32722.030383572972	0.0759857158131727	-26268.26605745914
-26295.9185385774	-28804.025989536087	0.37216530986088986	-27229.349125227847
-37413.92898554117	-29063.105884366756	0.9823947220163592	-29210.124446455142
-25503.883393921238	-37150.10202347615	0.03557919546139223	-25918.24648292828
-25630.83834361945	-29657.962103054993	0.49190654791760324	-27611.806890160347
-25066.535100189692	-30188.855602404346	0.6982129523202667	-28643.00562077162
-25145.189522499983	-30100.228598254504	0.5605258405951598	-27922.61696561915
-26362.469661127052	-28677.15004703941	0.3317361897464015	-27130.33291283035
-25432.314657029026	-30053.00174021668	0.7479507608204593	-28888.3610764125
-25675.728551745393	-33559.65625662202	0.06570358257813867	-26193.73084674283
-26195.771045263748	-29849.664415718235	0.81722162846459	-29181.811735702533
-26096.489679933995	-29111.450218642	0.4222741915404374	-27369.62970394324
-26333.062332722115	-28766.15651433768	0.2609278346673511	-26967.924329072794
-26238.47166970121	-28900.49121782002	0.3905238123240892	-27278.05369211382
-31874.073366386223	-29238.936958271326	0.9474403548928066	-29377.43879269089
-26188.694706717615	-29314.45538039895	0.18285269977562324	-26760.24848475272
-25372.14070498943	-30072.906612659506	0.741079728108424	-28855.783025746918
-24896.3311582382	-30274.13002162066	0.6331623818038734	-28301.3510954396
-24895.82073147816	-30274.285367408385	0.6346067490423606	-28309.030688925144
-26088.488852116287	-29807.40831665829	0.14885845032054898	-26642.081440474936
-25567.15877363587	-30011.018010908043	0.7623681822287347	-28955.015662435428
-26080.21176843309	-29852.925900447204	0.14649560684341933	-26632.897814649245
-25606.381662588636	-29999.41681179335	0.766349932412531	-28972.98385226754
-25154.60557703612	-30092.69027162418	0.5589464735455942	-27914.73060314559
-26234.429816789278	-28906.978782914874	0.3916305789013753	-27281.081715535318
-25665.085650509725	-29622.931067548554	0.48737631547381627	-27594.04576708104
-30467.30218232164	-29322.964371626844	0.9334631184155413	-29399.105041029663
-25323.926774564687	-44353.3985284653	0.0008348798491013862	-25339.814097071063
-25906.268692824615	-29355.4388032102	0.45380355834325464	-27471.51436224879
-24966.1437780184	-30232.185751816873	0.5980093582598996	-28115.28615933932
-25955.753599055857	-29295.27027127947	0.44624906678442716	-27446.00979754668
-26362.228844926834	-28680.974335277824	0.29095173881131325	-27036.871877205347
-28096.23453945379	-29539.034520887657	0.8958727132144546	-29388.799673446712
-26365.060639767213	-28673.40672745806	0.2959345316850977	-27048.17995819513
-38087.27054369772	-29050.511516026036	0.9855071634916935	-29181.479787179043
-26250.837135462032	-29055.81159035354	0.2106934183645901	-26841.826791788477
-25615.43170912303	-34549.81451535359	0.05563806414869419	-26112.523472825076
-26327.92431403974	-28782.283251307024	0.2569689006311412	-26958.618231903532
-26971.273590998073	-29699.173496351184	0.8608916962609846	-29319.699967747692
-25732.376723309302	-32786.48404028476	0.07512020723293569	-26262.282726803867
-24985.560198047504	-30219.120576772995	0.5927174655651114	-28087.582841607662
-25955.574790364535	-29905.910711510216	0.7984299772654306	-29109.641410075696
-25479.08874974881	-30038.048570866995	0.7530914753622158	-28912.402527551767
-26356.059103723743	-28697.969493022836	0.2825868510290437	-27017.852186027976
-25178.596314379887	-30142.937314067818	0.7161634599866895	-28733.875941270177
-25734.80424764782	-32756.094734285194	0.07552652951295277	-26265.09795080585
-25339.90419921761	-30083.901565449298	0.7372616436565389	-28837.471494947877
-25187.261861683593	-30066.154261919284	0.5536213274238295	-27888.32074866011
-26267.760719624916	-28852.377596059956	0.3818812754037332	-27254.77750882794
-25672.90313161405	-29614.84250120558	0.4863380458999106	-27590.01822167712
-36426.976648388605	-29083.290474543835	0.97752312192487	-29248.353613295363
-25750.349668938405	-32566.23493758205	0.07813804236564532	-26282.92960081906
-25045.80063581041	-30176.419042355865	0.5789216464478655	-28016.026691023428
-25713.47260704939	-29572.295439239555	0.4809170991281213	-27569.246489555644
-25626.736374713902	-34348.19051286031	0.05754247074831355	-26128.59039434095
-26211.509772188547	-29215.63825673181	0.1923493114192316	-26789.351817605344
-25910.99389042236	-29916.995385417675	0.7946501423154418	-29094.36354853626
-26027.324903159944	-30163.62961973589	0.13256980549005912	-26575.674014884033
-27362.228243744466	-29637.188528581228	0.8755903000715474	-29354.16140219554
-25182.873832918132	-30069.754563418748	0.5543242154051845	-27891.7901596316
-26247.995202191698	-28885.06497898271	0.38784078759913443	-27270.7584213762
-25769.214176458932	-29512.200826315628	0.473350834627397	-27540.960031167804
-27820.972009609282	-29573.42790169755	0.8891122380128441	-29379.101989842675
-25498.13054675829	-37327.79988919726	0.034436051884420664	-25905.497654010058
-24942.053115421524	-30247.802327664125	0.6056292721007703	-28155.370148781247
-25111.00372517099	-30170.053670825742	0.7058257598867355	-28681.811497367704
-27975.66315718729	-29553.776186190895	0.8930149268365964	-29384.941648322823
-26117.992073691938	-29651.49156112409	0.1577609485298636	-26675.44030445902
-27746.464620355262	-29583.205618483047	0.8871278312479085	-29375.888678588482
-26295.300423045654	-28891.2044496471	0.23514180474756247	-26905.70598081218
-26095.26042025028	-29872.527980394436	0.8096830923284579	-29153.65009889977
-26005.41850248164	-29232.69855016752	0.4382825566341186	-27419.87905275569
-26238.845653565782	-29103.151717765722	0.2048134033460896	-26825.493926799416
-26251.967393658575	-28878.570692680947	0.3866880966643775	-27267.64362404991
-32607.9702669099	-29203.732965830135	0.9535159014958187	-29361.975867865134
-25825.30897808577	-31752.316282175125	0.09108124262135657	-26365.148168368083
-24958.355418213327	-30237.312542106956	0.6003175417519123	-28127.405981842894
-25072.52178968292	-30186.27451527605	0.6992863158125044	-28648.499093139093
-24905.15509890965	-30269.809546271474	0.6231491517320039	-28248.134967118494
-26316.753367507576	-28766.616103358803	0.36355075136916437	-27207.402805877606
-25743.66078525654	-29960.70776135844	0.7796511490802028	-29031.48630589958
-25520.923502847003	-36656.73033665871	0.03887753001510156	-25953.85616727089
-29691.141634888303	-29381.14258046622	0.9238316906570104	-29404.754684339478
-26311.230045055978	-28776.68886760176	0.3659947473633454	-27213.575023948353
-26243.725118557024	-29083.740915044786	0.20717397008202704	-26832.102466211065
-26336.907037412064	-28728.732536008563	0.35315640661914194	-27181.59553575644
-30700.9635343893	-29307.262221692472	0.9360512423520079	-29396.38768917181
-26147.08136131008	-29506.88755420496	0.1673731702184094	-26709.422775134342
-25194.571791655726	-30136.756341831075	0.7184440211534523	-28745.25473316617
-24924.70178812033	-30258.53497648973	0.6123790604444599	-28191.02954458146
-25575.08140100236	-29713.647246521283	0.4992415243292326	-27641.225322256127
-26216.27834871296	-29195.55644994064	0.19443473964425206	-26795.553510652986
-25926.41110452853	-29913.137082523903	0.7959675638496242	-29099.71566896952
-26140.772767584236	-29537.5135352785	0.16521114191591485	-26701.952188607345
-26497.450677438566	-29786.095311317313	0.8370727319795122	-29250.285425629212
-25146.459685402155	-30155.626854610702	0.7114012821642104	-28709.987632151984
-25212.500167915885	-30045.244107588915	0.5496460490221126	-27868.798780292724
-24999.853590625364	-30209.267650824295	0.5891466194553551	-28068.96227353476
-40637.18476970422	-28997.639343392108	0.99609318610048	-29043.112881247718
-25417.142085469033	-40677.85252551848	0.016216281583727572	-25664.614063132605
-25998.823782863685	-29241.140965406597	0.4393661756825241	-27423.3882837073
-25000.593601157598	-30208.752474634584	0.5889678901637263	-28068.031944506827
-26044.434581957143	-29181.857119103406	0.4316830955299151	-27398.806854777762
-26341.605418613966	-28740.02719902644	0.2680316247573692	-26984.458305271382
-26389.356412108573	-29808.056763339253	0.8304274527461256	-29228.33903648335
-26252.950836799213	-29047.594151970865	0.2117579348132754	-26844.73873375969
-27126.123262264537	-29673.679153259785	0.8671469727887242	-29335.22864115115
-26364.27422494068	-28675.492089901705	0.29442746830504407	-27044.760249622545
-25393.036739998362	-41961.00816172319	0.010457648081328444	-25566.29875454827
-26339.357134742124	-28746.817925593492	0.26608744247568045	-26979.952219440245
-27653.450153591963	-29595.71186875136	0.8845455233468514	-29371.469058904186
-25704.811097126272	-33146.631551821774	0.07052711881480743	-26229.661252533046
-24908.44205394602	-30268.006536136836	0.6208660494012067	-28236.013680514854
-25621.17621701002	-29995.106670644167	0.7678297796523434	-28979.6102734386
-26584.774692876665	-29768.97074289421	0.8420817992916038	-29266.128231972656
-26264.31657948103	-29004.065991594725	0.2176343526265256	-26860.580169145298
-24932.872248671232	-30252.028270286923	0.6658359513886785	-28474.557558908535
-25496.219824196836	-37388.174701208554	0.03405274279650667	-25901.17350497138
-24928.44911525086	-30254.390243250135	0.6641220946775901	-28465.524293307266
-25673.80588352541	-29613.906195874704	0.48621803187242746	-27589.55370277582
-26360.98263098819	-28684.35375329344	0.28905809079308237	-27032.571851805526
-26053.091341020798	-29170.36048823414	0.43017060872938795	-27394.0489076509
-36426.00520434296	-29083.311750040135	0.9775181258911187	-29248.38925989988
-26060.120185596505	-29966.816354394578	0.1409796095054908	-26610.884685930254
-24949.45908034522	-30243.406351856494	0.6715061445311437	-28504.377201988922
-25062.565438229172	-30164.030281836298	0.5755354693993265	-27998.639401618762
-26291.74510917801	-28811.34034199468	0.3737211535897007	-27233.371146165366
-26344.99741664126	-28729.902618285836	0.27108874560164037	-26991.518376133918
-27045.086625484437	-29686.85819363539	0.8639519725589769	-29327.450382838677
-26293.598893586597	-28897.174540355616	0.23411487710339268	-26903.134686159312
-34763.040002076035	-29125.408961849625	0.9682729842579678	-29304.274170610657
-26261.907745738816	-28862.156137562146	0.38370718672034876	-27259.641740939456
-26365.736093234504	-28671.626060934545	0.29733652291903856	-27051.361398464327
-26218.605913644336	-28932.05470300361	0.3958006748475668	-27292.59077563705
-26192.030334496012	-29850.4991367898	0.8169494752213186	-29180.814502643487
-25388.839326762685	-42177.38895602051	0.009534880395725557	-25548.916139495363
-25578.80660768799	-29709.976927857813	0.4987522459385769	-27639.23708322748
-24896.638941387806	-30274.01679758289	0.6324816281263255	-28297.731642924522
-25146.299339031615	-30099.342790465584	0.5603385708029671	-27921.68062773312
-26230.528401915028	-29136.704004379124	0.20088747520981456	-26814.3426812104
-26603.5936996727	-29765.349788817024	0.8431210610914793	-29269.336848464507
-26284.733738233357	-28928.71661695663	0.22889848026795268	-26889.9374010276
-26532.598763194357	-29779.138020732626	0.8391264168600044	-29256.855617567784
-25929.988347922877	-29326.856403025813	0.45022445821786494	-27459.34142766917
-26064.799256839717	-29939.853441966017	0.1422376973154148	-26615.978041104543
-26249.004382874537	-28883.418455398736	0.3875498954365808	-27269.971281217946
-36405.848510932905	-29083.753922998316	0.977414367087603	-29249.128063511256
-25632.064015086027	-34255.96351935837	0.058436161428667865	-26136.011598662295
-25281.99401869644	-29985.97105555625	0.5391906697569625	-27818.334547722254
-26823.854431935044	-29724.703950691015	0.8543069926057097	-29302.070460305178
-24901.206275222314	-30269.947000857832	0.6487861175234517	-28384.37072659742
-26244.55725604644	-28890.656893721884	0.38882205054469365	-27273.419143112977
-25910.337436263253	-29917.160263999136	0.794593806869667	-29094.134040406192
-25979.859068200898	-30474.590603416378	0.12147410604826071	-26525.852563368124
-27756.26448884347	-29581.907564191286	0.887392979480398	-29376.327336944127
-25537.31474116666	-29750.469344312267	0.5042024905966195	-27661.597785341288
-26354.139731396885	-28694.53947531137	0.3408069870401536	-27151.764316589928
-25957.12430455526	-29293.573677987384	0.4460348019462245	-27445.296840037663
-31868.280662521458	-29239.23588497954	0.9473896136343603	-29377.550946498584
-26164.96946112474	-29422.169100041425	0.17375723263184448	-26730.931456512346
-25444.0414283127	-30049.211644353643	0.7492549530829979	-28894.488022471676
-24897.761754228446	-30273.547562500346	0.630526144493114	-28287.335253538924
-25973.535158043956	-29901.506299689085	0.7999271095630694	-29115.625759827293
-25862.782570340773	-31399.0457392454	0.09787581382435584	-26404.64883354312
-25183.194976605002	-30141.14967826351	0.7168254348978136	-28737.183011825022
-25911.497712947323	-30984.189564112294	0.10718002078846041	-26455.188931008637
-25132.011069918284	-30161.449526218108	0.7091741046775962	-28698.758584195784
-24903.114076728212	-30270.897884893056	0.6247633827156382	-28256.70884640351
-25998.969345947924	-29240.955074625956	0.4393423489501742	-27423.310971248273
-25474.863995709646	-29810.22464390403	0.512463607049721	-27696.578551344755
-29409.011969882402	-29404.884476200255	0.9198454563377484	-29405.215313572815
-25471.509191515695	-38237.51746059017	0.02891188916152456	-25840.59860762628
-25668.369359508895	-29619.537732811186	0.4869404091615134	-27592.352903870746
-24898.001916188558	-30273.44000397836	0.6301733737226423	-28285.459871208248
-25436.709838672756	-29846.134597446602	0.5175772609218455	-27718.92782755989
-26369.29131663678	-28662.322391676902	0.31312910599755067	-27087.306087188696
-28926.520833292212	-29449.245414730965	0.9122409273869552	-29403.371590231858
-26368.96796655791	-28663.000226133758	0.3167269692144524	-27095.54985141355
-32660.708083939084	-29201.395668121648	0.9539276848665386	-29360.774199888285
-26369.281421074513	-28662.391252113008	0.31118336904815475	-27082.859063894517
-26013.106380261444	-30253.40966220898	0.12912451288068946	-26560.63347600931
-26369.036548411474	-28663.05143619314	0.3083059130562489	-27076.29490295363
-28145.147017222305	-29533.191145427696	0.8969900469152132	-29390.208784901646
-25927.357293621964	-30858.875147598665	0.11035088413275126	-26471.554648924743
-24908.00328279841	-30265.81920732972	0.6540220106824444	-28412.1328266268
-25259.619710772928	-30112.38846157184	0.7272432574870878	-28788.763064935476
-25571.42484059626	-30009.743678224317	0.7628054770627052	-28956.99875888952
-26347.51212587937	-28722.493263564436	0.27346827337171636	-26996.9941168925
-25049.933182054796	-30196.101003350293	0.6951422840587423	-28627.25203549975
-25397.63339988609	-41718.816886940396	0.01150595061259212	-25585.42413102719
-25315.187578222216	-30092.4983062896	0.7342604025550805	-28822.977676543676
-25441.723601663365	-29841.444219761608	0.516901783628991	-27715.947036627593
-26365.55729248092	-28672.096469032425	0.29695413607218873	-27050.49364097043
-25893.554265144114	-29370.57122592173	0.4556932850523142	-27478.00754618348
-40059.261788989585	-29012.408848072828	0.9938324256350197	-29080.54113508493
-25776.516401150766	-32264.066798223063	0.08258008958433993	-26312.258894123916
-24982.52811355329	-30221.185971539482	0.5935069328312391	-28091.707870998944
-25593.94876618156	-29694.985266412394	0.49676277583016387	-27631.19104181705
-26148.383388921568	-29500.615953718217	0.16782502740353675	-26710.971910971595
-26239.64968195238	-29099.939333374237	0.20519940728659555	-26826.57942309213
-26040.996819756318	-29885.263512005564	0.8054183862214938	-29137.239895232746
-26130.117252700453	-29590.155881117204	0.16165889863449567	-26689.463286603117
-27249.976105622947	-29654.195490889568	0.8717260689271389	-29345.79681917984
-24899.060951794643	-30271.333977680155	0.6465081716401784	-28372.279363311733
-26084.217748440322	-29128.331675678426	0.42456449553670195	-27376.640442314416
-25589.272131443347	-29699.627939592116	0.4973773665617976	-27633.67007893237
-28017.83336693581	-29548.5646042212	0.894031784273508	-29386.35574624926
-25662.356395355626	-33762.40246255621	0.06348512845694522	-26176.588860439027
-24898.35647108316	-30273.278012171417	0.6296807518428229	-28282.841108171797
-25304.58645979622	-30096.231507905537	0.7329518464715647	-28816.631545444274
-27374.685770042543	-29635.337749118895	0.8760037106185979	-29355.025292130704
-26266.239812568863	-28996.811104020748	0.21865510008297215	-26863.293151584967
-26082.555315851692	-29875.48438018562	0.8086967861606367	-29149.88486031381
-26217.648312200825	-29189.823238167708	0.19504057729293564	-26797.343025576993
-26041.139819139527	-29885.229572524808	0.8054298037331812	-29137.284274741367
-26152.49140062712	-29031.955778831358	0.4111095566649094	-27336.266724583063
-25648.155575823053	-33987.53409339855	0.06112380494845362	-26157.890121722663
-26345.350528457904	-28712.22927308602	0.3477284496252794	-27168.381604778468
-33598.98948533654	-29163.626832896713	0.9607853219215148	-29337.558151473477
-25671.599960583535	-33621.3379073121	0.06501896260911405	-26188.483674894134
-25078.564196056148	-30152.022850453806	0.5724325234693853	-27982.77693631059
-25476.45040121284	-30038.88053348447	0.7528057391006973	-28911.073989032877
-25146.78443755512	-30155.49684330777	0.7114506862163895	-28710.236315688388
-26167.164355182955	-29010.399633526344	0.4079493302395888	-27327.06028269671
-26206.438587473225	-29847.2906833001	0.8179941724076644	-29184.63438445784
-25780.550651190042	-32219.303305365906	0.08327115759385412	-26316.713038163765
-40896.428111484616	-28989.512941168872	0.9970876147197109	-29024.19046564455
-26266.307843448012	-28996.55506639236	0.2186913519444059	-26863.389299776172
-26259.563236081016	-29022.134590709793	0.215144840890589	-26853.916210621523
-26357.150501727556	-28688.33503178458	0.3379432436346848	-27144.958563326025
-31409.485548270943	-29264.0565545032	0.9432124756190597	-29385.89015579436
-26123.58368247434	-29623.013806852716	0.15954003825265833	-26681.88289838017
-25056.803037284313	-30193.08688763231	0.6964305360122919	-28633.867952293447
-24959.222340669166	-30236.745348993223	0.6000543133716804	-28126.022785732304
-25928.866965269877	-29328.218212394117	0.4503953315184286	-27459.918897165982
-26160.93275994187	-29441.017637515917	0.1722826517152894	-26726.034480501545
-25828.855812976588	-29938.01665306366	0.7874485746364279	-29064.608659454978
-26159.427260569155	-29448.087028935446	0.17173787317760353	-26724.214694793132
-25899.110634747827	-29919.98764241544	0.7936273066523389	-29090.18842472339
-24961.810182744906	-30235.046986278267	0.5992782606592012	-28121.946362410465
-26016.932587931504	-29217.855886061487	0.43636960180041023	-27413.71821293014
-25450.40168126017	-29833.30505842537	0.5157352610181749	-27710.819498499903
-32130.111505449262	-29226.065407209564	0.949637273474978	-29372.32108667127
-25383.115140508144	-42462.22503423445	0.00833910222759184	-25525.5395838682
-26127.89566220533	-29067.388329393612	0.4161717107751073	-27351.22935431996
-25119.48571383958	-30120.538705814615	0.564954040151459	-27944.85080666742
-26273.40061343083	-28842.87149308578	0.38006664662094586	-27249.970794251458
-26328.483653788746	-28780.513159816397	0.25739042927567546	-26959.612580941826
-27513.87824368795	-29615.13429755488	0.8804303951760861	-29363.887941560155
-26348.369832745495	-28719.98548340211	0.2743053178252689	-26998.91661755824
-28754.7851604963	-29466.307463928813	0.9092456391679988	-29401.733712063084
-26326.26449141429	-28748.9746661636	0.35898472970863776	-27195.98044865904
-25951.35564241419	-30677.60655918526	0.11530650754490167	-26496.323129407952
-26367.08516799803	-28667.155842254433	0.323538619559072	-27111.24685883525
-29206.09860209642	-29422.9313927054	0.9167799444706853	-29404.886555830344
-25943.862637113692	-30733.15595086002	0.11373753257078793	-26488.585041376973
-24999.82558972382	-30218.84534451146	0.6847844407716968	-28573.729113882513
-26211.64354076404	-29846.13605268065	0.8183691990524311	-29186.000266703293
-29547.1935213537	-29393.066964667338	0.9218354677842904	-29405.114194872745
-26223.73642490411	-29164.53893003284	0.1977698630063498	-26805.33853347215
-24958.000303282184	-30239.087991487828	0.6740886855543985	-28517.921761322243
-25628.00022044743	-34326.154515512826	0.05775467813349109	-26130.359322114375
-24934.130196820402	-30251.361879764394	0.6663048111990342	-28477.027249425922
-25585.716872098114	-29703.149871381596	0.4978444925754617	-27635.55821433986
-26368.033955434763	-28665.062472425547	0.32084493692331445	-27105.023925079724
-25989.016682902104	-29253.618234594393	0.44096220491217664	-27428.58258129605
-32331.24235325885	-29216.406267655595	0.9513032672835722	-29368.088607971702
-25829.727077069812	-31708.981146778042	0.0918686982693778	-26369.84649524885
-24958.39437606546	-30237.28707263801	0.6003056767806949	-28127.34362893411
-25569.75111180782	-29718.886864387652	0.49994156213567187	-27644.076521465548
-25429.457924653827	-40049.90486834038	0.019238351743047104	-25710.73122559703
-26240.727335196505	-29095.6423249993	0.20571860026282104	-26828.036450768082
-26136.609578867396	-29863.011038530945	0.812841205239991	-29165.58223254838
-26032.788371002986	-30129.864165505667	0.13392424961977695	-26581.48617241711
-29968.949684761905	-29359.1818180579	0.9274832944499187	-29403.400174901573
-25815.670569700298	-29460.57127938788	0.4669033255715201	-27517.486832431423
-26358.312093168977	-28685.918345653638	0.33673695011191834	-27142.103123692094
-26062.399356369733	-29157.907332231145	0.42852264138705526	-27388.894610620562
-26640.26684788647	-29758.362640886597	0.8451066704588712	-29275.39040168062
-25445.870807166466	-39280.25696665104	0.023157822397969426	-25766.245064832736
-25261.456932864767	-30003.73732644305	0.542215775923379	-27832.796176115044
-24930.686933149074	-30253.191468342975	0.6650025163041079	-28470.165842093043
-24956.55214666863	-30239.81502551474	0.6736635671635872	-28515.693863895063
-26289.765839090614	-28910.723017000386	0.23183261001651898	-26897.389182386967
-27734.55035625781	-29584.788701877736	0.8868037417316249	-29375.348644248894
-26342.288588781845	-28737.97625026072	0.2686347000003802	-26985.853425017835
-27308.96864973142	-29645.18283370838	0.8737887509798844	-29350.326323570138
-25610.514939948138	-29678.448089778485	0.49458412371113525	-27622.450092172458
-26295.594616116654	-28890.175001085794	0.23532024741519403	-26906.151914246202
-26038.489282960974	-29189.70614411913	0.43271107895713906	-27402.05573098065
-39851.51645795287	-29017.005667940877	0.9930026873071426	-29092.81812781273
-25558.577587084787	-35709.88415823158	0.04579803859496802	-26023.48751721952
-25337.451340991232	-29937.01305121758	0.5312369595417904	-27780.908519156714
-24895.616631163128	-30274.32267787865	0.635430460655123	-28313.410292156066
-25592.129912735865	-29696.792248960843	0.4970018233653958	-27632.154578138943
-26365.501593149882	-28672.243150125825	0.29683676910543766	-27050.227304083866
-25177.494159334037	-30143.36677637328	0.7160041238876386	-28733.079431834834
-25418.65505497091	-40598.76532751246	0.016588898676854417	-25670.47636618558
-25720.827263225186	-29966.954587794717	0.7775034207110265	-29022.205782852554
-26288.918742114613	-28816.262844760342	0.37474881966346857	-27236.037961464528
-26218.964270885397	-29184.33116133215	0.19562538726700784	-26799.065317217806
-26338.172189024746	-28726.286660404454	0.35239714480155376	-27179.736910198226
-30648.67943470103	-29310.709047070133	0.9354829156618167	-29397.030995410907
-26141.03963340973	-29536.209926061438	0.16530169466198938	-26702.2670364511
-25219.751446683673	-30127.175955887837	0.721936446787142	-28762.60005973466
-24925.107239095138	-30258.290351727326	0.612202197758039	-28190.093661694624
-25576.006550146918	-29712.736381776784	0.4991200166094387	-27640.731212418777
-26025.824552828366	-30172.972531211362	0.13220090055128203	-26574.081250290026
-25386.987199256084	-30067.922490830068	0.7428044163023777	-28864.006606262898
-26002.765006113645	-30320.482989562657	0.1266868695145767	-26549.76318088359
-25409.54248706283	-30060.443088798253	0.7453868863364675	-28876.2628052508
-25448.212353356474	-30047.870340847232	0.7497162765896256	-28896.650813323777
-25609.6542341144	-29679.310828342426	0.4946973901381738	-27622.902730037615
-25193.271994671482	-30061.205952340053	0.552664469560729	-27883.606133243044
-31477.97816035812	-29260.203119148497	0.9438568671700531	-29384.71595787407
-25566.61900322995	-35528.62747911202	0.04722544320386234	-26037.079268704114
-25317.989984855463	-29954.352273010496	0.5339959191509178	-27793.788526435463
-24959.172492492322	-30238.50097737067	0.6744292816910952	-28519.706210360164
-24938.410510793117	-30250.096352762826	0.6069307103780553	-28162.23577216485
-26339.890401293662	-28722.95027538884	0.3513383847573497	-27177.150808238315
-27817.571825957053	-29573.8695804659	0.8890232292525491	-29378.961327199508
-26357.875390869314	-28692.899635519025	0.28482546843661133	-27022.949765162513
-36051.15159760413	-29091.771592577687	0.9755580976137045	-29261.872079329678
-26311.53407798826	-28835.651536910525	0.24542539932176258	-26931.01661327929
-25575.066834429916	-35344.96365199591	0.048709924324459204	-26050.95776907133
-26332.7852658202	-28767.018445168018	0.26070909261276665	-26967.41198921586
-27121.572914137145	-29674.40994825658	0.8669719154820832	-29334.81092752127
-25734.662970423753	-32757.857715814644	0.07550287232424231	-26264.93434659329
-24957.45341854381	-30237.901736372747	0.6005932146170792	-28128.85484836804
-25707.46015802264	-29970.645600357	0.7762344882884514	-29016.691728331825
-25601.1862510653	-30000.938824894878	0.7658274393166452	-28970.637498308024
-26359.516406001207	-28688.365628769825	0.2869865471847278	-27027.86480335741
-25168.1533197091	-30147.02256222748	0.7146428521512832	-28726.266635670734
-25654.494113638495	-33885.744944746635	0.06217871989717471	-26166.302753469354
-25396.88432404715	-30064.626989322875	0.7439430483659637	-28869.41903144024
-25222.44679180492	-30036.910344028576	0.5481084970221101	-27861.295173381957
-26301.406202662394	-28794.321991141074	0.3700434826331342	-27223.89344294217
-25695.76022775654	-29590.990541778756	0.48329121900452277	-27578.290834523705
-38946.2014424058	-29034.82809508028	0.9892645309120021	-29141.2313372701
-25934.51775421384	-30803.758920000422	0.11180875291606007	-26478.94153660798
-24896.166065896163	-30274.185971615367	0.6335736433557593	-28303.537731602475
-25287.713808305933	-29980.987049201813	0.5383565159871743	-27814.368038850473
-26357.067211698282	-28695.148979040103	0.2838115508916215	-27020.64182419899
-26301.51291243801	-28869.641064623505	0.23896814692044205	-26915.213738019997
-26486.600992995325	-29788.26081286642	0.8364283656447213	-29248.20292004495
-26235.192609731763	-29117.816029891514	0.20307413504349692	-26820.57886743683
-28962.61871850717	-29445.748534427712	0.9128494428317192	-29403.643501785627
-25450.67081454768	-29833.052221893817	0.5156991354467804	-27710.661117514126
-26338.102243834073	-28726.42211876578	0.35243955828031265	-27179.840645587094
-25907.31858452967	-29354.183440980763	0.45364664950453026	-27470.97727795362
-27798.129195633523	-29576.40340721188	0.888511462183354	-29378.14621552596
-25367.427995875496	-43159.20330782098	0.005496185131741768	-25465.2148868123
-25018.426563450623	-30196.194977729745	0.5848163880036691	-28046.470385408826
-25003.62295444819	-30217.070200148475	0.6856423403338149	-28578.183125197014
-32429.292161347144	-29211.835988716222	0.9520974561814086	-29365.960324010073
-25891.37478191015	-31149.88457892896	0.10326272918849198	-26434.382855014737
-25962.87442911195	-29904.116455262814	0.7990402371190256	-29112.085392231005
-26194.97125621598	-29286.813743935883	0.18538847301545153	-26768.16321381867
-25600.643048423404	-30001.098212817014	0.7657727250933211	-28970.391591312076
-26276.883107699938	-28836.959261663447	0.3789168759497772	-27246.93916615331
-25821.316908100598	-31791.878645601566	0.09037255126331013	-26360.891804793664
-26363.98460154439	-28673.903196868614	0.3295146046141388	-27125.1365141735
-30287.046799203817	-29335.619380644723	0.9313770229597466	-29400.909162543972
-25637.083515758557	-34170.63299889713	0.0592762504037559	-26142.92033175392
-25257.332827431674	-30007.28032199462	0.5428292512732212	-27835.743269492392
-25754.574793271626	-29957.747300627685	0.780668971499281	-29035.861151623336
-24908.324785274275	-30265.630220691986	0.6542285897248957	-28413.227165013122
-26242.858899378145	-28893.409595368863	0.38930140221125614	-27274.72200195935
-25925.500307956547	-29913.36427724464	0.795890036342885	-29099.40150740373
-25917.183187156235	-30938.744278632956	0.10830783577798035	-26461.05760120099
-28506.916433687507	-29492.24651669633	0.9045988458734916	-29398.24488958172
-26263.22765399597	-28859.95850300362	0.383300256814502	-27258.555255298743
-26343.402637985437	-28734.644438924573	0.2696313951205944	-26988.15650084334
-26266.253575310122	-28854.903878173347	0.38235682042823455	-27256.041674313492
-28740.23488655536	-29467.786259582885	0.9089838712764897	-29401.567350162444
-26025.624916899968	-30174.21799568784	0.13215191179170072	-26573.869423507604
-24960.583288777223	-30237.796191246256	0.6748351772179378	-28521.8321930317
-25109.722555202545	-30128.147461850567	0.5666860122294629	-27953.593753223926
-26181.69378096999	-29345.70364226898	0.18008992962050185	-26751.5000942099
-26121.043171148624	-29635.911341043742	0.1587278661152647	-26678.95069543254
-25518.973202774687	-30025.632344504153	0.7573535813152089	-28932.107643530424
-25963.606681684436	-30588.767027787148	0.11791725678298165	-26508.992901878293
-25886.149758174364	-29923.269740525444	0.7925043768383496	-29085.585014009157
-24921.6906613024	-30258.06260791902	0.661265881555729	-28450.4513608911
-25540.95735565194	-29746.948081098253	0.503723729816331	-27659.61469144665
-25150.23027762599	-30096.199483868753	0.5596776956184686	-27918.378925575846
-36924.78342161226	-29072.78078627167	0.9800296837700362	-29229.58776193793
-25412.21645042677	-40938.18149472519	0.015005164785879772	-25645.18611437628
-26044.8858725639	-29181.25978138104	0.43160471183389054	-27398.559629682255
-25041.673302961848	-30179.437542653915	0.579779173865223	-28020.4420093648
-26135.337910996343	-29056.756390919483	0.4146686575796052	-27346.75859029432
-26338.936266886038	-28748.09604848711	0.2657300069643087	-26979.122312429023
-30115.238156612573	-29348.144324066423	0.9293095048839989	-29402.37056688954
-26367.55899795388	-28666.86999694952	0.30193482946851935	-27061.80107233072
-28707.935888228672	-29471.087973600886	0.9083981115790877	-29401.181801428433
-26288.21789095884	-28817.47968826703	0.37500056460512965	-27236.692492983595
-26168.04088396383	-29407.93105684415	0.17489293214025498	-26734.674776111267
-26347.180427634572	-28708.593021129596	0.3464192694860873	-27165.219253228366
-29596.719352757085	-29388.920731066046	0.9225308247609859	-29405.018718904255
-26041.80712313166	-30074.99466929218	0.13619936176990316	-26591.124692817044
-25076.054255150237	-30184.759126019	0.699911874849067	-28651.697459370553
-25608.267600785322	-29998.865408425645	0.7665392336314871	-28973.833079438024
-27334.34674610562	-29641.356937607492	0.8746541700284877	-29352.182830400954
-26289.517223937237	-28911.60651443705	0.2316860246613338	-26897.018667960197
-24944.837398941727	-30245.77520379294	0.6700247566023784	-28496.596961401505
-25467.142094255054	-38402.400555490385	0.02796409479253098	-25828.864888030927
-24961.03254556281	-30237.572147071776	0.6749635288618773	-28522.504335176745
-25637.443115719267	-29651.256573732844	0.49103487861860856	-27608.3655198727
-26359.25701041461	-28689.079289746755	0.28663485250769677	-27027.065275820125
-26034.15324438743	-29195.407021175295	0.43345547480164265	-27404.4160011735
-36331.50003454355	-29085.396970424223	0.9770300718154279	-29251.839437425053
-26049.140704667687	-30031.160414369737	0.13808699460419427	-26599.00583883511
-24942.604785986343	-30246.928278443032	0.6692847284585614	-28492.707494291586
-25090.788881944773	-30142.731080965852	0.5701349759105233	-27971.07782588501
-26359.059267079076	-28684.35662588306	0.3359245060820647	-27140.183633829234
-26339.384657157098	-28746.734419053846	0.266110885517316	-26980.00663404534
-27005.476487720254	-29693.429301083885	0.8623282438005644	-29323.3741166869
-26267.99994409498	-28990.199781128387	0.21959624401447708	-26865.784803764338
-38190.07336199594	-29048.63315227644	0.985968854809172	-29176.89802711229
-25914.16118181242	-29345.97974921311	0.4526206655125166	-27467.47318570753
-26336.641387500407	-28729.244972685436	0.3533137562639165	-27181.98114743264
-26038.44932208683	-29189.758773742822	0.4327179596177261	-27402.077518131468
-26493.030038270826	-29786.97660595797	0.8368107871286579	-29249.440058336848
-25537.91271501816	-36207.71094588574	0.042054312404256125	-25986.623743109445
-25240.316435935772	-30021.80983366326	0.5453834278390697	-27848.06369537827
-24964.28765471603	-30235.95433189007	0.67588098458451	-28527.30691888577
-24898.401139517126	-30271.776192334026	0.6456776771830255	-28367.86946225316
-26278.150717318018	-28952.604927262037	0.22515928876418506	-26880.328925061393
-26038.800095632814	-29885.785137986088	0.8052428744466447	-29136.557389090613
-26206.032886536002	-29238.944853487505	0.18999814439476786	-26782.280532369474
-26136.212280719436	-29863.10172995882	0.8128112387273969	-29165.469910555767
-26147.110158178166	-29039.781307613426	0.4122409965861358	-27339.58779561732
-25454.638404619767	-38902.68276149241	0.025177787677810815	-25793.23041011889
-26349.431817765362	-28704.08699754289	0.34472480278765705	-27161.139860247105
-34771.744472653765	-29125.154004385826	0.9683254257588501	-29304.00735338235
-25524.323997261068	-36563.661893823715	0.039521585172307826	-25960.616130185954
-25580.687944054345	-29708.120646797994	0.4985051285403743	-27638.234314077312
-25028.865220662316	-30205.493317267206	0.6910153855495089	-28605.994880684164
-25060.602398655876	-30165.49133107782	0.5759244257527981	-28000.6326255928
-26353.364951606403	-28696.123083266295	0.34149300111443454	-27153.400456872187
-25512.193247761148	-30027.72205289538	0.7566364612621721	-28928.80698360532
-25591.79858639788	-34999.874889369006	0.05161086167467628	-26077.35751109532
-26741.750431866036	-29739.49120085142	0.8503390906597634	-29290.846591398767
-26011.611877312956	-29224.731112546502	0.43725698132197593	-27416.57069473875
-26325.610000756078	-28789.644107910135	0.25524715993393354	-26954.547708587495
-26219.01617682784	-28931.410844556453	0.3956956004824136	-27292.29881362001
-34118.01959797109	-29145.525157648433	0.9642465500756553	-29323.308988619592
-26244.21678345745	-29081.79626048618	0.20741423568606793	-26832.771161883837
-25657.31769686248	-29984.723196926614	0.7713962499916538	-28995.46207180521
-24925.84628896574	-30255.79487505664	0.6630599738823231	-28459.921859253296
-26664.206955288308	-29753.850073662965	0.8463751704266861	-29279.204176160296
-26042.551098027576	-30070.516048741858	0.1363892901461218	-26591.922378388954
-25586.308054889952	-30005.322014405818	0.7643229317116838	-28963.861759701973
-26104.040912731864	-29724.013510652723	0.15345342293537304	-26659.538098815076
-25510.65084360104	-30028.198630207717	0.7564729071403807	-28928.053350880986
-25130.486987927205	-30111.894660580438	0.563036597440597	-27935.201814402364
-26215.360134391864	-28937.137149975348	0.3966266446277529	-27294.88941950768
-25668.713219070756	-29619.182038760195	0.48689474462298354	-27592.175726174504
-29428.950660877963	-29403.15623468546	0.9201372790163536	-29405.216247747405
-25386.300048830864	-42305.38307837505	0.008994946713096013	-25538.486299116063
-25899.829351870692	-29363.118922163627	0.4547630176516439	-27474.80536785857
-24962.731410327866	-30234.440529599087	0.5990053908460913	-28120.513591743827
-25921.375172151405	-29337.289197605165	0.45153256546415743	-27463.771595469538
-26362.01607815513	-28681.549265278172	0.2906183635245808	-27036.115017137785
-28201.456356056136	-29526.55875721802	0.8982481240282374	-29391.72710204511
-26367.466294894843	-28667.110147384097	0.3016568102835582	-27061.169524224944
-34275.41402465393	-29140.385328086788	0.9652556294124985	-29318.79866809777
-26369.20293640148	-28662.494762640174	0.31472990235499904	-27090.970448945103
-25842.867640977507	-31582.812741558835	0.09423130450560815	-26383.75015559586
-26366.08552891805	-28670.708737859284	0.2981107414407679	-27053.118462477123
-28090.457828386607	-29539.729770566428	0.895739202349917	-29388.627521862876
-25870.178634060474	-31332.98305435704	0.09925078494719004	-26412.366260787887
-24901.336490988273	-30269.864692275558	0.6489094711615753	-28385.02528700161
-26602.77545182467	-29765.50672401044	0.8430761636081635	-29269.198799302616
-26788.446817635773	-29731.029599430396	0.8526236924989952	-29297.36261453347
-26358.47789904555	-28685.572281559413	0.3365592794506951	-27141.683107638175
-25489.096879521217	-30034.904819988304	0.7541709822339245	-28917.413319030053
-25853.27717241641	-31485.66767409202	0.09612616279437486	-26394.69725870197
-26051.892817487183	-29882.683252817744	0.8062856527076948	-29140.60418402408
-24957.470865734635	-30237.890348939087	0.6005878647356576	-28128.82672806096
-25940.43421656873	-29314.119649875036	0.44862435188156063	-27453.951657538033
-25349.907191782317	-29925.82865059888	0.5294872749334866	-27772.799375320763
-41402.67096477249	-28967.916497944265	0.9990069996347211	-28980.26421367198
-25569.62630301655	-35462.47687399733	0.04775557909625693	-26042.065110946474
-25153.79148806439	-30093.344052654364	0.5590821863406125	-27915.40733541973
-25850.60965732821	-29420.75275621184	0.4619453266081392	-27499.820577179802
-25784.363388872203	-32177.425237766038	0.08392600069031193	-26320.907502015674
-26176.43588833041	-29369.46459824315	0.17805922144377634	-26744.984094465097
-25724.37812535173	-29965.97835701659	0.7778390534106863	-29023.660434496473
-26022.572841705918	-30193.32647092854	0.13140578840610734	-26570.63401060155
-26389.83639365731	-29807.957310432765	0.830458086708983	-29228.44255034261
-25369.508443022933	-29908.095037199553	0.5267570910588897	-27760.241114890283
-26299.867957262035	-28797.052265921622	0.37064748640802797	-27225.44304436428
-25896.73092293402	-29366.802536968476	0.45522292586842106	-27476.38707604774
-27078.51892569146	-29681.37855473492	0.8652902597266401	-29330.748010138464
-25514.236545284763	-36844.788767431244	0.037597849157277624	-25940.240938601684
-25055.70559599835	-30169.12399624596	0.5769031056162873	-28005.652551416664
-25031.070833633567	-30204.499072614555	0.6914610664812829	-28608.295041123747
-25526.13235111168	-30023.43486863636	0.7581076327030141	-28935.57171622162
-26165.19794368423	-29421.10687133023	0.17384130569832704	-26731.20940290105
-26572.006769662654	-29771.44126789969	0.8413687179810685	-29263.91087170875
-26267.23365579466	-28993.074745653386	0.2191856843589232	-26864.699000529017
-26025.288816695327	-29889.004074300454	0.8041584710212532	-29132.328170712553
-26084.390786891126	-29128.094898952015	0.4245325362831541	-27376.5422132798
-26118.122661654863	-29650.8226881543	0.15780214521148336	-26675.590304225138
-26300.749705185444	-28795.48820941569	0.37030217330125154	-27224.556795120217
-32530.7441305132	-29207.199939989954	0.9529073117986052	-29363.71457027782
-25768.18363693599	-32358.03069230546	0.08115829172057115	-26303.004366649613
-25008.860025947884	-30202.965063189273	0.5870078833464978	-28057.840629738334
-24964.06232147161	-30236.066016685047	0.6758181646849276	-28526.97818298291
-24948.180470957297	-30243.90058813109	0.6035439064978717	-28144.380078195736
-26340.691360726152	-28721.389086312727	0.3508332580362884	-27175.919300193273
-25662.2523557182	-29983.3211389335	0.7718779749774984	-28997.590177844908
-25329.598308299697	-44254.07651584939	0.0012177160059079859	-25352.642948316487
-30615.64494530389	-29312.90640863547	0.9351206918030109	-29397.427183656077
-26349.826099123322	-28715.750709155116	0.27575970794722376	-27002.25277861084
-26103.82844878059	-29725.134460936402	0.1533892193948083	-26659.297751174898
-26369.201707479093	-28662.61437504041	0.30985041526535323	-27079.816574897788
-28726.981056439807	-29469.137921960468	0.9087442918474532	-29401.411871637105
-26035.439280576506	-30113.62473855666	0.13458782342148043	-26584.31338487519
-24950.056898621013	-30243.10165294479	0.6716931405008615	-28505.358752464363
-25107.988182338588	-30129.492879412912	0.5669968460640524	-27955.165508075555
-26327.63540894989	-28783.19889115844	0.256752020660201	-26958.106294866335
-26113.062645277798	-29676.874151522272	0.15621795177779538	-26669.79397930545
-25518.383339341028	-30025.81381702239	0.7572913079434079	-28931.821261248326
-26006.49770842968	-30296.097543625026	0.12756037519020252	-26553.68067282303
-25760.03499738846	-29956.27227370359	0.7811760726702871	-29038.035152892975
-25095.84374467574	-30176.370062270573	0.7033180899847722	-28669.069810483907
-25448.012767502012	-29835.54822415508	0.516056058083634	-27712.22701996457
-25104.005498118495	-30132.575197394	0.5677143764125346	-27958.796809189655
-34933.67299034391	-29120.486247658555	0.9692923576188718	-29298.99550724765
-25474.990052818743	-38109.51278696224	0.029658354786644858	-25849.7092106279
-25738.734312581622	-29545.30263406672	0.47750770536850945	-27556.40001710243
-24903.06687503938	-30270.922705931916	0.6248030601034686	-28256.919624375285
-25582.813128992595	-29706.02160607182	0.4982259636910475	-27637.102645984487
-26368.041167091567	-28665.62348176897	0.30351223282104495	-27065.38550550945
-26849.3749449832	-29720.19212735814	0.8554948809277093	-29305.34434858427
-26301.559201564436	-28869.48179015482	0.23899713174053103	-26915.285334769258
-29124.75262697824	-29430.408913361312	0.9154991191543527	-29404.580687925933
-26351.60282218069	-28699.706203342816	0.3429888896232804	-27156.976193606155
-25460.66502668078	-38656.16109617627	0.02653445617247246	-25810.80033881084
-26364.907697662864	-28673.811274558833	0.2956318963650402	-27047.493240624644
-29023.24929207615	-29439.942822046916	0.9138559619915093	-29404.047158763224
-25788.50441704851	-32132.404681747437	0.08463919769825577	-26325.44704573038
-24938.95002247815	-30248.828896283896	0.6680350231639	-28486.135078938474
-25926.01470900942	-29913.235950499984	0.7959338270950532	-29099.578971223695
-33902.05653992256	-29152.836405424845	0.9628320661561953	-29329.35510519352
-26159.52169235289	-29447.642966354913	0.17177196236082884	-26724.328736068604
-24906.364770599437	-30266.78949223112	0.6529256698792119	-28406.323672807892
-25511.254937680365	-36930.89395355899	0.03702133109963435	-25934.02517472551
-24895.53533502817	-30273.974219069234	0.6394752506685848	-28334.91388860599
-25800.640146477643	-29477.43559614512	0.4690058770359885	-27525.078821030867
-26353.9997387415	-28703.78052660273	0.28020398769756966	-27012.417685715354
-26119.709404079462	-29078.99677093702	0.41779848367253186	-27356.09517870383
-36140.04317731592	-29089.71871755783	0.9760288129709074	-29258.723363798475
-26022.689354745045	-30192.594670004837	0.13143417485071943	-26570.757419061847
-24918.239224438512	-30259.972356903352	0.6596652634452823	-28441.995018520323
-25112.808194595444	-30125.74914336885	0.5661354011380663	-27950.811529510713
-26322.0355113746	-28756.86716709716	0.36107719432493196	-27201.19769427643
-26334.857204359352	-28760.594478438772	0.2623608084224663	-26971.27559660734
-26863.437897211923	-29717.722691766296	0.8561405844814258	-29307.10694949815
-26289.90335886181	-28910.234563012684	0.23191376690939597	-26897.594238966674
-30872.978381300116	-29296.184170909313	0.9378795639731398	-29394.13531478342
-25978.624540475317	-29266.740500757776	0.4426342050004532	-27434.057134504244
-26367.709289618255	-28665.780073329115	0.32185723162765784	-27107.359990147834
-26122.594009178956	-29074.91647235048	0.4172283340148007	-27354.386591962484
-26491.73563706161	-29787.23492343804	0.8367339318282015	-29249.191712288393
-25418.719127927776	-40595.42645286587	0.01660467871697999	-25670.72347704001
-25365.066387636103	-29912.127888513183	0.5273734425130159	-27763.06586467205
-24907.24939384813	-30266.264111311502	0.6535270238696836	-28409.510333025803
-24895.387490489673	-30274.20211854196	0.6380052378091683	-28327.099396391608
-26272.243184037365	-28974.37333518263	0.22189310543249025	-26871.827234557753
-26976.183503702316	-29698.344860911922	0.8610999249466412	-29320.236444088154
-26314.959377085775	-28824.265009733816	0.247725269417027	-26936.577790983174
-26983.126553025086	-29697.175418708168	0.8613932209762207	-29320.989847322693
-25767.726926927804	-29513.829888333184	0.47355489310284105	-27541.712314368364
-26181.47470164048	-29346.688645852515	0.1800045681633715	-26751.22767081305
-26155.69990610051	-29027.269720363856	0.41042812072273194	-27334.27290849274
-38943.30224492775	-29034.88178445327	0.9892522137560468	-29141.375369577665
-25590.360586659808	-35028.617651618755	0.051363370641057636	-26075.141282492874
-25363.192735699446	-29913.82649095173	0.5276338242296026	-27764.261026651526
-25267.469092674317	-30109.52948338564	0.7282594223202903	-28793.745195653704
-25009.795200108096	-30202.306635863708	0.5867901749761556	-28056.70989406082
-26344.663272849146	-28713.589121463163	0.3482059911333563	-27169.537445887217
-25562.821552655125	-30012.31679336274	0.7619225115706858	-28952.992141676885
-25778.382241888703	-32243.305406771244	0.0828994805625762	-26314.32101413443
-26501.97476888943	-29785.194849442545	0.8373399574647608	-29251.146131487225
-25957.53347529914	-29293.066902999188	0.4459707847067075	-27445.083935465984
-26358.189277377027	-28692.028902681443	0.28522768414307714	-27023.864948863953
-26171.973876619624	-29003.262251427277	0.4068879044796114	-27323.990870422596
-29977.845012880745	-29358.500577909403	0.9275961550846568	-29403.34349632825
-26069.030744688334	-29915.70157910083	0.14338900323110898	-26620.60104139292
-25135.34445018704	-30160.0994804784	0.7096931109950436	-28701.378479622508
-24987.70849911144	-30217.65183450514	0.592165343160563	-28084.69968902515
-25982.13361553725	-30458.937165258958	0.12198090545149141	-26528.218166060753
-26003.06097232158	-30318.542170104687	0.12675587274291977	-26550.073557852236
-25232.205895472383	-30122.50756535144	0.7236218113377695	-28770.934847818386
-25846.615537420537	-31547.55622105587	0.09491107447461973	-26387.69794322044
-25337.241041124318	-30084.820759686216	0.7369414751603902	-28835.929442362874
-24926.568879629456	-30257.40573983558	0.6115740516022936	-28186.770376656565
-25956.796475567662	-29293.979600551822	0.4460860738938543	-27445.46739365667
-25410.997919341517	-29870.04513134082	0.5210601865520424	-27734.429891470238
-31807.38315366353	-29242.399602314646	0.9468533019788415	-29378.720008547425
-25432.238147638902	-39913.79983339558	0.019913368660223526	-25720.614824263143
-25595.072176920665	-29693.86833493144	0.4966151158562177	-27630.596305802206
-24896.29301542183	-30274.1432976913	0.6332540105075561	-28301.838274578164
-25239.994481914513	-30022.083336828866	0.5454321239605486	-27848.299363018516
-26367.692238348904	-28665.817729610222	0.32190730602023604	-27107.475624137267
-30211.674835996328	-29341.057094843214	0.9304798983273816	-29401.582528726165
-26343.432773273245	-28716.016168984796	0.34904317983407956	-27171.56682613394
-40558.275320427754	-28999.88556077343	0.995788283794466	-29048.566218234042
-26276.088863503617	-28960.167228047303	0.2240100256328927	-26877.34932674574
-25990.329720707945	-30403.179646355424	0.12382642730323311	-26536.75716122621
-26361.260237434588	-28683.598482736466	0.28946820098113557	-27033.50331137181
-27492.962525877723	-29618.115587399134	0.8797868494626956	-29362.644242499646
-25877.64326120346	-31267.464208206577	0.10065120320680594	-26420.13522458857
-24901.562032700098	-30271.704151450205	0.6261379865117851	-28264.01200621642
-25144.86332873075	-30156.266484095628	0.7111580238065375	-28708.762893197883
-25006.61162749988	-30215.679553273698	0.6863074915346568	-28581.633968871345
-26306.629349337414	-28852.162858045427	0.24221758038562635	-26923.202316607203
-24950.955863710216	-30242.644180675456	0.6719724542488456	-28506.82464918129
-25412.77797040305	-40908.31513205891	0.015142932370300326	-25647.425841683482
-25000.45594534542	-30218.550029049762	0.6849278691230102	-28574.47400698042
-25628.51318467544	-29660.31709392376	0.4922132195893211	-27613.02036759937
-26348.221353604968	-28720.418893835955	0.2741594184623229	-26998.581651712448
-26034.653694957997	-29194.750053603395	0.43336978480764826	-27404.143973875587
-37042.58389627343	-29070.39819554728	0.9806077831840888	-29224.99654915247
-25821.94182494851	-31785.659896049372	0.09048331545200453	-26361.558808442747
-24948.60201879112	-30243.63027229621	0.6034047407335904	-28143.647169274394
-25517.9522494411	-29769.114242031912	0.506751803701426	-27672.236257013443
-26207.540645670866	-29232.502767585156	0.19064077576972957	-26784.221771266653
-26255.798910930385	-29036.58220965066	0.21320607545873846	-26848.67880475174
-26140.881387570604	-29862.036819623016	0.8131629462069929	-29166.787101992497
-26154.818834979156	-29469.86234074609	0.17008743257643666	-26718.666073754244
-27644.850880549122	-29596.885374643	0.8843005792801432	-29371.03611445116
-25307.983499541962	-30095.032172547733	0.7333726119133817	-28818.673888220692
-25984.445791860922	-29259.402412359465	0.44169999869262805	-27430.99412685354
-25487.08430230273	-29798.622049149257	0.5108375940104617	-27689.579871387097
-28411.237056238333	-29502.70256304978	0.9026900114703286	-29396.492067101426
-25714.942600013903	-33010.94328087149	0.07221148797049008	-26241.797665412338
-24898.76016683898	-30271.534384540202	0.6461397274242406	-28370.323035376434
-25415.803212870684	-30058.386391379358	0.7460959951539977	-28879.615929525324
-28874.619369124648	-29454.326893807156	0.911353505699899	-29402.93785402466
-26171.303451255917	-29392.903906869786	0.17611253285164688	-26738.667667330094
-25963.39326776051	-29903.989142469847	0.79908351999613	-29112.258490205477
-26197.624764610377	-29275.232872345034	0.1864776678887004	-26771.52994721609
-25707.57986533302	-29970.612432859783	0.776245890448487	-29016.741376723734
-26248.28371595772	-28884.594492145392	0.3877577589177717	-27270.533674343023
-25739.395479345272	-32699.175232306527	0.07629604454638643	-26270.399145410243
-26361.630841440317	-28678.935176324925	0.3328542318580414	-27132.955395809644
-31047.196326361587	-29285.360364538494	0.9396698801616528	-29391.65213925079
-25643.970649343053	-34055.93166879934	0.060426283653611745	-26152.274191987843
-25212.87769670234	-30044.92874217312	0.5495874050978018	-27868.512092082747
-25435.59651095779	-30051.938209529213	0.7483168283474707	-28890.082689400933
-24918.67867330439	-30259.727755006927	0.6598754552040494	-28443.10586736002
-26247.23132004368	-28886.30975083071	0.3880601031860451	-27271.352368210963
-25939.617887678913	-29909.85304730054	0.7970874790977236	-29104.242622486865
-25808.787033873657	-31918.618566558478	0.08816475058487565	-26347.458807068422
-30010.30121363516	-29356.026138358688	0.9280059206908948	-29403.130070018113
-26224.600727908175	-28922.613877737505	0.3942497943463391	-27288.291857372107
-26325.946203786076	-28788.571112770303	0.2554951085425	-26955.134822206466
-26275.865829231057	-28838.689714244534	0.37925515361864764	-27247.829995439384
-31425.87543674783	-29263.129558639426	0.9433673746271184	-29385.611535731085
-26170.19854804922	-29397.98187191224	0.1756979632660111	-26737.313503915946
-25245.786025959023	-30117.46836205768	0.7254303443588318	-28779.85222064191
-24906.86956894339	-30268.87585317363	0.6219179756317291	-28241.597662556473
-25234.927585445403	-30026.380799111324	0.5462003922269119	-27852.021210086627
-26231.25207133683	-29133.761363466892	0.2012242735221234	-26815.307395036914
-26023.674236234783	-29889.38995930882	0.804028323638392	-29131.819168720576
-26177.237779207495	-29365.824410084562	0.17836652236610726	-26745.9748878201
-26553.744562303644	-29774.994544738023	0.840337432652863	-29260.68150247563
-24913.35891014294	-30265.224033242088	0.6179261986349714	-28220.41658126668
-25793.868830606552	-29484.98243207887	0.46994769492917127	-27528.49915934018
-25273.365959725572	-29993.459787829597	0.5404557013842997	-27824.367580193237
-39771.83792810706	-29018.700040802203	0.9926818444691466	-29097.393176306214
-25344.516236936266	-43917.30866415552	0.002516512005071132	-25391.254892047058
-26245.806965465134	-28888.62727231129	0.38846706978779005	-27272.455626041326
-25282.81909011268	-29985.253075299126	0.5390701280172321	-27817.76078049972
-26365.803043116986	-28669.963613696927	0.32634513517762737	-27117.754635993857
-26296.64628690714	-28886.501681013015	0.2359603140683286	-26907.749379091918
-26966.395034153087	-29699.998190759372	0.8606841219445913	-29319.163866741732
-26318.829229626757	-28811.546533741413	0.25038895362122215	-26942.97810707754
-27784.39283627008	-29578.20209744195	0.888146985319077	-29377.55912381732
-26364.368263135973	-28673.07599609968	0.3289003213814113	-27123.702978483485
-25770.41357535386	-32332.683514270313	0.0815380661571516	-26305.48837577432
-26367.07340511385	-28668.129905569676	0.30054681424392715	-27058.64860572113
-28386.43836966215	-29505.454919220556	0.9021838522301195	-29395.997031052008
-25861.598357061008	-31409.731013713303	0.09765678575538646	-26403.411159254163
-24913.81584946248	-30262.460781845628	0.6574255066292697	-28430.151453914546
-26601.46766046055	-29765.757645567628	0.8430043503143808	-29268.977883562045
-27776.15438713024	-29579.284278503656	0.8879272184934303	-29377.202496159796
-26326.71705992763	-28786.115620820998	0.2560663585467372	-26956.486293630678
